# Dynamic Strategy Switching Simulation Results
# Schedule file: example_schedule.txt
# Miner 0: selfish (0-6666), stubborn-trail (6667-13333), petty (13334-19999)
# Miner 1: default-selfish (0-19999)
Gamma, Miner0_ProfitFraction, Miner0_HashRate, Miner1_HashRate, Miner0_BlockFraction
0, 0.000896331, 0.005, 0.995, 0.00146169
0, 0.00316526, 0.005, 0.995, 0.00235825
0, 0.00175369, 0.005, 0.995, 0.00218027
0, 0.00122955, 0.005, 0.995, 0.0016053
0, 0.00201824, 0.005, 0.995, 0.00176518
0, 0.00174356, 0.005, 0.995, 0.00189479
0, 0.00146772, 0.005, 0.995, 0.00144949
0, 0.00171764, 0.005, 0.995, 0.00162908
0, 0.00138938, 0.005, 0.995, 0.00170298
0, 0.000974159, 0.005, 0.995, 0.00131579
0, 0.00217322, 0.005, 0.995, 0.00150981
0, 0.00137228, 0.005, 0.995, 0.00220651
0, 0.00164154, 0.005, 0.995, 0.00218492
0, 0.00167252, 0.005, 0.995, 0.00185139
0, 0.00103098, 0.005, 0.995, 0.0013751
0, 0.00198045, 0.005, 0.995, 0.00159681
0, 0.00251136, 0.005, 0.995, 0.00203899
0, 0.00134888, 0.005, 0.995, 0.00136102
0, 0.00155305, 0.005, 0.995, 0.00142534
0, 0.00229291, 0.005, 0.995, 0.0019975
0, 0.00208538, 0.005, 0.995, 0.00156843
0, 0.00160023, 0.005, 0.995, 0.00186737
0, 0.00220562, 0.005, 0.995, 0.00250903
0, 0.00214299, 0.005, 0.995, 0.00208673
0, 0.0012841, 0.005, 0.995, 0.00132552
0, 0.00298964, 0.01, 0.99, 0.0034609
0, 0.00391975, 0.01, 0.99, 0.00419099
0, 0.00328863, 0.01, 0.99, 0.00367056
0, 0.00437591, 0.01, 0.99, 0.00369225
0, 0.0035194, 0.01, 0.99, 0.00358295
0, 0.00424075, 0.01, 0.99, 0.00390467
0, 0.00464911, 0.01, 0.99, 0.0043842
0, 0.00386461, 0.01, 0.99, 0.00392236
0, 0.00365007, 0.01, 0.99, 0.0036904
0, 0.00388679, 0.01, 0.99, 0.00388911
0, 0.00256983, 0.01, 0.99, 0.00279046
0, 0.00368969, 0.01, 0.99, 0.00362355
0, 0.00327715, 0.01, 0.99, 0.00342259
0, 0.00367162, 0.01, 0.99, 0.00380019
0, 0.00465698, 0.01, 0.99, 0.00386004
0, 0.00345343, 0.01, 0.99, 0.0034766
0, 0.00308453, 0.01, 0.99, 0.00326633
0, 0.00348909, 0.01, 0.99, 0.00350556
0, 0.00531477, 0.01, 0.99, 0.00461929
0, 0.00305888, 0.01, 0.99, 0.00285285
0, 0.00323156, 0.01, 0.99, 0.00334749
0, 0.00367817, 0.01, 0.99, 0.00386876
0, 0.00424675, 0.01, 0.99, 0.00344914
0, 0.00415815, 0.01, 0.99, 0.00392337
0, 0.00338521, 0.01, 0.99, 0.00294956
0, 0.0058213, 0.015, 0.985, 0.00533187
0, 0.00415169, 0.015, 0.985, 0.00415548
0, 0.00613947, 0.015, 0.985, 0.00547584
0, 0.00590295, 0.015, 0.985, 0.00587818
0, 0.00372957, 0.015, 0.985, 0.00414204
0, 0.00566503, 0.015, 0.985, 0.00507715
0, 0.00644636, 0.015, 0.985, 0.00542585
0, 0.00565395, 0.015, 0.985, 0.00595208
0, 0.00583888, 0.015, 0.985, 0.00525376
0, 0.00564, 0.015, 0.985, 0.00552098
0, 0.00727451, 0.015, 0.985, 0.00619845
0, 0.00595552, 0.015, 0.985, 0.00584147
0, 0.00677664, 0.015, 0.985, 0.00670194
0, 0.00685869, 0.015, 0.985, 0.00621966
0, 0.00519944, 0.015, 0.985, 0.00516874
0, 0.00529473, 0.015, 0.985, 0.00522088
0, 0.00651935, 0.015, 0.985, 0.00628612
0, 0.00644335, 0.015, 0.985, 0.00522193
0, 0.00630727, 0.015, 0.985, 0.00587971
0, 0.00476727, 0.015, 0.985, 0.00489751
0, 0.00540755, 0.015, 0.985, 0.00547029
0, 0.00687285, 0.015, 0.985, 0.00619616
0, 0.00561918, 0.015, 0.985, 0.00527718
0, 0.00562519, 0.015, 0.985, 0.00531942
0, 0.00679386, 0.015, 0.985, 0.00554911
0, 0.00870211, 0.02, 0.98, 0.00836036
0, 0.00744567, 0.02, 0.98, 0.00782123
0, 0.00613173, 0.02, 0.98, 0.00691901
0, 0.00867527, 0.02, 0.98, 0.0073142
0, 0.00820066, 0.02, 0.98, 0.00773391
0, 0.00957212, 0.02, 0.98, 0.00951899
0, 0.00695923, 0.02, 0.98, 0.00750976
0, 0.00661605, 0.02, 0.98, 0.00746534
0, 0.00825157, 0.02, 0.98, 0.00834716
0, 0.00759793, 0.02, 0.98, 0.00669666
0, 0.00705302, 0.02, 0.98, 0.00732563
0, 0.00799045, 0.02, 0.98, 0.00801169
0, 0.0100186, 0.02, 0.98, 0.00871493
0, 0.00676259, 0.02, 0.98, 0.00758508
0, 0.00711238, 0.02, 0.98, 0.00638063
0, 0.00949356, 0.02, 0.98, 0.00834339
0, 0.00741615, 0.02, 0.98, 0.00746989
0, 0.0073316, 0.02, 0.98, 0.00755616
0, 0.00609836, 0.02, 0.98, 0.00688927
0, 0.00571393, 0.02, 0.98, 0.0059475
0, 0.0087076, 0.02, 0.98, 0.00805267
0, 0.007259, 0.02, 0.98, 0.00789434
0, 0.00856195, 0.02, 0.98, 0.00737656
0, 0.00709419, 0.02, 0.98, 0.00739947
0, 0.00840891, 0.02, 0.98, 0.00789594
0, 0.00936819, 0.025, 0.975, 0.0104125
0, 0.00872822, 0.025, 0.975, 0.00954883
0, 0.00849973, 0.025, 0.975, 0.0087987
0, 0.0104348, 0.025, 0.975, 0.00961143
0, 0.00943819, 0.025, 0.975, 0.00893224
0, 0.00972416, 0.025, 0.975, 0.0103716
0, 0.0108334, 0.025, 0.975, 0.010487
0, 0.00919708, 0.025, 0.975, 0.00918555
0, 0.00850216, 0.025, 0.975, 0.00970036
0, 0.00906951, 0.025, 0.975, 0.00915714
0, 0.00831263, 0.025, 0.975, 0.00935958
0, 0.010999, 0.025, 0.975, 0.00951183
0, 0.0107474, 0.025, 0.975, 0.00939325
0, 0.0101066, 0.025, 0.975, 0.00956914
0, 0.00893429, 0.025, 0.975, 0.00912009
0, 0.00936046, 0.025, 0.975, 0.0093631
0, 0.0103281, 0.025, 0.975, 0.00991019
0, 0.00879333, 0.025, 0.975, 0.00961877
0, 0.0105945, 0.025, 0.975, 0.0104494
0, 0.00882807, 0.025, 0.975, 0.0100334
0, 0.00946701, 0.025, 0.975, 0.00914415
0, 0.00929357, 0.025, 0.975, 0.00946758
0, 0.0100176, 0.025, 0.975, 0.0094777
0, 0.00926321, 0.025, 0.975, 0.00937293
0, 0.0093277, 0.025, 0.975, 0.00882203
0, 0.0111989, 0.03, 0.97, 0.011366
0, 0.0131874, 0.03, 0.97, 0.0133192
0, 0.0114294, 0.03, 0.97, 0.0105772
0, 0.0105589, 0.03, 0.97, 0.0112016
0, 0.0113324, 0.03, 0.97, 0.0118454
0, 0.0141253, 0.03, 0.97, 0.0126699
0, 0.0118422, 0.03, 0.97, 0.0116857
0, 0.0113042, 0.03, 0.97, 0.0116291
0, 0.0101966, 0.03, 0.97, 0.0108852
0, 0.0118853, 0.03, 0.97, 0.0118902
0, 0.00987231, 0.03, 0.97, 0.0102638
0, 0.0140878, 0.03, 0.97, 0.0131884
0, 0.0120877, 0.03, 0.97, 0.0120043
0, 0.0119121, 0.03, 0.97, 0.0124217
0, 0.0123727, 0.03, 0.97, 0.0111372
0, 0.0124639, 0.03, 0.97, 0.0117611
0, 0.0129229, 0.03, 0.97, 0.0115233
0, 0.0112429, 0.03, 0.97, 0.0108975
0, 0.0149368, 0.03, 0.97, 0.0136665
0, 0.0135022, 0.03, 0.97, 0.0123913
0, 0.0130579, 0.03, 0.97, 0.011514
0, 0.0129317, 0.03, 0.97, 0.0123627
0, 0.0124526, 0.03, 0.97, 0.0113474
0, 0.0118275, 0.03, 0.97, 0.011892
0, 0.0108029, 0.03, 0.97, 0.0104451
0, 0.0162733, 0.035, 0.965, 0.0151943
0, 0.0137285, 0.035, 0.965, 0.0137181
0, 0.0160401, 0.035, 0.965, 0.0143922
0, 0.0153438, 0.035, 0.965, 0.0142091
0, 0.0136111, 0.035, 0.965, 0.0145428
0, 0.0153158, 0.035, 0.965, 0.0142952
0, 0.0143611, 0.035, 0.965, 0.0147811
0, 0.0142592, 0.035, 0.965, 0.0137057
0, 0.014294, 0.035, 0.965, 0.0145614
0, 0.015558, 0.035, 0.965, 0.0145758
0, 0.0144065, 0.035, 0.965, 0.0150123
0, 0.0156091, 0.035, 0.965, 0.0142981
0, 0.0161884, 0.035, 0.965, 0.0154948
0, 0.0144805, 0.035, 0.965, 0.0147294
0, 0.0141534, 0.035, 0.965, 0.0144475
0, 0.0132325, 0.035, 0.965, 0.0135657
0, 0.0156141, 0.035, 0.965, 0.0157937
0, 0.0151171, 0.035, 0.965, 0.0149001
0, 0.0130725, 0.035, 0.965, 0.013662
0, 0.0146679, 0.035, 0.965, 0.0149415
0, 0.0159659, 0.035, 0.965, 0.0137741
0, 0.0144753, 0.035, 0.965, 0.0135018
0, 0.0155923, 0.035, 0.965, 0.0149467
0, 0.0129779, 0.035, 0.965, 0.014336
