# B5 Focused Dynamic Strategy Switching Simulation Results
# Schedule file: schedule_b5_pure_stubborn_lead.txt
# Gamma (connectivity) range: 0.8 - 1.0 in 0.05 increments
# Hash rate range: 0.15 - 0.3 (15% - 30%) in 0.01 increments
Gamma, Miner0_ProfitFraction, Miner0_HashRate, Miner1_HashRate, Miner0_BlockFraction
0.8, 0.14752, 0.15, 0.85, 0.149623
0.8, 0.149149, 0.15, 0.85, 0.152395
0.8, 0.156668, 0.15, 0.85, 0.148648
0.8, 0.152364, 0.15, 0.85, 0.150649
0.8, 0.155067, 0.15, 0.85, 0.151973
0.8, 0.149017, 0.15, 0.85, 0.145878
0.8, 0.149669, 0.15, 0.85, 0.149348
0.8, 0.152517, 0.15, 0.85, 0.15235
0.8, 0.15411, 0.15, 0.85, 0.147711
0.8, 0.154603, 0.15, 0.85, 0.151421
0.8, 0.154479, 0.15, 0.85, 0.149695
0.8, 0.150808, 0.15, 0.85, 0.150295
0.8, 0.15561, 0.15, 0.85, 0.152385
0.8, 0.149051, 0.15, 0.85, 0.149988
0.8, 0.157554, 0.15, 0.85, 0.152423
0.8, 0.152863, 0.15, 0.85, 0.151404
0.8, 0.147587, 0.15, 0.85, 0.145754
0.8, 0.152, 0.15, 0.85, 0.150713
0.8, 0.150879, 0.15, 0.85, 0.15447
0.8, 0.150902, 0.15, 0.85, 0.146457
0.8, 0.157788, 0.15, 0.85, 0.1539
0.8, 0.156124, 0.15, 0.85, 0.151387
0.8, 0.156125, 0.15, 0.85, 0.151825
0.8, 0.152794, 0.15, 0.85, 0.14992
0.8, 0.157179, 0.15, 0.85, 0.153111
0.8, 0.158496, 0.16, 0.84, 0.160312
0.8, 0.172771, 0.16, 0.84, 0.165836
0.8, 0.168353, 0.16, 0.84, 0.163897
0.8, 0.176921, 0.16, 0.84, 0.169594
0.8, 0.167581, 0.16, 0.84, 0.163804
0.8, 0.164751, 0.16, 0.84, 0.162825
0.8, 0.169786, 0.16, 0.84, 0.167491
0.8, 0.166448, 0.16, 0.84, 0.166271
0.8, 0.156975, 0.16, 0.84, 0.155445
0.8, 0.173622, 0.16, 0.84, 0.167529
0.8, 0.167025, 0.16, 0.84, 0.163813
0.8, 0.165969, 0.16, 0.84, 0.166502
0.8, 0.168574, 0.16, 0.84, 0.164123
0.8, 0.174208, 0.16, 0.84, 0.168248
0.8, 0.170188, 0.16, 0.84, 0.170601
0.8, 0.163967, 0.16, 0.84, 0.159456
0.8, 0.166918, 0.16, 0.84, 0.164186
0.8, 0.175055, 0.16, 0.84, 0.164267
0.8, 0.170994, 0.16, 0.84, 0.166015
0.8, 0.169416, 0.16, 0.84, 0.172174
0.8, 0.168948, 0.16, 0.84, 0.16497
0.8, 0.17324, 0.16, 0.84, 0.167426
0.8, 0.164404, 0.16, 0.84, 0.161462
0.8, 0.16744, 0.16, 0.84, 0.158075
0.8, 0.170969, 0.16, 0.84, 0.165998
0.8, 0.189313, 0.17, 0.83, 0.183748
0.8, 0.179942, 0.17, 0.83, 0.173316
0.8, 0.174449, 0.17, 0.83, 0.173404
0.8, 0.184888, 0.17, 0.83, 0.178108
0.8, 0.178783, 0.17, 0.83, 0.178176
0.8, 0.17787, 0.17, 0.83, 0.177783
0.8, 0.172592, 0.17, 0.83, 0.166931
0.8, 0.183486, 0.17, 0.83, 0.178996
0.8, 0.176524, 0.17, 0.83, 0.173983
0.8, 0.17387, 0.17, 0.83, 0.171154
0.8, 0.180387, 0.17, 0.83, 0.175102
0.8, 0.185765, 0.17, 0.83, 0.181909
0.8, 0.175825, 0.17, 0.83, 0.173408
0.8, 0.181327, 0.17, 0.83, 0.177184
0.8, 0.178439, 0.17, 0.83, 0.17403
0.8, 0.181676, 0.17, 0.83, 0.180234
0.8, 0.178245, 0.17, 0.83, 0.174744
0.8, 0.178835, 0.17, 0.83, 0.177117
0.8, 0.176265, 0.17, 0.83, 0.176813
0.8, 0.178696, 0.17, 0.83, 0.174342
0.8, 0.181236, 0.17, 0.83, 0.176173
0.8, 0.172799, 0.17, 0.83, 0.171484
0.8, 0.178445, 0.17, 0.83, 0.171808
0.8, 0.180308, 0.17, 0.83, 0.176058
0.8, 0.182458, 0.17, 0.83, 0.175035
0.8, 0.195918, 0.18, 0.82, 0.190288
0.8, 0.185349, 0.18, 0.82, 0.180298
0.8, 0.192785, 0.18, 0.82, 0.191002
0.8, 0.194299, 0.18, 0.82, 0.186044
0.8, 0.190022, 0.18, 0.82, 0.182605
0.8, 0.192114, 0.18, 0.82, 0.192166
0.8, 0.194806, 0.18, 0.82, 0.19107
0.8, 0.19782, 0.18, 0.82, 0.192661
0.8, 0.195113, 0.18, 0.82, 0.191048
0.8, 0.187273, 0.18, 0.82, 0.189492
0.8, 0.194905, 0.18, 0.82, 0.192317
0.8, 0.186516, 0.18, 0.82, 0.1902
0.8, 0.180846, 0.18, 0.82, 0.18205
0.8, 0.191456, 0.18, 0.82, 0.188137
0.8, 0.189165, 0.18, 0.82, 0.184093
0.8, 0.202023, 0.18, 0.82, 0.19309
0.8, 0.194083, 0.18, 0.82, 0.184706
0.8, 0.188417, 0.18, 0.82, 0.186454
0.8, 0.190891, 0.18, 0.82, 0.192765
0.8, 0.196729, 0.18, 0.82, 0.188952
0.8, 0.188584, 0.18, 0.82, 0.188224
0.8, 0.193152, 0.18, 0.82, 0.190578
0.8, 0.190157, 0.18, 0.82, 0.191401
0.8, 0.195893, 0.18, 0.82, 0.18825
0.8, 0.185699, 0.18, 0.82, 0.184098
0.8, 0.199195, 0.19, 0.81, 0.201221
0.8, 0.207576, 0.19, 0.81, 0.205783
0.8, 0.213153, 0.19, 0.81, 0.204781
0.8, 0.212777, 0.19, 0.81, 0.204767
0.8, 0.216761, 0.19, 0.81, 0.209594
0.8, 0.207555, 0.19, 0.81, 0.204148
0.8, 0.203822, 0.19, 0.81, 0.195657
0.8, 0.205761, 0.19, 0.81, 0.202873
0.8, 0.203514, 0.19, 0.81, 0.200777
0.8, 0.201581, 0.19, 0.81, 0.1994
0.8, 0.204518, 0.19, 0.81, 0.202507
0.8, 0.205, 0.19, 0.81, 0.197419
0.8, 0.204886, 0.19, 0.81, 0.199255
0.8, 0.21026, 0.19, 0.81, 0.203886
0.8, 0.205774, 0.19, 0.81, 0.204208
0.8, 0.197631, 0.19, 0.81, 0.199566
0.8, 0.21411, 0.19, 0.81, 0.207388
0.8, 0.202262, 0.19, 0.81, 0.197832
0.8, 0.206143, 0.19, 0.81, 0.202503
0.8, 0.213823, 0.19, 0.81, 0.206436
0.8, 0.206907, 0.19, 0.81, 0.199881
0.8, 0.207283, 0.19, 0.81, 0.203882
0.8, 0.203632, 0.19, 0.81, 0.199988
0.8, 0.195095, 0.19, 0.81, 0.191356
0.8, 0.209509, 0.19, 0.81, 0.202647
0.8, 0.226793, 0.2, 0.8, 0.218007
0.8, 0.214677, 0.2, 0.8, 0.2153
0.8, 0.224699, 0.2, 0.8, 0.218946
0.8, 0.215605, 0.2, 0.8, 0.213403
0.8, 0.225491, 0.2, 0.8, 0.222921
0.8, 0.224928, 0.2, 0.8, 0.218985
0.8, 0.221241, 0.2, 0.8, 0.213495
0.8, 0.225561, 0.2, 0.8, 0.217563
0.8, 0.216425, 0.2, 0.8, 0.214536
0.8, 0.224662, 0.2, 0.8, 0.219013
0.8, 0.221199, 0.2, 0.8, 0.220685
0.8, 0.231717, 0.2, 0.8, 0.22116
0.8, 0.220131, 0.2, 0.8, 0.218585
0.8, 0.215668, 0.2, 0.8, 0.21365
0.8, 0.222003, 0.2, 0.8, 0.219358
0.8, 0.231467, 0.2, 0.8, 0.222614
0.8, 0.221875, 0.2, 0.8, 0.218442
0.8, 0.216519, 0.2, 0.8, 0.215244
0.8, 0.225711, 0.2, 0.8, 0.221684
0.8, 0.221746, 0.2, 0.8, 0.218335
0.8, 0.214964, 0.2, 0.8, 0.212778
0.8, 0.216498, 0.2, 0.8, 0.213259
0.8, 0.221816, 0.2, 0.8, 0.220135
0.8, 0.218912, 0.2, 0.8, 0.211077
0.8, 0.214493, 0.2, 0.8, 0.210093
0.8, 0.232402, 0.21, 0.79, 0.231259
0.8, 0.230566, 0.21, 0.79, 0.224408
0.8, 0.234908, 0.21, 0.79, 0.227866
0.8, 0.236394, 0.21, 0.79, 0.226583
0.8, 0.234783, 0.21, 0.79, 0.22689
0.8, 0.242868, 0.21, 0.79, 0.236876
0.8, 0.236337, 0.21, 0.79, 0.231961
0.8, 0.235058, 0.21, 0.79, 0.232636
0.8, 0.235758, 0.21, 0.79, 0.236514
0.8, 0.224593, 0.21, 0.79, 0.222721
0.8, 0.232041, 0.21, 0.79, 0.22628
0.8, 0.237599, 0.21, 0.79, 0.23119
0.8, 0.235648, 0.21, 0.79, 0.233295
0.8, 0.242083, 0.21, 0.79, 0.232844
0.8, 0.231165, 0.21, 0.79, 0.230239
0.8, 0.23496, 0.21, 0.79, 0.229408
0.8, 0.24392, 0.21, 0.79, 0.229961
0.8, 0.226758, 0.21, 0.79, 0.222399
0.8, 0.238742, 0.21, 0.79, 0.229951
0.8, 0.232482, 0.21, 0.79, 0.227141
0.8, 0.230698, 0.21, 0.79, 0.225708
0.8, 0.240524, 0.21, 0.79, 0.230704
0.8, 0.227404, 0.21, 0.79, 0.226399
0.8, 0.232063, 0.21, 0.79, 0.228288
0.8, 0.233772, 0.21, 0.79, 0.22349
0.8, 0.241404, 0.22, 0.78, 0.236839
0.8, 0.252908, 0.22, 0.78, 0.244893
0.8, 0.257708, 0.22, 0.78, 0.248775
0.8, 0.250895, 0.22, 0.78, 0.246876
0.8, 0.248647, 0.22, 0.78, 0.245278
0.8, 0.25659, 0.22, 0.78, 0.249342
0.8, 0.259661, 0.22, 0.78, 0.25389
0.8, 0.248107, 0.22, 0.78, 0.245502
0.8, 0.257347, 0.22, 0.78, 0.247835
0.8, 0.240762, 0.22, 0.78, 0.237699
0.8, 0.259316, 0.22, 0.78, 0.253046
0.8, 0.25098, 0.22, 0.78, 0.248449
0.8, 0.254834, 0.22, 0.78, 0.245416
0.8, 0.254583, 0.22, 0.78, 0.250819
0.8, 0.259638, 0.22, 0.78, 0.245711
0.8, 0.242269, 0.22, 0.78, 0.242173
0.8, 0.254382, 0.22, 0.78, 0.247675
0.8, 0.25377, 0.22, 0.78, 0.243393
0.8, 0.2464, 0.22, 0.78, 0.235907
0.8, 0.256367, 0.22, 0.78, 0.247453
0.8, 0.250045, 0.22, 0.78, 0.24194
0.8, 0.250197, 0.22, 0.78, 0.243501
0.8, 0.268344, 0.22, 0.78, 0.256602
0.8, 0.252162, 0.22, 0.78, 0.244145
0.8, 0.254755, 0.22, 0.78, 0.249829
0.8, 0.270111, 0.23, 0.77, 0.264314
0.8, 0.2643, 0.23, 0.77, 0.25934
0.8, 0.261712, 0.23, 0.77, 0.258997
0.8, 0.257517, 0.23, 0.77, 0.253756
0.8, 0.259978, 0.23, 0.77, 0.254471
0.8, 0.253196, 0.23, 0.77, 0.249131
0.8, 0.258191, 0.23, 0.77, 0.253062
0.8, 0.27739, 0.23, 0.77, 0.266998
0.8, 0.257249, 0.23, 0.77, 0.258071
0.8, 0.26542, 0.23, 0.77, 0.257444
0.8, 0.262289, 0.23, 0.77, 0.250371
0.8, 0.258858, 0.23, 0.77, 0.261602
0.8, 0.262844, 0.23, 0.77, 0.255394
0.8, 0.265599, 0.23, 0.77, 0.26262
0.8, 0.264011, 0.23, 0.77, 0.255079
0.8, 0.267818, 0.23, 0.77, 0.2584
0.8, 0.261487, 0.23, 0.77, 0.258331
0.8, 0.258699, 0.23, 0.77, 0.253989
0.8, 0.271808, 0.23, 0.77, 0.26018
0.8, 0.262836, 0.23, 0.77, 0.25471
0.8, 0.272198, 0.23, 0.77, 0.261187
0.8, 0.268733, 0.23, 0.77, 0.26813
0.8, 0.27016, 0.23, 0.77, 0.264413
0.8, 0.256952, 0.23, 0.77, 0.251809
0.8, 0.254265, 0.23, 0.77, 0.250314
0.8, 0.280169, 0.24, 0.76, 0.27642
0.8, 0.271164, 0.24, 0.76, 0.272161
0.8, 0.278948, 0.24, 0.76, 0.273553
0.8, 0.271807, 0.24, 0.76, 0.265895
0.8, 0.287155, 0.24, 0.76, 0.275402
0.8, 0.27979, 0.24, 0.76, 0.275115
0.8, 0.280651, 0.24, 0.76, 0.276581
0.8, 0.277815, 0.24, 0.76, 0.273283
0.8, 0.285212, 0.24, 0.76, 0.278356
0.8, 0.273074, 0.24, 0.76, 0.271845
0.8, 0.283279, 0.24, 0.76, 0.276983
0.8, 0.28321, 0.24, 0.76, 0.273094
0.8, 0.285239, 0.24, 0.76, 0.280106
0.8, 0.278719, 0.24, 0.76, 0.272836
0.8, 0.282382, 0.24, 0.76, 0.277112
0.8, 0.271094, 0.24, 0.76, 0.27024
0.8, 0.286796, 0.24, 0.76, 0.274002
0.8, 0.276441, 0.24, 0.76, 0.268839
0.8, 0.272164, 0.24, 0.76, 0.269025
0.8, 0.278112, 0.24, 0.76, 0.268979
0.8, 0.27369, 0.24, 0.76, 0.270324
0.8, 0.272536, 0.24, 0.76, 0.274083
0.8, 0.276176, 0.24, 0.76, 0.270354
0.8, 0.291704, 0.24, 0.76, 0.275399
0.8, 0.286736, 0.24, 0.76, 0.275495
0.8, 0.293658, 0.25, 0.75, 0.283281
0.8, 0.308401, 0.25, 0.75, 0.295048
0.8, 0.294042, 0.25, 0.75, 0.285497
0.8, 0.305083, 0.25, 0.75, 0.294691
0.8, 0.289064, 0.25, 0.75, 0.288498
0.8, 0.300832, 0.25, 0.75, 0.293651
0.8, 0.299404, 0.25, 0.75, 0.295659
0.8, 0.292962, 0.25, 0.75, 0.287438
0.8, 0.303566, 0.25, 0.75, 0.296348
0.8, 0.299964, 0.25, 0.75, 0.286353
0.8, 0.293016, 0.25, 0.75, 0.279613
0.8, 0.292419, 0.25, 0.75, 0.288046
0.8, 0.308367, 0.25, 0.75, 0.297067
0.8, 0.290687, 0.25, 0.75, 0.288204
0.8, 0.309765, 0.25, 0.75, 0.297963
0.8, 0.293144, 0.25, 0.75, 0.286176
0.8, 0.309428, 0.25, 0.75, 0.289645
0.8, 0.29551, 0.25, 0.75, 0.2879
0.8, 0.29006, 0.25, 0.75, 0.286275
0.8, 0.290465, 0.25, 0.75, 0.285824
0.8, 0.28607, 0.25, 0.75, 0.277969
0.8, 0.291402, 0.25, 0.75, 0.28774
0.8, 0.298314, 0.25, 0.75, 0.289576
0.8, 0.296665, 0.25, 0.75, 0.28939
0.8, 0.293171, 0.25, 0.75, 0.288276
0.8, 0.315543, 0.26, 0.74, 0.305442
0.8, 0.31077, 0.26, 0.74, 0.300904
0.8, 0.304102, 0.26, 0.74, 0.297501
0.8, 0.318592, 0.26, 0.74, 0.300676
0.8, 0.329054, 0.26, 0.74, 0.315219
0.8, 0.321615, 0.26, 0.74, 0.309766
0.8, 0.312161, 0.26, 0.74, 0.300825
0.8, 0.30943, 0.26, 0.74, 0.300947
0.8, 0.301047, 0.26, 0.74, 0.293573
0.8, 0.316003, 0.26, 0.74, 0.307613
0.8, 0.320652, 0.26, 0.74, 0.312468
0.8, 0.311241, 0.26, 0.74, 0.301916
0.8, 0.307561, 0.26, 0.74, 0.299436
0.8, 0.31276, 0.26, 0.74, 0.302711
0.8, 0.30866, 0.26, 0.74, 0.297002
0.8, 0.31914, 0.26, 0.74, 0.306675
0.8, 0.302701, 0.26, 0.74, 0.299156
0.8, 0.306622, 0.26, 0.74, 0.30223
0.8, 0.312099, 0.26, 0.74, 0.305438
0.8, 0.313666, 0.26, 0.74, 0.303391
0.8, 0.314835, 0.26, 0.74, 0.309665
0.8, 0.308406, 0.26, 0.74, 0.298662
0.8, 0.314946, 0.26, 0.74, 0.309559
0.8, 0.312019, 0.26, 0.74, 0.300743
0.8, 0.310193, 0.26, 0.74, 0.304353
0.8, 0.329105, 0.27, 0.73, 0.316833
0.8, 0.327733, 0.27, 0.73, 0.316315
0.8, 0.311614, 0.27, 0.73, 0.316386
0.8, 0.319944, 0.27, 0.73, 0.314176
0.8, 0.321303, 0.27, 0.73, 0.310546
0.8, 0.331067, 0.27, 0.73, 0.32453
0.8, 0.338618, 0.27, 0.73, 0.327037
0.8, 0.326828, 0.27, 0.73, 0.315329
0.8, 0.32756, 0.27, 0.73, 0.323596
0.8, 0.343164, 0.27, 0.73, 0.331029
0.8, 0.327595, 0.27, 0.73, 0.319045
0.8, 0.32587, 0.27, 0.73, 0.317653
0.8, 0.32674, 0.27, 0.73, 0.31936
0.8, 0.329002, 0.27, 0.73, 0.321827
0.8, 0.327846, 0.27, 0.73, 0.322535
0.8, 0.340603, 0.27, 0.73, 0.329685
0.8, 0.334964, 0.27, 0.73, 0.325191
0.8, 0.33531, 0.27, 0.73, 0.324882
0.8, 0.325723, 0.27, 0.73, 0.322227
0.8, 0.339567, 0.27, 0.73, 0.325754
0.8, 0.335292, 0.27, 0.73, 0.325764
0.8, 0.322162, 0.27, 0.73, 0.316016
0.8, 0.328961, 0.27, 0.73, 0.321897
0.8, 0.339987, 0.27, 0.73, 0.324958
0.8, 0.325944, 0.27, 0.73, 0.31613
0.8, 0.358113, 0.28, 0.72, 0.343623
0.8, 0.335584, 0.28, 0.72, 0.328525
0.8, 0.343989, 0.28, 0.72, 0.337712
0.8, 0.354863, 0.28, 0.72, 0.340331
0.8, 0.351583, 0.28, 0.72, 0.340421
0.8, 0.350337, 0.28, 0.72, 0.34852
0.8, 0.342828, 0.28, 0.72, 0.333378
0.8, 0.348962, 0.28, 0.72, 0.34127
0.8, 0.349787, 0.28, 0.72, 0.337698
0.8, 0.341659, 0.28, 0.72, 0.33975
0.8, 0.345012, 0.28, 0.72, 0.335321
0.8, 0.353099, 0.28, 0.72, 0.339399
0.8, 0.356427, 0.28, 0.72, 0.342646
0.8, 0.359667, 0.28, 0.72, 0.347624
0.8, 0.345353, 0.28, 0.72, 0.338029
0.8, 0.340103, 0.28, 0.72, 0.336415
0.8, 0.360631, 0.28, 0.72, 0.347875
0.8, 0.336083, 0.28, 0.72, 0.332639
0.8, 0.342821, 0.28, 0.72, 0.335208
0.8, 0.342095, 0.28, 0.72, 0.335791
0.8, 0.344509, 0.28, 0.72, 0.338564
0.8, 0.345916, 0.28, 0.72, 0.33671
0.8, 0.353706, 0.28, 0.72, 0.340721
0.8, 0.346683, 0.28, 0.72, 0.340728
0.8, 0.338086, 0.28, 0.72, 0.333311
0.8, 0.360315, 0.29, 0.71, 0.351301
0.8, 0.365765, 0.29, 0.71, 0.356337
0.8, 0.346579, 0.29, 0.71, 0.342572
0.8, 0.356256, 0.29, 0.71, 0.350438
0.8, 0.361007, 0.29, 0.71, 0.34686
0.8, 0.357049, 0.29, 0.71, 0.351321
0.8, 0.358144, 0.29, 0.71, 0.35118
0.8, 0.353239, 0.29, 0.71, 0.347956
0.8, 0.366199, 0.29, 0.71, 0.357342
0.8, 0.357046, 0.29, 0.71, 0.351018
0.8, 0.378511, 0.29, 0.71, 0.362735
0.8, 0.368928, 0.29, 0.71, 0.349316
0.8, 0.372499, 0.29, 0.71, 0.362289
0.8, 0.364495, 0.29, 0.71, 0.361886
0.8, 0.372523, 0.29, 0.71, 0.367045
0.8, 0.364349, 0.29, 0.71, 0.358419
0.8, 0.360689, 0.29, 0.71, 0.351568
0.8, 0.368503, 0.29, 0.71, 0.358566
0.8, 0.3699, 0.29, 0.71, 0.353667
0.8, 0.374706, 0.29, 0.71, 0.358543
0.8, 0.365402, 0.29, 0.71, 0.355844
0.8, 0.369876, 0.29, 0.71, 0.359852
0.8, 0.373095, 0.29, 0.71, 0.35981
0.8, 0.355569, 0.29, 0.71, 0.349709
0.8, 0.36422, 0.29, 0.71, 0.351489
0.8, 0.399316, 0.3, 0.7, 0.381444
0.8, 0.383238, 0.3, 0.7, 0.370635
0.8, 0.390478, 0.3, 0.7, 0.380318
0.8, 0.400325, 0.3, 0.7, 0.386474
0.8, 0.384713, 0.3, 0.7, 0.37272
0.8, 0.393394, 0.3, 0.7, 0.380997
0.8, 0.377621, 0.3, 0.7, 0.369859
0.8, 0.380538, 0.3, 0.7, 0.370955
0.8, 0.378211, 0.3, 0.7, 0.371551
0.8, 0.386164, 0.3, 0.7, 0.378977
0.8, 0.387709, 0.3, 0.7, 0.375494
0.8, 0.388215, 0.3, 0.7, 0.377634
0.8, 0.369833, 0.3, 0.7, 0.369108
0.8, 0.376569, 0.3, 0.7, 0.366514
0.8, 0.399086, 0.3, 0.7, 0.392667
0.8, 0.390115, 0.3, 0.7, 0.382037
0.8, 0.381278, 0.3, 0.7, 0.371614
0.8, 0.379231, 0.3, 0.7, 0.369559
0.8, 0.389243, 0.3, 0.7, 0.371105
0.8, 0.377144, 0.3, 0.7, 0.367783
0.8, 0.37284, 0.3, 0.7, 0.365876
0.8, 0.384854, 0.3, 0.7, 0.371105
0.8, 0.393701, 0.3, 0.7, 0.382815
0.8, 0.384702, 0.3, 0.7, 0.368716
0.8, 0.378696, 0.3, 0.7, 0.371964
0.85, 0.159347, 0.15, 0.85, 0.159318
0.85, 0.159328, 0.15, 0.85, 0.151588
0.85, 0.15551, 0.15, 0.85, 0.154265
0.85, 0.153688, 0.15, 0.85, 0.15002
0.85, 0.157096, 0.15, 0.85, 0.154975
0.85, 0.159948, 0.15, 0.85, 0.159819
0.85, 0.166383, 0.15, 0.85, 0.16656
0.85, 0.152755, 0.15, 0.85, 0.150972
0.85, 0.159166, 0.15, 0.85, 0.156252
0.85, 0.1559, 0.15, 0.85, 0.152903
0.85, 0.160578, 0.15, 0.85, 0.156378
0.85, 0.160881, 0.15, 0.85, 0.156232
0.85, 0.164894, 0.15, 0.85, 0.162761
0.85, 0.159167, 0.15, 0.85, 0.156194
0.85, 0.157229, 0.15, 0.85, 0.157892
0.85, 0.161129, 0.15, 0.85, 0.160163
0.85, 0.157652, 0.15, 0.85, 0.154341
0.85, 0.161605, 0.15, 0.85, 0.159951
0.85, 0.158854, 0.15, 0.85, 0.15361
0.85, 0.167039, 0.15, 0.85, 0.160309
0.85, 0.153664, 0.15, 0.85, 0.152942
0.85, 0.161786, 0.15, 0.85, 0.157613
0.85, 0.15797, 0.15, 0.85, 0.156899
0.85, 0.161752, 0.15, 0.85, 0.156924
0.85, 0.156512, 0.15, 0.85, 0.155634
0.85, 0.171854, 0.16, 0.84, 0.167074
0.85, 0.167557, 0.16, 0.84, 0.16525
0.85, 0.170243, 0.16, 0.84, 0.16628
0.85, 0.171592, 0.16, 0.84, 0.169274
0.85, 0.169609, 0.16, 0.84, 0.168805
0.85, 0.177822, 0.16, 0.84, 0.174856
0.85, 0.167641, 0.16, 0.84, 0.167751
0.85, 0.161146, 0.16, 0.84, 0.16381
0.85, 0.171506, 0.16, 0.84, 0.167212
0.85, 0.167686, 0.16, 0.84, 0.166705
0.85, 0.173436, 0.16, 0.84, 0.168199
0.85, 0.166283, 0.16, 0.84, 0.167531
0.85, 0.170844, 0.16, 0.84, 0.174277
0.85, 0.181463, 0.16, 0.84, 0.175425
0.85, 0.164527, 0.16, 0.84, 0.166184
0.85, 0.175032, 0.16, 0.84, 0.171092
0.85, 0.171304, 0.16, 0.84, 0.170957
0.85, 0.172866, 0.16, 0.84, 0.169932
0.85, 0.166337, 0.16, 0.84, 0.163413
0.85, 0.176158, 0.16, 0.84, 0.170132
0.85, 0.172103, 0.16, 0.84, 0.171806
0.85, 0.168848, 0.16, 0.84, 0.166609
0.85, 0.16525, 0.16, 0.84, 0.165271
0.85, 0.173892, 0.16, 0.84, 0.169374
0.85, 0.168449, 0.16, 0.84, 0.163607
0.85, 0.195975, 0.17, 0.83, 0.188975
0.85, 0.183181, 0.17, 0.83, 0.181149
0.85, 0.185044, 0.17, 0.83, 0.184575
0.85, 0.184343, 0.17, 0.83, 0.180467
0.85, 0.185769, 0.17, 0.83, 0.182302
0.85, 0.186495, 0.17, 0.83, 0.18333
0.85, 0.184594, 0.17, 0.83, 0.184588
0.85, 0.188114, 0.17, 0.83, 0.18344
0.85, 0.186456, 0.17, 0.83, 0.183478
0.85, 0.185103, 0.17, 0.83, 0.181563
0.85, 0.184007, 0.17, 0.83, 0.181974
0.85, 0.179162, 0.17, 0.83, 0.18003
0.85, 0.176752, 0.17, 0.83, 0.178586
0.85, 0.184968, 0.17, 0.83, 0.182562
0.85, 0.189536, 0.17, 0.83, 0.187729
0.85, 0.184788, 0.17, 0.83, 0.179361
0.85, 0.178385, 0.17, 0.83, 0.176038
0.85, 0.18225, 0.17, 0.83, 0.178338
0.85, 0.183392, 0.17, 0.83, 0.180602
0.85, 0.186573, 0.17, 0.83, 0.186466
0.85, 0.189091, 0.17, 0.83, 0.185983
0.85, 0.179895, 0.17, 0.83, 0.179384
0.85, 0.188353, 0.17, 0.83, 0.18099
0.85, 0.187641, 0.17, 0.83, 0.185135
0.85, 0.189582, 0.17, 0.83, 0.184902
0.85, 0.199745, 0.18, 0.82, 0.192457
0.85, 0.197807, 0.18, 0.82, 0.193214
0.85, 0.201095, 0.18, 0.82, 0.193452
0.85, 0.191793, 0.18, 0.82, 0.190045
0.85, 0.206423, 0.18, 0.82, 0.201359
0.85, 0.195837, 0.18, 0.82, 0.194461
0.85, 0.198544, 0.18, 0.82, 0.196689
0.85, 0.195085, 0.18, 0.82, 0.191473
0.85, 0.197246, 0.18, 0.82, 0.19292
0.85, 0.199737, 0.18, 0.82, 0.197277
0.85, 0.194673, 0.18, 0.82, 0.19226
0.85, 0.198001, 0.18, 0.82, 0.192657
0.85, 0.200504, 0.18, 0.82, 0.19566
0.85, 0.192868, 0.18, 0.82, 0.19122
0.85, 0.201759, 0.18, 0.82, 0.200379
0.85, 0.197467, 0.18, 0.82, 0.193436
0.85, 0.193338, 0.18, 0.82, 0.193847
0.85, 0.196825, 0.18, 0.82, 0.193678
0.85, 0.196445, 0.18, 0.82, 0.19426
0.85, 0.198872, 0.18, 0.82, 0.195769
0.85, 0.201699, 0.18, 0.82, 0.197675
0.85, 0.205062, 0.18, 0.82, 0.201053
0.85, 0.201952, 0.18, 0.82, 0.199703
0.85, 0.196027, 0.18, 0.82, 0.19799
0.85, 0.200117, 0.18, 0.82, 0.19809
0.85, 0.209433, 0.19, 0.81, 0.206354
0.85, 0.205288, 0.19, 0.81, 0.205846
0.85, 0.218234, 0.19, 0.81, 0.212876
0.85, 0.217333, 0.19, 0.81, 0.212689
0.85, 0.21456, 0.19, 0.81, 0.210107
0.85, 0.20945, 0.19, 0.81, 0.204137
0.85, 0.214313, 0.19, 0.81, 0.210148
0.85, 0.210576, 0.19, 0.81, 0.208961
0.85, 0.207741, 0.19, 0.81, 0.205461
0.85, 0.207899, 0.19, 0.81, 0.209095
0.85, 0.2172, 0.19, 0.81, 0.21777
0.85, 0.213305, 0.19, 0.81, 0.211754
0.85, 0.202829, 0.19, 0.81, 0.200908
0.85, 0.21547, 0.19, 0.81, 0.211263
0.85, 0.210866, 0.19, 0.81, 0.210779
0.85, 0.213143, 0.19, 0.81, 0.206965
0.85, 0.213993, 0.19, 0.81, 0.210329
0.85, 0.203588, 0.19, 0.81, 0.207219
0.85, 0.209746, 0.19, 0.81, 0.210126
0.85, 0.206583, 0.19, 0.81, 0.205987
0.85, 0.206284, 0.19, 0.81, 0.205085
0.85, 0.219821, 0.19, 0.81, 0.213351
0.85, 0.21195, 0.19, 0.81, 0.210323
0.85, 0.21562, 0.19, 0.81, 0.209436
0.85, 0.211473, 0.19, 0.81, 0.208524
0.85, 0.215299, 0.2, 0.8, 0.21203
0.85, 0.230468, 0.2, 0.8, 0.226367
0.85, 0.228291, 0.2, 0.8, 0.220459
0.85, 0.229074, 0.2, 0.8, 0.224688
0.85, 0.227591, 0.2, 0.8, 0.225189
0.85, 0.227859, 0.2, 0.8, 0.223731
0.85, 0.217897, 0.2, 0.8, 0.217021
0.85, 0.22418, 0.2, 0.8, 0.219582
0.85, 0.229552, 0.2, 0.8, 0.225058
0.85, 0.239346, 0.2, 0.8, 0.23017
0.85, 0.221294, 0.2, 0.8, 0.221044
0.85, 0.215624, 0.2, 0.8, 0.215462
0.85, 0.223881, 0.2, 0.8, 0.216778
0.85, 0.216083, 0.2, 0.8, 0.220584
0.85, 0.228943, 0.2, 0.8, 0.226134
0.85, 0.225379, 0.2, 0.8, 0.222498
0.85, 0.226719, 0.2, 0.8, 0.221264
0.85, 0.224166, 0.2, 0.8, 0.22318
0.85, 0.233999, 0.2, 0.8, 0.226571
0.85, 0.227271, 0.2, 0.8, 0.222297
0.85, 0.228828, 0.2, 0.8, 0.219208
0.85, 0.236481, 0.2, 0.8, 0.228919
0.85, 0.225546, 0.2, 0.8, 0.220047
0.85, 0.230535, 0.2, 0.8, 0.226026
0.85, 0.229349, 0.2, 0.8, 0.226127
0.85, 0.237471, 0.21, 0.79, 0.231406
0.85, 0.241981, 0.21, 0.79, 0.239613
0.85, 0.233338, 0.21, 0.79, 0.229358
0.85, 0.244963, 0.21, 0.79, 0.237461
0.85, 0.241388, 0.21, 0.79, 0.235779
0.85, 0.249054, 0.21, 0.79, 0.239489
0.85, 0.239008, 0.21, 0.79, 0.2334
0.85, 0.244818, 0.21, 0.79, 0.240382
0.85, 0.237369, 0.21, 0.79, 0.234729
0.85, 0.239538, 0.21, 0.79, 0.233684
0.85, 0.238087, 0.21, 0.79, 0.231609
0.85, 0.236963, 0.21, 0.79, 0.238682
0.85, 0.242646, 0.21, 0.79, 0.241314
0.85, 0.238234, 0.21, 0.79, 0.236714
0.85, 0.226506, 0.21, 0.79, 0.232722
0.85, 0.246132, 0.21, 0.79, 0.236886
0.85, 0.247811, 0.21, 0.79, 0.24032
0.85, 0.250151, 0.21, 0.79, 0.23975
0.85, 0.242552, 0.21, 0.79, 0.23428
0.85, 0.239271, 0.21, 0.79, 0.235983
0.85, 0.239611, 0.21, 0.79, 0.232588
0.85, 0.234813, 0.21, 0.79, 0.23458
0.85, 0.230225, 0.21, 0.79, 0.234859
0.85, 0.248184, 0.21, 0.79, 0.24524
0.85, 0.246058, 0.21, 0.79, 0.241131
0.85, 0.259189, 0.22, 0.78, 0.255332
0.85, 0.259559, 0.22, 0.78, 0.254831
0.85, 0.261626, 0.22, 0.78, 0.255827
0.85, 0.259193, 0.22, 0.78, 0.253168
0.85, 0.244192, 0.22, 0.78, 0.249599
0.85, 0.259377, 0.22, 0.78, 0.252757
0.85, 0.262908, 0.22, 0.78, 0.257614
0.85, 0.268436, 0.22, 0.78, 0.258524
0.85, 0.254764, 0.22, 0.78, 0.248661
0.85, 0.255263, 0.22, 0.78, 0.249844
0.85, 0.258202, 0.22, 0.78, 0.249876
0.85, 0.261982, 0.22, 0.78, 0.254803
0.85, 0.252833, 0.22, 0.78, 0.25326
0.85, 0.259218, 0.22, 0.78, 0.251879
0.85, 0.255544, 0.22, 0.78, 0.248362
0.85, 0.255409, 0.22, 0.78, 0.245847
0.85, 0.262158, 0.22, 0.78, 0.258636
0.85, 0.255052, 0.22, 0.78, 0.252465
0.85, 0.259191, 0.22, 0.78, 0.248399
0.85, 0.254769, 0.22, 0.78, 0.251619
0.85, 0.263322, 0.22, 0.78, 0.26189
0.85, 0.253865, 0.22, 0.78, 0.252165
0.85, 0.270286, 0.22, 0.78, 0.25933
0.85, 0.265159, 0.22, 0.78, 0.257364
0.85, 0.247802, 0.22, 0.78, 0.245788
0.85, 0.267081, 0.23, 0.77, 0.261802
0.85, 0.272168, 0.23, 0.77, 0.269914
0.85, 0.2706, 0.23, 0.77, 0.269648
0.85, 0.275733, 0.23, 0.77, 0.266272
0.85, 0.265407, 0.23, 0.77, 0.264022
0.85, 0.27305, 0.23, 0.77, 0.267799
0.85, 0.274131, 0.23, 0.77, 0.272951
0.85, 0.278351, 0.23, 0.77, 0.265835
0.85, 0.270065, 0.23, 0.77, 0.266246
0.85, 0.278269, 0.23, 0.77, 0.272943
0.85, 0.270039, 0.23, 0.77, 0.264295
0.85, 0.265972, 0.23, 0.77, 0.263035
0.85, 0.267831, 0.23, 0.77, 0.266309
0.85, 0.271433, 0.23, 0.77, 0.268485
0.85, 0.280129, 0.23, 0.77, 0.27321
0.85, 0.256616, 0.23, 0.77, 0.257678
0.85, 0.261179, 0.23, 0.77, 0.26082
0.85, 0.270534, 0.23, 0.77, 0.263776
0.85, 0.263907, 0.23, 0.77, 0.261028
0.85, 0.272525, 0.23, 0.77, 0.265732
0.85, 0.275596, 0.23, 0.77, 0.271964
0.85, 0.276118, 0.23, 0.77, 0.270349
0.85, 0.276918, 0.23, 0.77, 0.268996
0.85, 0.266271, 0.23, 0.77, 0.265779
0.85, 0.279096, 0.23, 0.77, 0.269719
0.85, 0.27355, 0.24, 0.76, 0.274891
0.85, 0.290211, 0.24, 0.76, 0.285768
0.85, 0.287775, 0.24, 0.76, 0.284167
0.85, 0.285358, 0.24, 0.76, 0.281749
0.85, 0.297112, 0.24, 0.76, 0.286261
0.85, 0.289201, 0.24, 0.76, 0.284796
0.85, 0.294344, 0.24, 0.76, 0.288016
0.85, 0.288179, 0.24, 0.76, 0.286984
0.85, 0.286327, 0.24, 0.76, 0.287908
0.85, 0.284688, 0.24, 0.76, 0.278905
0.85, 0.28108, 0.24, 0.76, 0.282601
0.85, 0.285942, 0.24, 0.76, 0.277725
0.85, 0.293117, 0.24, 0.76, 0.283083
0.85, 0.288116, 0.24, 0.76, 0.279939
0.85, 0.295861, 0.24, 0.76, 0.287624
0.85, 0.274021, 0.24, 0.76, 0.273648
0.85, 0.285868, 0.24, 0.76, 0.277568
0.85, 0.289054, 0.24, 0.76, 0.276744
0.85, 0.278574, 0.24, 0.76, 0.269943
0.85, 0.288935, 0.24, 0.76, 0.284041
0.85, 0.290483, 0.24, 0.76, 0.285166
0.85, 0.283391, 0.24, 0.76, 0.28288
0.85, 0.289375, 0.24, 0.76, 0.277711
0.85, 0.299151, 0.24, 0.76, 0.288145
0.85, 0.284197, 0.24, 0.76, 0.280281
0.85, 0.303934, 0.25, 0.75, 0.293783
0.85, 0.311361, 0.25, 0.75, 0.307447
0.85, 0.288603, 0.25, 0.75, 0.2824
0.85, 0.313155, 0.25, 0.75, 0.304025
0.85, 0.311119, 0.25, 0.75, 0.299607
0.85, 0.30144, 0.25, 0.75, 0.294911
0.85, 0.320815, 0.25, 0.75, 0.310458
0.85, 0.30682, 0.25, 0.75, 0.29647
0.85, 0.300955, 0.25, 0.75, 0.299042
0.85, 0.306507, 0.25, 0.75, 0.298849
0.85, 0.301745, 0.25, 0.75, 0.297032
0.85, 0.307191, 0.25, 0.75, 0.297688
0.85, 0.300082, 0.25, 0.75, 0.295904
0.85, 0.305573, 0.25, 0.75, 0.299473
0.85, 0.29908, 0.25, 0.75, 0.294277
0.85, 0.305416, 0.25, 0.75, 0.292334
0.85, 0.308616, 0.25, 0.75, 0.304353
0.85, 0.295375, 0.25, 0.75, 0.289265
0.85, 0.307135, 0.25, 0.75, 0.297779
0.85, 0.303766, 0.25, 0.75, 0.296786
0.85, 0.307609, 0.25, 0.75, 0.298894
0.85, 0.311972, 0.25, 0.75, 0.302588
0.85, 0.303086, 0.25, 0.75, 0.300051
0.85, 0.295789, 0.25, 0.75, 0.29517
0.85, 0.299762, 0.25, 0.75, 0.29411
0.85, 0.320037, 0.26, 0.74, 0.311927
0.85, 0.31537, 0.26, 0.74, 0.313746
0.85, 0.31814, 0.26, 0.74, 0.311481
0.85, 0.329439, 0.26, 0.74, 0.318485
0.85, 0.316609, 0.26, 0.74, 0.310661
0.85, 0.315511, 0.26, 0.74, 0.30712
0.85, 0.326534, 0.26, 0.74, 0.316951
0.85, 0.326933, 0.26, 0.74, 0.313147
0.85, 0.321508, 0.26, 0.74, 0.309104
0.85, 0.331921, 0.26, 0.74, 0.320966
0.85, 0.32892, 0.26, 0.74, 0.318738
0.85, 0.320958, 0.26, 0.74, 0.320275
0.85, 0.324995, 0.26, 0.74, 0.317129
0.85, 0.322827, 0.26, 0.74, 0.320745
0.85, 0.313998, 0.26, 0.74, 0.31184
0.85, 0.316197, 0.26, 0.74, 0.309278
0.85, 0.315671, 0.26, 0.74, 0.308901
0.85, 0.307872, 0.26, 0.74, 0.306125
0.85, 0.331884, 0.26, 0.74, 0.318493
0.85, 0.323913, 0.26, 0.74, 0.316285
0.85, 0.32824, 0.26, 0.74, 0.316762
0.85, 0.317875, 0.26, 0.74, 0.30941
0.85, 0.32734, 0.26, 0.74, 0.318185
0.85, 0.314118, 0.26, 0.74, 0.310174
0.85, 0.322554, 0.26, 0.74, 0.316444
0.85, 0.35524, 0.27, 0.73, 0.340137
0.85, 0.334851, 0.27, 0.73, 0.327003
0.85, 0.32375, 0.27, 0.73, 0.321658
0.85, 0.338707, 0.27, 0.73, 0.330266
0.85, 0.349664, 0.27, 0.73, 0.338591
0.85, 0.321856, 0.27, 0.73, 0.31891
0.85, 0.329295, 0.27, 0.73, 0.328226
0.85, 0.329941, 0.27, 0.73, 0.322913
0.85, 0.337672, 0.27, 0.73, 0.328903
0.85, 0.345016, 0.27, 0.73, 0.331262
0.85, 0.335229, 0.27, 0.73, 0.330663
0.85, 0.342845, 0.27, 0.73, 0.332617
0.85, 0.338546, 0.27, 0.73, 0.329563
0.85, 0.33298, 0.27, 0.73, 0.323827
0.85, 0.343525, 0.27, 0.73, 0.335072
0.85, 0.348827, 0.27, 0.73, 0.34238
0.85, 0.33995, 0.27, 0.73, 0.3305
0.85, 0.331367, 0.27, 0.73, 0.326949
0.85, 0.337523, 0.27, 0.73, 0.331381
0.85, 0.34341, 0.27, 0.73, 0.332197
0.85, 0.341365, 0.27, 0.73, 0.329387
0.85, 0.32838, 0.27, 0.73, 0.328065
0.85, 0.347828, 0.27, 0.73, 0.33251
0.85, 0.331173, 0.27, 0.73, 0.323902
0.85, 0.329132, 0.27, 0.73, 0.325183
0.85, 0.346502, 0.28, 0.72, 0.340154
0.85, 0.358218, 0.28, 0.72, 0.351504
0.85, 0.355353, 0.28, 0.72, 0.353158
0.85, 0.342829, 0.28, 0.72, 0.339653
0.85, 0.368303, 0.28, 0.72, 0.353783
0.85, 0.349138, 0.28, 0.72, 0.346779
0.85, 0.352654, 0.28, 0.72, 0.347359
0.85, 0.357721, 0.28, 0.72, 0.351068
0.85, 0.345858, 0.28, 0.72, 0.343128
0.85, 0.371117, 0.28, 0.72, 0.356924
0.85, 0.347782, 0.28, 0.72, 0.343772
0.85, 0.3582, 0.28, 0.72, 0.347941
0.85, 0.35761, 0.28, 0.72, 0.350343
0.85, 0.354456, 0.28, 0.72, 0.346339
0.85, 0.352027, 0.28, 0.72, 0.34161
0.85, 0.358867, 0.28, 0.72, 0.349934
0.85, 0.351228, 0.28, 0.72, 0.34301
0.85, 0.353639, 0.28, 0.72, 0.34516
0.85, 0.35275, 0.28, 0.72, 0.343028
0.85, 0.352572, 0.28, 0.72, 0.345421
0.85, 0.358267, 0.28, 0.72, 0.347314
0.85, 0.353923, 0.28, 0.72, 0.34812
0.85, 0.359315, 0.28, 0.72, 0.348811
0.85, 0.355736, 0.28, 0.72, 0.343165
0.85, 0.354583, 0.28, 0.72, 0.348926
0.85, 0.369056, 0.29, 0.71, 0.363782
0.85, 0.377295, 0.29, 0.71, 0.368874
0.85, 0.370897, 0.29, 0.71, 0.360237
0.85, 0.374964, 0.29, 0.71, 0.364828
0.85, 0.373616, 0.29, 0.71, 0.366187
0.85, 0.377125, 0.29, 0.71, 0.366894
0.85, 0.369016, 0.29, 0.71, 0.360741
0.85, 0.376935, 0.29, 0.71, 0.369138
0.85, 0.357841, 0.29, 0.71, 0.35242
0.85, 0.365008, 0.29, 0.71, 0.360293
0.85, 0.367722, 0.29, 0.71, 0.362241
0.85, 0.366055, 0.29, 0.71, 0.353483
0.85, 0.374639, 0.29, 0.71, 0.364932
0.85, 0.37837, 0.29, 0.71, 0.368463
0.85, 0.375361, 0.29, 0.71, 0.363392
0.85, 0.368954, 0.29, 0.71, 0.35506
0.85, 0.382105, 0.29, 0.71, 0.368909
0.85, 0.379427, 0.29, 0.71, 0.37505
0.85, 0.366459, 0.29, 0.71, 0.35916
0.85, 0.366742, 0.29, 0.71, 0.353841
0.85, 0.36991, 0.29, 0.71, 0.365744
0.85, 0.373602, 0.29, 0.71, 0.359182
0.85, 0.375374, 0.29, 0.71, 0.367289
0.85, 0.380497, 0.29, 0.71, 0.369023
0.85, 0.376682, 0.29, 0.71, 0.365028
0.85, 0.383999, 0.3, 0.7, 0.372011
0.85, 0.398245, 0.3, 0.7, 0.384605
0.85, 0.384479, 0.3, 0.7, 0.376944
0.85, 0.380968, 0.3, 0.7, 0.372501
0.85, 0.391136, 0.3, 0.7, 0.383858
0.85, 0.379029, 0.3, 0.7, 0.371213
0.85, 0.403684, 0.3, 0.7, 0.397968
0.85, 0.394357, 0.3, 0.7, 0.379651
0.85, 0.392924, 0.3, 0.7, 0.378576
0.85, 0.397795, 0.3, 0.7, 0.383416
0.85, 0.390996, 0.3, 0.7, 0.374345
0.85, 0.394487, 0.3, 0.7, 0.386153
0.85, 0.405524, 0.3, 0.7, 0.39792
0.85, 0.397115, 0.3, 0.7, 0.380804
0.85, 0.393597, 0.3, 0.7, 0.38261
0.85, 0.384466, 0.3, 0.7, 0.369244
0.85, 0.391069, 0.3, 0.7, 0.381514
0.85, 0.392608, 0.3, 0.7, 0.380187
0.85, 0.392459, 0.3, 0.7, 0.388718
0.85, 0.383432, 0.3, 0.7, 0.379843
0.85, 0.385727, 0.3, 0.7, 0.374983
0.85, 0.402596, 0.3, 0.7, 0.390739
0.85, 0.395577, 0.3, 0.7, 0.387616
0.85, 0.392223, 0.3, 0.7, 0.385398
0.85, 0.389573, 0.3, 0.7, 0.376863
0.9, 0.162895, 0.15, 0.85, 0.159185
0.9, 0.170945, 0.15, 0.85, 0.16658
0.9, 0.160446, 0.15, 0.85, 0.155671
0.9, 0.162067, 0.15, 0.85, 0.162223
0.9, 0.160805, 0.15, 0.85, 0.160326
0.9, 0.16553, 0.15, 0.85, 0.159518
0.9, 0.163943, 0.15, 0.85, 0.164023
0.9, 0.15752, 0.15, 0.85, 0.163708
0.9, 0.166899, 0.15, 0.85, 0.165758
0.9, 0.159459, 0.15, 0.85, 0.157731
0.9, 0.168382, 0.15, 0.85, 0.162634
0.9, 0.161965, 0.15, 0.85, 0.159579
0.9, 0.162145, 0.15, 0.85, 0.161287
0.9, 0.162714, 0.15, 0.85, 0.161259
0.9, 0.175018, 0.15, 0.85, 0.169687
0.9, 0.156646, 0.15, 0.85, 0.162016
0.9, 0.179499, 0.15, 0.85, 0.172912
0.9, 0.164826, 0.15, 0.85, 0.159322
0.9, 0.158245, 0.15, 0.85, 0.156798
0.9, 0.159037, 0.15, 0.85, 0.158312
0.9, 0.165141, 0.15, 0.85, 0.161762
0.9, 0.162855, 0.15, 0.85, 0.159805
0.9, 0.167579, 0.15, 0.85, 0.164499
0.9, 0.170744, 0.15, 0.85, 0.164438
0.9, 0.162156, 0.15, 0.85, 0.161746
0.9, 0.170669, 0.16, 0.84, 0.172184
0.9, 0.174387, 0.16, 0.84, 0.175292
0.9, 0.180529, 0.16, 0.84, 0.176962
0.9, 0.174381, 0.16, 0.84, 0.169614
0.9, 0.177483, 0.16, 0.84, 0.17742
0.9, 0.180562, 0.16, 0.84, 0.17813
0.9, 0.176261, 0.16, 0.84, 0.174267
0.9, 0.170659, 0.16, 0.84, 0.172318
0.9, 0.18298, 0.16, 0.84, 0.180218
0.9, 0.180201, 0.16, 0.84, 0.175098
0.9, 0.181426, 0.16, 0.84, 0.177049
0.9, 0.182476, 0.16, 0.84, 0.177161
0.9, 0.178621, 0.16, 0.84, 0.175985
0.9, 0.177552, 0.16, 0.84, 0.175973
0.9, 0.177798, 0.16, 0.84, 0.174404
0.9, 0.175774, 0.16, 0.84, 0.174368
0.9, 0.180507, 0.16, 0.84, 0.179036
0.9, 0.1755, 0.16, 0.84, 0.171769
0.9, 0.172628, 0.16, 0.84, 0.175818
0.9, 0.175708, 0.16, 0.84, 0.175341
0.9, 0.169907, 0.16, 0.84, 0.168411
0.9, 0.178306, 0.16, 0.84, 0.178844
0.9, 0.175829, 0.16, 0.84, 0.172634
0.9, 0.176882, 0.16, 0.84, 0.174888
0.9, 0.176183, 0.16, 0.84, 0.176488
0.9, 0.193237, 0.17, 0.83, 0.191481
0.9, 0.179158, 0.17, 0.83, 0.183453
0.9, 0.190784, 0.17, 0.83, 0.189868
0.9, 0.191546, 0.17, 0.83, 0.185644
0.9, 0.187145, 0.17, 0.83, 0.186962
0.9, 0.189014, 0.17, 0.83, 0.188841
0.9, 0.187561, 0.17, 0.83, 0.18303
0.9, 0.181196, 0.17, 0.83, 0.181017
0.9, 0.194255, 0.17, 0.83, 0.187752
0.9, 0.187705, 0.17, 0.83, 0.185226
0.9, 0.192736, 0.17, 0.83, 0.188613
0.9, 0.17995, 0.17, 0.83, 0.177879
0.9, 0.188983, 0.17, 0.83, 0.186309
0.9, 0.189229, 0.17, 0.83, 0.190711
0.9, 0.184315, 0.17, 0.83, 0.185694
0.9, 0.192558, 0.17, 0.83, 0.191706
0.9, 0.182609, 0.17, 0.83, 0.183405
0.9, 0.184467, 0.17, 0.83, 0.184524
0.9, 0.186032, 0.17, 0.83, 0.186465
0.9, 0.189205, 0.17, 0.83, 0.185626
0.9, 0.197345, 0.17, 0.83, 0.192071
0.9, 0.188385, 0.17, 0.83, 0.186137
0.9, 0.19529, 0.17, 0.83, 0.192051
0.9, 0.192699, 0.17, 0.83, 0.192816
0.9, 0.185106, 0.17, 0.83, 0.186536
0.9, 0.196714, 0.18, 0.82, 0.198265
0.9, 0.197886, 0.18, 0.82, 0.197036
0.9, 0.202405, 0.18, 0.82, 0.196191
0.9, 0.201985, 0.18, 0.82, 0.204318
0.9, 0.201789, 0.18, 0.82, 0.201975
0.9, 0.210758, 0.18, 0.82, 0.205851
0.9, 0.193975, 0.18, 0.82, 0.193744
0.9, 0.190857, 0.18, 0.82, 0.193882
0.9, 0.205198, 0.18, 0.82, 0.199988
0.9, 0.20211, 0.18, 0.82, 0.197665
0.9, 0.20309, 0.18, 0.82, 0.196206
0.9, 0.209332, 0.18, 0.82, 0.207032
0.9, 0.206156, 0.18, 0.82, 0.205303
0.9, 0.207335, 0.18, 0.82, 0.207137
0.9, 0.208424, 0.18, 0.82, 0.206405
0.9, 0.195841, 0.18, 0.82, 0.198722
0.9, 0.203989, 0.18, 0.82, 0.203817
0.9, 0.204875, 0.18, 0.82, 0.205051
0.9, 0.198198, 0.18, 0.82, 0.197958
0.9, 0.20411, 0.18, 0.82, 0.198061
0.9, 0.198498, 0.18, 0.82, 0.201259
0.9, 0.201952, 0.18, 0.82, 0.19631
0.9, 0.202797, 0.18, 0.82, 0.201414
0.9, 0.207819, 0.18, 0.82, 0.206357
0.9, 0.201068, 0.18, 0.82, 0.194203
0.9, 0.214144, 0.19, 0.81, 0.211363
0.9, 0.21477, 0.19, 0.81, 0.211102
0.9, 0.221916, 0.19, 0.81, 0.219219
0.9, 0.217709, 0.19, 0.81, 0.216673
0.9, 0.220439, 0.19, 0.81, 0.216707
0.9, 0.220799, 0.19, 0.81, 0.220852
0.9, 0.214122, 0.19, 0.81, 0.212993
0.9, 0.217039, 0.19, 0.81, 0.213281
0.9, 0.223776, 0.19, 0.81, 0.21466
0.9, 0.214787, 0.19, 0.81, 0.215264
0.9, 0.224445, 0.19, 0.81, 0.214564
0.9, 0.215715, 0.19, 0.81, 0.216281
0.9, 0.216417, 0.19, 0.81, 0.216316
0.9, 0.218508, 0.19, 0.81, 0.214964
0.9, 0.214672, 0.19, 0.81, 0.212183
0.9, 0.221335, 0.19, 0.81, 0.215646
0.9, 0.229738, 0.19, 0.81, 0.224272
0.9, 0.217653, 0.19, 0.81, 0.214529
0.9, 0.223426, 0.19, 0.81, 0.214437
0.9, 0.208778, 0.19, 0.81, 0.212575
0.9, 0.216781, 0.19, 0.81, 0.21572
0.9, 0.20746, 0.19, 0.81, 0.211388
0.9, 0.218638, 0.19, 0.81, 0.214444
0.9, 0.222558, 0.19, 0.81, 0.213026
0.9, 0.220112, 0.19, 0.81, 0.215269
0.9, 0.228377, 0.2, 0.8, 0.231984
0.9, 0.2299, 0.2, 0.8, 0.226025
0.9, 0.234932, 0.2, 0.8, 0.236053
0.9, 0.226432, 0.2, 0.8, 0.224816
0.9, 0.229874, 0.2, 0.8, 0.229619
0.9, 0.222459, 0.2, 0.8, 0.221642
0.9, 0.232565, 0.2, 0.8, 0.225634
0.9, 0.233286, 0.2, 0.8, 0.22563
0.9, 0.229633, 0.2, 0.8, 0.224448
0.9, 0.224788, 0.2, 0.8, 0.225076
0.9, 0.236354, 0.2, 0.8, 0.233291
0.9, 0.23765, 0.2, 0.8, 0.229089
0.9, 0.244647, 0.2, 0.8, 0.239819
0.9, 0.228767, 0.2, 0.8, 0.230867
0.9, 0.224701, 0.2, 0.8, 0.226384
0.9, 0.238751, 0.2, 0.8, 0.235251
0.9, 0.22967, 0.2, 0.8, 0.226104
0.9, 0.231184, 0.2, 0.8, 0.228868
0.9, 0.227016, 0.2, 0.8, 0.228133
0.9, 0.232988, 0.2, 0.8, 0.231248
0.9, 0.222664, 0.2, 0.8, 0.225351
0.9, 0.228853, 0.2, 0.8, 0.226114
0.9, 0.227087, 0.2, 0.8, 0.228862
0.9, 0.239416, 0.2, 0.8, 0.228747
0.9, 0.235576, 0.2, 0.8, 0.232534
0.9, 0.24831, 0.21, 0.79, 0.241646
0.9, 0.239049, 0.21, 0.79, 0.240383
0.9, 0.234434, 0.21, 0.79, 0.234448
0.9, 0.242663, 0.21, 0.79, 0.24224
0.9, 0.244209, 0.21, 0.79, 0.240158
0.9, 0.247659, 0.21, 0.79, 0.246376
0.9, 0.249759, 0.21, 0.79, 0.24455
0.9, 0.245764, 0.21, 0.79, 0.242523
0.9, 0.238419, 0.21, 0.79, 0.238762
0.9, 0.24077, 0.21, 0.79, 0.237043
0.9, 0.234383, 0.21, 0.79, 0.238523
0.9, 0.254818, 0.21, 0.79, 0.246582
0.9, 0.257162, 0.21, 0.79, 0.25
0.9, 0.240065, 0.21, 0.79, 0.23604
0.9, 0.248415, 0.21, 0.79, 0.241933
0.9, 0.245911, 0.21, 0.79, 0.241692
0.9, 0.239497, 0.21, 0.79, 0.239545
0.9, 0.250383, 0.21, 0.79, 0.247906
0.9, 0.251569, 0.21, 0.79, 0.248256
0.9, 0.250912, 0.21, 0.79, 0.245
0.9, 0.254882, 0.21, 0.79, 0.247638
0.9, 0.238825, 0.21, 0.79, 0.236286
0.9, 0.251141, 0.21, 0.79, 0.245277
0.9, 0.253209, 0.21, 0.79, 0.246435
0.9, 0.253006, 0.21, 0.79, 0.24651
0.9, 0.265897, 0.22, 0.78, 0.260686
0.9, 0.254994, 0.22, 0.78, 0.252197
0.9, 0.255802, 0.22, 0.78, 0.255106
0.9, 0.259767, 0.22, 0.78, 0.254968
0.9, 0.25813, 0.22, 0.78, 0.256602
0.9, 0.265246, 0.22, 0.78, 0.260243
0.9, 0.251964, 0.22, 0.78, 0.25215
0.9, 0.257144, 0.22, 0.78, 0.25991
0.9, 0.260118, 0.22, 0.78, 0.257945
0.9, 0.259828, 0.22, 0.78, 0.257456
0.9, 0.263245, 0.22, 0.78, 0.255001
0.9, 0.255246, 0.22, 0.78, 0.255443
0.9, 0.267881, 0.22, 0.78, 0.265572
0.9, 0.266688, 0.22, 0.78, 0.260271
0.9, 0.253746, 0.22, 0.78, 0.25246
0.9, 0.260977, 0.22, 0.78, 0.260813
0.9, 0.262782, 0.22, 0.78, 0.25935
0.9, 0.264763, 0.22, 0.78, 0.258845
0.9, 0.269998, 0.22, 0.78, 0.262913
0.9, 0.251267, 0.22, 0.78, 0.257864
0.9, 0.267976, 0.22, 0.78, 0.260821
0.9, 0.257954, 0.22, 0.78, 0.255925
0.9, 0.260638, 0.22, 0.78, 0.261116
0.9, 0.262619, 0.22, 0.78, 0.251559
0.9, 0.262206, 0.22, 0.78, 0.254549
0.9, 0.285811, 0.23, 0.77, 0.275881
0.9, 0.266722, 0.23, 0.77, 0.267206
0.9, 0.276814, 0.23, 0.77, 0.267118
0.9, 0.27776, 0.23, 0.77, 0.276897
0.9, 0.276391, 0.23, 0.77, 0.276014
0.9, 0.281574, 0.23, 0.77, 0.278171
0.9, 0.280131, 0.23, 0.77, 0.277991
0.9, 0.288194, 0.23, 0.77, 0.280377
0.9, 0.27672, 0.23, 0.77, 0.27584
0.9, 0.292856, 0.23, 0.77, 0.277963
0.9, 0.286357, 0.23, 0.77, 0.280792
0.9, 0.278088, 0.23, 0.77, 0.273933
0.9, 0.281377, 0.23, 0.77, 0.273657
0.9, 0.280517, 0.23, 0.77, 0.270835
0.9, 0.275514, 0.23, 0.77, 0.27203
0.9, 0.280375, 0.23, 0.77, 0.273491
0.9, 0.279127, 0.23, 0.77, 0.275571
0.9, 0.283389, 0.23, 0.77, 0.274443
0.9, 0.277485, 0.23, 0.77, 0.271814
0.9, 0.273951, 0.23, 0.77, 0.276631
0.9, 0.290829, 0.23, 0.77, 0.280996
0.9, 0.272911, 0.23, 0.77, 0.27266
0.9, 0.277538, 0.23, 0.77, 0.282819
0.9, 0.287493, 0.23, 0.77, 0.279083
0.9, 0.279475, 0.23, 0.77, 0.27375
0.9, 0.289308, 0.24, 0.76, 0.290426
0.9, 0.29614, 0.24, 0.76, 0.292559
0.9, 0.309396, 0.24, 0.76, 0.299647
0.9, 0.302456, 0.24, 0.76, 0.298933
0.9, 0.284361, 0.24, 0.76, 0.277272
0.9, 0.283733, 0.24, 0.76, 0.276183
0.9, 0.296866, 0.24, 0.76, 0.286344
0.9, 0.298051, 0.24, 0.76, 0.294163
0.9, 0.298931, 0.24, 0.76, 0.292418
0.9, 0.292036, 0.24, 0.76, 0.289322
0.9, 0.290864, 0.24, 0.76, 0.288453
0.9, 0.289071, 0.24, 0.76, 0.286055
0.9, 0.295844, 0.24, 0.76, 0.289174
0.9, 0.283197, 0.24, 0.76, 0.284381
0.9, 0.295718, 0.24, 0.76, 0.294069
0.9, 0.297053, 0.24, 0.76, 0.287121
0.9, 0.28991, 0.24, 0.76, 0.289243
0.9, 0.298406, 0.24, 0.76, 0.292035
0.9, 0.29608, 0.24, 0.76, 0.291418
0.9, 0.294857, 0.24, 0.76, 0.29162
0.9, 0.290169, 0.24, 0.76, 0.287585
0.9, 0.298302, 0.24, 0.76, 0.291476
0.9, 0.295441, 0.24, 0.76, 0.292399
0.9, 0.296315, 0.24, 0.76, 0.291709
0.9, 0.284803, 0.24, 0.76, 0.282911
0.9, 0.312129, 0.25, 0.75, 0.307623
0.9, 0.309515, 0.25, 0.75, 0.300208
0.9, 0.321441, 0.25, 0.75, 0.309735
0.9, 0.302347, 0.25, 0.75, 0.297618
0.9, 0.307098, 0.25, 0.75, 0.29993
0.9, 0.308119, 0.25, 0.75, 0.303447
0.9, 0.304908, 0.25, 0.75, 0.300936
0.9, 0.311854, 0.25, 0.75, 0.304681
0.9, 0.311996, 0.25, 0.75, 0.304745
0.9, 0.311707, 0.25, 0.75, 0.308388
0.9, 0.305711, 0.25, 0.75, 0.303923
0.9, 0.322686, 0.25, 0.75, 0.314119
0.9, 0.308623, 0.25, 0.75, 0.306151
0.9, 0.299439, 0.25, 0.75, 0.304021
0.9, 0.304829, 0.25, 0.75, 0.300281
0.9, 0.317465, 0.25, 0.75, 0.306193
0.9, 0.31819, 0.25, 0.75, 0.305727
0.9, 0.305035, 0.25, 0.75, 0.294844
0.9, 0.300199, 0.25, 0.75, 0.296327
0.9, 0.326181, 0.25, 0.75, 0.319262
0.9, 0.298003, 0.25, 0.75, 0.29757
0.9, 0.307406, 0.25, 0.75, 0.305151
0.9, 0.315275, 0.25, 0.75, 0.305759
0.9, 0.300622, 0.25, 0.75, 0.299326
0.9, 0.304157, 0.25, 0.75, 0.295479
0.9, 0.322776, 0.26, 0.74, 0.318816
0.9, 0.32732, 0.26, 0.74, 0.318384
0.9, 0.342061, 0.26, 0.74, 0.327628
0.9, 0.331266, 0.26, 0.74, 0.325241
0.9, 0.326244, 0.26, 0.74, 0.32292
0.9, 0.326795, 0.26, 0.74, 0.319389
0.9, 0.324544, 0.26, 0.74, 0.324034
0.9, 0.335983, 0.26, 0.74, 0.329709
0.9, 0.319946, 0.26, 0.74, 0.30593
0.9, 0.319411, 0.26, 0.74, 0.317391
0.9, 0.324652, 0.26, 0.74, 0.318138
0.9, 0.330736, 0.26, 0.74, 0.324371
0.9, 0.317127, 0.26, 0.74, 0.312922
0.9, 0.331286, 0.26, 0.74, 0.322771
0.9, 0.324624, 0.26, 0.74, 0.319469
0.9, 0.321441, 0.26, 0.74, 0.318121
0.9, 0.329347, 0.26, 0.74, 0.325611
0.9, 0.323035, 0.26, 0.74, 0.319093
0.9, 0.32954, 0.26, 0.74, 0.324502
0.9, 0.318836, 0.26, 0.74, 0.310381
0.9, 0.329452, 0.26, 0.74, 0.326962
0.9, 0.321215, 0.26, 0.74, 0.315833
0.9, 0.330308, 0.26, 0.74, 0.325633
0.9, 0.315221, 0.26, 0.74, 0.308854
0.9, 0.33618, 0.26, 0.74, 0.328527
0.9, 0.35302, 0.27, 0.73, 0.346003
0.9, 0.3375, 0.27, 0.73, 0.32866
0.9, 0.340457, 0.27, 0.73, 0.332401
0.9, 0.344892, 0.27, 0.73, 0.343173
0.9, 0.34803, 0.27, 0.73, 0.333636
0.9, 0.354159, 0.27, 0.73, 0.343664
0.9, 0.345569, 0.27, 0.73, 0.3384
0.9, 0.346058, 0.27, 0.73, 0.340374
0.9, 0.350908, 0.27, 0.73, 0.34218
0.9, 0.327457, 0.27, 0.73, 0.329188
0.9, 0.343848, 0.27, 0.73, 0.334886
0.9, 0.343491, 0.27, 0.73, 0.335413
0.9, 0.327135, 0.27, 0.73, 0.322436
0.9, 0.350115, 0.27, 0.73, 0.34215
0.9, 0.345124, 0.27, 0.73, 0.33893
0.9, 0.350702, 0.27, 0.73, 0.342608
0.9, 0.350801, 0.27, 0.73, 0.342223
0.9, 0.345578, 0.27, 0.73, 0.335973
0.9, 0.341898, 0.27, 0.73, 0.336993
0.9, 0.34014, 0.27, 0.73, 0.332856
0.9, 0.345272, 0.27, 0.73, 0.339449
0.9, 0.345741, 0.27, 0.73, 0.345127
0.9, 0.344606, 0.27, 0.73, 0.336106
0.9, 0.344089, 0.27, 0.73, 0.341587
0.9, 0.351234, 0.27, 0.73, 0.346656
0.9, 0.357833, 0.28, 0.72, 0.351382
0.9, 0.372083, 0.28, 0.72, 0.367206
0.9, 0.363589, 0.28, 0.72, 0.355423
0.9, 0.368115, 0.28, 0.72, 0.353565
0.9, 0.362026, 0.28, 0.72, 0.351207
0.9, 0.355302, 0.28, 0.72, 0.349606
0.9, 0.35744, 0.28, 0.72, 0.345382
0.9, 0.36673, 0.28, 0.72, 0.357076
0.9, 0.357403, 0.28, 0.72, 0.350942
0.9, 0.364828, 0.28, 0.72, 0.360421
0.9, 0.37376, 0.28, 0.72, 0.358604
0.9, 0.362605, 0.28, 0.72, 0.357293
0.9, 0.36836, 0.28, 0.72, 0.353561
0.9, 0.342406, 0.28, 0.72, 0.342109
0.9, 0.364184, 0.28, 0.72, 0.351936
0.9, 0.365066, 0.28, 0.72, 0.358424
0.9, 0.360272, 0.28, 0.72, 0.351184
0.9, 0.358694, 0.28, 0.72, 0.354094
0.9, 0.363674, 0.28, 0.72, 0.352544
0.9, 0.372742, 0.28, 0.72, 0.364189
0.9, 0.355722, 0.28, 0.72, 0.350485
0.9, 0.370754, 0.28, 0.72, 0.362353
0.9, 0.368841, 0.28, 0.72, 0.35901
0.9, 0.361227, 0.28, 0.72, 0.358935
0.9, 0.364129, 0.28, 0.72, 0.355873
0.9, 0.371578, 0.29, 0.71, 0.365878
0.9, 0.392378, 0.29, 0.71, 0.374708
0.9, 0.384212, 0.29, 0.71, 0.375116
0.9, 0.379183, 0.29, 0.71, 0.370292
0.9, 0.380432, 0.29, 0.71, 0.377606
0.9, 0.367502, 0.29, 0.71, 0.364689
0.9, 0.383451, 0.29, 0.71, 0.373647
0.9, 0.367081, 0.29, 0.71, 0.35748
0.9, 0.385528, 0.29, 0.71, 0.375662
0.9, 0.369756, 0.29, 0.71, 0.366114
0.9, 0.373172, 0.29, 0.71, 0.365147
0.9, 0.380123, 0.29, 0.71, 0.371777
0.9, 0.38417, 0.29, 0.71, 0.37969
0.9, 0.386857, 0.29, 0.71, 0.382037
0.9, 0.370335, 0.29, 0.71, 0.369362
0.9, 0.380058, 0.29, 0.71, 0.373795
0.9, 0.380787, 0.29, 0.71, 0.368884
0.9, 0.380468, 0.29, 0.71, 0.375166
0.9, 0.371848, 0.29, 0.71, 0.360544
0.9, 0.377708, 0.29, 0.71, 0.368101
0.9, 0.382764, 0.29, 0.71, 0.381369
0.9, 0.388277, 0.29, 0.71, 0.373607
0.9, 0.381001, 0.29, 0.71, 0.371486
0.9, 0.385215, 0.29, 0.71, 0.36964
0.9, 0.385172, 0.29, 0.71, 0.378295
0.9, 0.397157, 0.3, 0.7, 0.394343
0.9, 0.391717, 0.3, 0.7, 0.390083
0.9, 0.397233, 0.3, 0.7, 0.388041
0.9, 0.383332, 0.3, 0.7, 0.380137
0.9, 0.395782, 0.3, 0.7, 0.394904
0.9, 0.385827, 0.3, 0.7, 0.373155
0.9, 0.396609, 0.3, 0.7, 0.383942
0.9, 0.400683, 0.3, 0.7, 0.394053
0.9, 0.399115, 0.3, 0.7, 0.394712
0.9, 0.39735, 0.3, 0.7, 0.387843
0.9, 0.390929, 0.3, 0.7, 0.38381
0.9, 0.387758, 0.3, 0.7, 0.379779
0.9, 0.39704, 0.3, 0.7, 0.386717
0.9, 0.401567, 0.3, 0.7, 0.390065
0.9, 0.392164, 0.3, 0.7, 0.39124
0.9, 0.398181, 0.3, 0.7, 0.385912
0.9, 0.387296, 0.3, 0.7, 0.38723
0.9, 0.418097, 0.3, 0.7, 0.402189
0.9, 0.396617, 0.3, 0.7, 0.384286
0.9, 0.397084, 0.3, 0.7, 0.391313
0.9, 0.392066, 0.3, 0.7, 0.385724
0.9, 0.398165, 0.3, 0.7, 0.390661
0.9, 0.393918, 0.3, 0.7, 0.387221
0.9, 0.391575, 0.3, 0.7, 0.387071
0.9, 0.393483, 0.3, 0.7, 0.386116
0.95, 0.16584, 0.15, 0.85, 0.1661
0.95, 0.163113, 0.15, 0.85, 0.163768
0.95, 0.171263, 0.15, 0.85, 0.168976
0.95, 0.16617, 0.15, 0.85, 0.164439
0.95, 0.167351, 0.15, 0.85, 0.169758
0.95, 0.172027, 0.15, 0.85, 0.169669
0.95, 0.162425, 0.15, 0.85, 0.164326
0.95, 0.168646, 0.15, 0.85, 0.167012
0.95, 0.16881, 0.15, 0.85, 0.165486
0.95, 0.170679, 0.15, 0.85, 0.167417
0.95, 0.166728, 0.15, 0.85, 0.166914
0.95, 0.168617, 0.15, 0.85, 0.169826
0.95, 0.166352, 0.15, 0.85, 0.169081
0.95, 0.172052, 0.15, 0.85, 0.169703
0.95, 0.169186, 0.15, 0.85, 0.169158
0.95, 0.165566, 0.15, 0.85, 0.167085
0.95, 0.168824, 0.15, 0.85, 0.169351
0.95, 0.167601, 0.15, 0.85, 0.169236
0.95, 0.173585, 0.15, 0.85, 0.17118
0.95, 0.171562, 0.15, 0.85, 0.169341
0.95, 0.175797, 0.15, 0.85, 0.172535
0.95, 0.16475, 0.15, 0.85, 0.164478
0.95, 0.165197, 0.15, 0.85, 0.166975
0.95, 0.164913, 0.15, 0.85, 0.1639
0.95, 0.162655, 0.15, 0.85, 0.168271
0.95, 0.176342, 0.16, 0.84, 0.176928
0.95, 0.178804, 0.16, 0.84, 0.176585
0.95, 0.182923, 0.16, 0.84, 0.182334
0.95, 0.186341, 0.16, 0.84, 0.187282
0.95, 0.182405, 0.16, 0.84, 0.176515
0.95, 0.181012, 0.16, 0.84, 0.182602
0.95, 0.179961, 0.16, 0.84, 0.181106
0.95, 0.182283, 0.16, 0.84, 0.181531
0.95, 0.180159, 0.16, 0.84, 0.181156
0.95, 0.183175, 0.16, 0.84, 0.182612
0.95, 0.17593, 0.16, 0.84, 0.180559
0.95, 0.178026, 0.16, 0.84, 0.176883
0.95, 0.181803, 0.16, 0.84, 0.180595
0.95, 0.195191, 0.16, 0.84, 0.187435
0.95, 0.184083, 0.16, 0.84, 0.184141
0.95, 0.176969, 0.16, 0.84, 0.179642
0.95, 0.180383, 0.16, 0.84, 0.176203
0.95, 0.177329, 0.16, 0.84, 0.17822
0.95, 0.188258, 0.16, 0.84, 0.187288
0.95, 0.188717, 0.16, 0.84, 0.181115
0.95, 0.179432, 0.16, 0.84, 0.17997
0.95, 0.179617, 0.16, 0.84, 0.180376
0.95, 0.176002, 0.16, 0.84, 0.179038
0.95, 0.177112, 0.16, 0.84, 0.1741
0.95, 0.176665, 0.16, 0.84, 0.180265
0.95, 0.19558, 0.17, 0.83, 0.19337
0.95, 0.192472, 0.17, 0.83, 0.192855
0.95, 0.190613, 0.17, 0.83, 0.187916
0.95, 0.196242, 0.17, 0.83, 0.194576
0.95, 0.194868, 0.17, 0.83, 0.190354
0.95, 0.195711, 0.17, 0.83, 0.189589
0.95, 0.201014, 0.17, 0.83, 0.197002
0.95, 0.195906, 0.17, 0.83, 0.198323
0.95, 0.187777, 0.17, 0.83, 0.190409
0.95, 0.19363, 0.17, 0.83, 0.193103
0.95, 0.195445, 0.17, 0.83, 0.193234
0.95, 0.194277, 0.17, 0.83, 0.193103
0.95, 0.192627, 0.17, 0.83, 0.190167
0.95, 0.189819, 0.17, 0.83, 0.190437
0.95, 0.197037, 0.17, 0.83, 0.193577
0.95, 0.185133, 0.17, 0.83, 0.188032
0.95, 0.189013, 0.17, 0.83, 0.191399
0.95, 0.191587, 0.17, 0.83, 0.189494
0.95, 0.202756, 0.17, 0.83, 0.199302
0.95, 0.193948, 0.17, 0.83, 0.195746
0.95, 0.199009, 0.17, 0.83, 0.197879
0.95, 0.189648, 0.17, 0.83, 0.186954
0.95, 0.184928, 0.17, 0.83, 0.18704
0.95, 0.193187, 0.17, 0.83, 0.193987
0.95, 0.189295, 0.17, 0.83, 0.193289
0.95, 0.205598, 0.18, 0.82, 0.207827
0.95, 0.212946, 0.18, 0.82, 0.208264
0.95, 0.208823, 0.18, 0.82, 0.210523
0.95, 0.215527, 0.18, 0.82, 0.21017
0.95, 0.203627, 0.18, 0.82, 0.207456
0.95, 0.209825, 0.18, 0.82, 0.210814
0.95, 0.207422, 0.18, 0.82, 0.205942
0.95, 0.217051, 0.18, 0.82, 0.213265
0.95, 0.209091, 0.18, 0.82, 0.208358
0.95, 0.202433, 0.18, 0.82, 0.204794
0.95, 0.20555, 0.18, 0.82, 0.203985
0.95, 0.202409, 0.18, 0.82, 0.201152
0.95, 0.198861, 0.18, 0.82, 0.201838
0.95, 0.202429, 0.18, 0.82, 0.199158
0.95, 0.208917, 0.18, 0.82, 0.211093
0.95, 0.204747, 0.18, 0.82, 0.209894
0.95, 0.201497, 0.18, 0.82, 0.2059
0.95, 0.215658, 0.18, 0.82, 0.208139
0.95, 0.21168, 0.18, 0.82, 0.211715
0.95, 0.218634, 0.18, 0.82, 0.211589
0.95, 0.204697, 0.18, 0.82, 0.203308
0.95, 0.205311, 0.18, 0.82, 0.207986
0.95, 0.20052, 0.18, 0.82, 0.20086
0.95, 0.211559, 0.18, 0.82, 0.210099
0.95, 0.207156, 0.18, 0.82, 0.208701
0.95, 0.217613, 0.19, 0.81, 0.2193
0.95, 0.215648, 0.19, 0.81, 0.219119
0.95, 0.217175, 0.19, 0.81, 0.216325
0.95, 0.224824, 0.19, 0.81, 0.225386
0.95, 0.223141, 0.19, 0.81, 0.223043
0.95, 0.223073, 0.19, 0.81, 0.220037
0.95, 0.214977, 0.19, 0.81, 0.217879
0.95, 0.217525, 0.19, 0.81, 0.216116
0.95, 0.220092, 0.19, 0.81, 0.214456
0.95, 0.216507, 0.19, 0.81, 0.218539
0.95, 0.22211, 0.19, 0.81, 0.221277
0.95, 0.222215, 0.19, 0.81, 0.223069
0.95, 0.220931, 0.19, 0.81, 0.220508
0.95, 0.229667, 0.19, 0.81, 0.229776
0.95, 0.218579, 0.19, 0.81, 0.21737
0.95, 0.222901, 0.19, 0.81, 0.218512
0.95, 0.225059, 0.19, 0.81, 0.222382
0.95, 0.21809, 0.19, 0.81, 0.22101
0.95, 0.22957, 0.19, 0.81, 0.226676
0.95, 0.22433, 0.19, 0.81, 0.223744
0.95, 0.221552, 0.19, 0.81, 0.221744
0.95, 0.222779, 0.19, 0.81, 0.223908
0.95, 0.222246, 0.19, 0.81, 0.221929
0.95, 0.224614, 0.19, 0.81, 0.221839
0.95, 0.213062, 0.19, 0.81, 0.215627
0.95, 0.235428, 0.2, 0.8, 0.229062
0.95, 0.235507, 0.2, 0.8, 0.237496
0.95, 0.247072, 0.2, 0.8, 0.242249
0.95, 0.241964, 0.2, 0.8, 0.241014
0.95, 0.242112, 0.2, 0.8, 0.235937
0.95, 0.236588, 0.2, 0.8, 0.234795
0.95, 0.243137, 0.2, 0.8, 0.237015
0.95, 0.23941, 0.2, 0.8, 0.234072
0.95, 0.232702, 0.2, 0.8, 0.229183
0.95, 0.237142, 0.2, 0.8, 0.236726
0.95, 0.23737, 0.2, 0.8, 0.234698
0.95, 0.23914, 0.2, 0.8, 0.235347
0.95, 0.23914, 0.2, 0.8, 0.239157
0.95, 0.23993, 0.2, 0.8, 0.235487
0.95, 0.242988, 0.2, 0.8, 0.237803
0.95, 0.248379, 0.2, 0.8, 0.24074
0.95, 0.235142, 0.2, 0.8, 0.234592
0.95, 0.246422, 0.2, 0.8, 0.239276
0.95, 0.243541, 0.2, 0.8, 0.235821
0.95, 0.233748, 0.2, 0.8, 0.233331
0.95, 0.240489, 0.2, 0.8, 0.239469
0.95, 0.235753, 0.2, 0.8, 0.232938
0.95, 0.24248, 0.2, 0.8, 0.235412
0.95, 0.230179, 0.2, 0.8, 0.233562
0.95, 0.246892, 0.2, 0.8, 0.238301
0.95, 0.248532, 0.21, 0.79, 0.248487
0.95, 0.257338, 0.21, 0.79, 0.252537
0.95, 0.250589, 0.21, 0.79, 0.248011
0.95, 0.254207, 0.21, 0.79, 0.250515
0.95, 0.259066, 0.21, 0.79, 0.253648
0.95, 0.25262, 0.21, 0.79, 0.249192
0.95, 0.260865, 0.21, 0.79, 0.252751
0.95, 0.25838, 0.21, 0.79, 0.250937
0.95, 0.250549, 0.21, 0.79, 0.2445
0.95, 0.2506, 0.21, 0.79, 0.253903
0.95, 0.253576, 0.21, 0.79, 0.250614
0.95, 0.24938, 0.21, 0.79, 0.247233
0.95, 0.254032, 0.21, 0.79, 0.250645
0.95, 0.263077, 0.21, 0.79, 0.260129
0.95, 0.244837, 0.21, 0.79, 0.243255
0.95, 0.247372, 0.21, 0.79, 0.244864
0.95, 0.250632, 0.21, 0.79, 0.253814
0.95, 0.256511, 0.21, 0.79, 0.252846
0.95, 0.252119, 0.21, 0.79, 0.251325
0.95, 0.25907, 0.21, 0.79, 0.252591
0.95, 0.256538, 0.21, 0.79, 0.253232
0.95, 0.250827, 0.21, 0.79, 0.243847
0.95, 0.251669, 0.21, 0.79, 0.251406
0.95, 0.253163, 0.21, 0.79, 0.253158
0.95, 0.244214, 0.21, 0.79, 0.247878
0.95, 0.269215, 0.22, 0.78, 0.259449
0.95, 0.266574, 0.22, 0.78, 0.26383
0.95, 0.277117, 0.22, 0.78, 0.2724
0.95, 0.266291, 0.22, 0.78, 0.265031
0.95, 0.275767, 0.22, 0.78, 0.267991
0.95, 0.265061, 0.22, 0.78, 0.262101
0.95, 0.256524, 0.22, 0.78, 0.256268
0.95, 0.268342, 0.22, 0.78, 0.267869
0.95, 0.274217, 0.22, 0.78, 0.271163
0.95, 0.260227, 0.22, 0.78, 0.260271
0.95, 0.26501, 0.22, 0.78, 0.265838
0.95, 0.266771, 0.22, 0.78, 0.264465
0.95, 0.276401, 0.22, 0.78, 0.267411
0.95, 0.254583, 0.22, 0.78, 0.257568
0.95, 0.261624, 0.22, 0.78, 0.257781
0.95, 0.262795, 0.22, 0.78, 0.26442
0.95, 0.2649, 0.22, 0.78, 0.263705
0.95, 0.265955, 0.22, 0.78, 0.260287
0.95, 0.264769, 0.22, 0.78, 0.26379
0.95, 0.272711, 0.22, 0.78, 0.265832
0.95, 0.274695, 0.22, 0.78, 0.265955
0.95, 0.269221, 0.22, 0.78, 0.26029
0.95, 0.259717, 0.22, 0.78, 0.264984
0.95, 0.267817, 0.22, 0.78, 0.270527
0.95, 0.264616, 0.22, 0.78, 0.261518
0.95, 0.275869, 0.23, 0.77, 0.28269
0.95, 0.283286, 0.23, 0.77, 0.281601
0.95, 0.276104, 0.23, 0.77, 0.272857
0.95, 0.283116, 0.23, 0.77, 0.276749
0.95, 0.286516, 0.23, 0.77, 0.283184
0.95, 0.275987, 0.23, 0.77, 0.278442
0.95, 0.289491, 0.23, 0.77, 0.284944
0.95, 0.287638, 0.23, 0.77, 0.282497
0.95, 0.284886, 0.23, 0.77, 0.284254
0.95, 0.271521, 0.23, 0.77, 0.267767
0.95, 0.282949, 0.23, 0.77, 0.282115
0.95, 0.287501, 0.23, 0.77, 0.283339
0.95, 0.286614, 0.23, 0.77, 0.28196
0.95, 0.281848, 0.23, 0.77, 0.280707
0.95, 0.292094, 0.23, 0.77, 0.28823
0.95, 0.28274, 0.23, 0.77, 0.281923
0.95, 0.284284, 0.23, 0.77, 0.27813
0.95, 0.279597, 0.23, 0.77, 0.280225
0.95, 0.276635, 0.23, 0.77, 0.275635
0.95, 0.284494, 0.23, 0.77, 0.282449
0.95, 0.282956, 0.23, 0.77, 0.285207
0.95, 0.279079, 0.23, 0.77, 0.277708
0.95, 0.27673, 0.23, 0.77, 0.275794
0.95, 0.28213, 0.23, 0.77, 0.278102
0.95, 0.282074, 0.23, 0.77, 0.280035
0.95, 0.307103, 0.24, 0.76, 0.301201
0.95, 0.304184, 0.24, 0.76, 0.300076
0.95, 0.29453, 0.24, 0.76, 0.292606
0.95, 0.293259, 0.24, 0.76, 0.2927
0.95, 0.299895, 0.24, 0.76, 0.294158
0.95, 0.291673, 0.24, 0.76, 0.292224
0.95, 0.293582, 0.24, 0.76, 0.293639
0.95, 0.304901, 0.24, 0.76, 0.303113
0.95, 0.300021, 0.24, 0.76, 0.293846
0.95, 0.294891, 0.24, 0.76, 0.288921
0.95, 0.299333, 0.24, 0.76, 0.293117
0.95, 0.302103, 0.24, 0.76, 0.298843
0.95, 0.303442, 0.24, 0.76, 0.298118
0.95, 0.300409, 0.24, 0.76, 0.297068
0.95, 0.305917, 0.24, 0.76, 0.293191
0.95, 0.297102, 0.24, 0.76, 0.293449
0.95, 0.304158, 0.24, 0.76, 0.297832
0.95, 0.293136, 0.24, 0.76, 0.29225
0.95, 0.299171, 0.24, 0.76, 0.297635
0.95, 0.292974, 0.24, 0.76, 0.293083
0.95, 0.299663, 0.24, 0.76, 0.296319
0.95, 0.296493, 0.24, 0.76, 0.287225
0.95, 0.305972, 0.24, 0.76, 0.295102
0.95, 0.298727, 0.24, 0.76, 0.293489
0.95, 0.301728, 0.24, 0.76, 0.29196
0.95, 0.315664, 0.25, 0.75, 0.310855
0.95, 0.307945, 0.25, 0.75, 0.309492
0.95, 0.319405, 0.25, 0.75, 0.312685
0.95, 0.32313, 0.25, 0.75, 0.319307
0.95, 0.315644, 0.25, 0.75, 0.306685
0.95, 0.310717, 0.25, 0.75, 0.309298
0.95, 0.329664, 0.25, 0.75, 0.323917
0.95, 0.308271, 0.25, 0.75, 0.305819
0.95, 0.299917, 0.25, 0.75, 0.303791
0.95, 0.316308, 0.25, 0.75, 0.312793
0.95, 0.314478, 0.25, 0.75, 0.311117
0.95, 0.308593, 0.25, 0.75, 0.306083
0.95, 0.313952, 0.25, 0.75, 0.31
0.95, 0.3077, 0.25, 0.75, 0.303942
0.95, 0.318556, 0.25, 0.75, 0.311061
0.95, 0.313942, 0.25, 0.75, 0.308796
0.95, 0.316065, 0.25, 0.75, 0.313255
0.95, 0.329149, 0.25, 0.75, 0.322793
0.95, 0.32628, 0.25, 0.75, 0.317392
0.95, 0.31736, 0.25, 0.75, 0.314748
0.95, 0.323948, 0.25, 0.75, 0.312904
0.95, 0.306832, 0.25, 0.75, 0.305474
0.95, 0.308682, 0.25, 0.75, 0.303933
0.95, 0.301186, 0.25, 0.75, 0.302305
0.95, 0.318784, 0.25, 0.75, 0.309035
0.95, 0.339627, 0.26, 0.74, 0.330999
0.95, 0.352314, 0.26, 0.74, 0.347797
0.95, 0.324556, 0.26, 0.74, 0.320026
0.95, 0.326117, 0.26, 0.74, 0.327138
0.95, 0.337291, 0.26, 0.74, 0.333892
0.95, 0.322401, 0.26, 0.74, 0.325626
0.95, 0.339751, 0.26, 0.74, 0.331785
0.95, 0.332152, 0.26, 0.74, 0.328722
0.95, 0.322077, 0.26, 0.74, 0.32472
0.95, 0.334904, 0.26, 0.74, 0.328688
0.95, 0.328509, 0.26, 0.74, 0.324503
0.95, 0.335967, 0.26, 0.74, 0.334422
0.95, 0.32904, 0.26, 0.74, 0.328828
0.95, 0.334493, 0.26, 0.74, 0.333377
0.95, 0.33232, 0.26, 0.74, 0.324052
0.95, 0.340801, 0.26, 0.74, 0.333504
0.95, 0.328223, 0.26, 0.74, 0.324262
0.95, 0.335376, 0.26, 0.74, 0.331757
0.95, 0.334909, 0.26, 0.74, 0.327408
0.95, 0.33431, 0.26, 0.74, 0.327687
0.95, 0.328935, 0.26, 0.74, 0.320966
0.95, 0.328371, 0.26, 0.74, 0.328568
0.95, 0.331043, 0.26, 0.74, 0.332603
0.95, 0.319848, 0.26, 0.74, 0.317791
0.95, 0.345116, 0.26, 0.74, 0.331884
0.95, 0.357376, 0.27, 0.73, 0.349022
0.95, 0.359734, 0.27, 0.73, 0.353567
0.95, 0.358263, 0.27, 0.73, 0.343693
0.95, 0.346413, 0.27, 0.73, 0.340065
0.95, 0.345941, 0.27, 0.73, 0.345449
0.95, 0.346625, 0.27, 0.73, 0.338171
0.95, 0.354719, 0.27, 0.73, 0.350951
0.95, 0.352556, 0.27, 0.73, 0.348316
0.95, 0.345861, 0.27, 0.73, 0.339385
0.95, 0.35163, 0.27, 0.73, 0.343873
0.95, 0.358929, 0.27, 0.73, 0.351415
0.95, 0.349714, 0.27, 0.73, 0.348322
0.95, 0.337001, 0.27, 0.73, 0.334568
0.95, 0.343206, 0.27, 0.73, 0.336858
0.95, 0.356956, 0.27, 0.73, 0.347951
0.95, 0.353592, 0.27, 0.73, 0.352672
0.95, 0.34864, 0.27, 0.73, 0.34844
0.95, 0.348858, 0.27, 0.73, 0.344558
0.95, 0.354619, 0.27, 0.73, 0.344423
0.95, 0.362681, 0.27, 0.73, 0.353419
0.95, 0.343385, 0.27, 0.73, 0.339769
0.95, 0.345199, 0.27, 0.73, 0.342936
0.95, 0.343585, 0.27, 0.73, 0.336966
0.95, 0.339948, 0.27, 0.73, 0.337772
0.95, 0.338952, 0.27, 0.73, 0.340942
0.95, 0.366319, 0.28, 0.72, 0.363618
0.95, 0.361061, 0.28, 0.72, 0.360308
0.95, 0.367913, 0.28, 0.72, 0.358043
0.95, 0.369054, 0.28, 0.72, 0.358233
0.95, 0.361966, 0.28, 0.72, 0.359267
0.95, 0.368337, 0.28, 0.72, 0.360555
0.95, 0.378739, 0.28, 0.72, 0.36889
0.95, 0.365851, 0.28, 0.72, 0.358881
0.95, 0.368402, 0.28, 0.72, 0.360231
0.95, 0.364845, 0.28, 0.72, 0.355419
0.95, 0.366898, 0.28, 0.72, 0.360483
0.95, 0.362193, 0.28, 0.72, 0.358878
0.95, 0.378454, 0.28, 0.72, 0.366614
0.95, 0.367897, 0.28, 0.72, 0.362944
0.95, 0.359342, 0.28, 0.72, 0.362995
0.95, 0.358368, 0.28, 0.72, 0.359235
0.95, 0.366186, 0.28, 0.72, 0.360703
0.95, 0.36091, 0.28, 0.72, 0.354976
0.95, 0.361181, 0.28, 0.72, 0.36247
0.95, 0.367379, 0.28, 0.72, 0.36197
0.95, 0.353566, 0.28, 0.72, 0.354243
0.95, 0.360898, 0.28, 0.72, 0.356033
0.95, 0.375689, 0.28, 0.72, 0.363276
0.95, 0.375936, 0.28, 0.72, 0.366101
0.95, 0.37156, 0.28, 0.72, 0.3629
0.95, 0.384885, 0.29, 0.71, 0.380784
0.95, 0.402423, 0.29, 0.71, 0.390448
0.95, 0.382383, 0.29, 0.71, 0.37735
0.95, 0.377903, 0.29, 0.71, 0.373127
0.95, 0.392234, 0.29, 0.71, 0.386424
0.95, 0.394718, 0.29, 0.71, 0.384981
0.95, 0.381503, 0.29, 0.71, 0.372027
0.95, 0.384285, 0.29, 0.71, 0.378308
0.95, 0.4046, 0.29, 0.71, 0.38883
0.95, 0.37781, 0.29, 0.71, 0.373964
0.95, 0.378936, 0.29, 0.71, 0.372787
0.95, 0.38909, 0.29, 0.71, 0.379164
0.95, 0.387811, 0.29, 0.71, 0.383115
0.95, 0.384293, 0.29, 0.71, 0.377768
0.95, 0.380973, 0.29, 0.71, 0.373822
0.95, 0.38431, 0.29, 0.71, 0.376067
0.95, 0.380477, 0.29, 0.71, 0.371034
0.95, 0.384027, 0.29, 0.71, 0.375141
0.95, 0.366134, 0.29, 0.71, 0.362061
0.95, 0.394219, 0.29, 0.71, 0.381649
0.95, 0.3716, 0.29, 0.71, 0.372655
0.95, 0.39053, 0.29, 0.71, 0.380476
0.95, 0.394925, 0.29, 0.71, 0.386952
0.95, 0.379351, 0.29, 0.71, 0.370573
0.95, 0.388817, 0.29, 0.71, 0.38211
0.95, 0.406875, 0.3, 0.7, 0.397857
0.95, 0.396622, 0.3, 0.7, 0.39922
0.95, 0.401811, 0.3, 0.7, 0.400161
0.95, 0.416265, 0.3, 0.7, 0.404232
0.95, 0.404069, 0.3, 0.7, 0.394294
0.95, 0.407961, 0.3, 0.7, 0.4054
0.95, 0.408592, 0.3, 0.7, 0.398827
0.95, 0.40563, 0.3, 0.7, 0.395299
0.95, 0.393042, 0.3, 0.7, 0.39396
0.95, 0.375793, 0.3, 0.7, 0.377893
0.95, 0.407479, 0.3, 0.7, 0.394062
0.95, 0.403872, 0.3, 0.7, 0.395867
0.95, 0.384651, 0.3, 0.7, 0.386685
0.95, 0.399394, 0.3, 0.7, 0.390051
0.95, 0.398554, 0.3, 0.7, 0.389652
0.95, 0.40947, 0.3, 0.7, 0.397438
0.95, 0.403476, 0.3, 0.7, 0.395377
0.95, 0.394011, 0.3, 0.7, 0.384914
0.95, 0.412953, 0.3, 0.7, 0.402932
0.95, 0.39526, 0.3, 0.7, 0.391287
0.95, 0.395405, 0.3, 0.7, 0.388595
0.95, 0.400025, 0.3, 0.7, 0.394666
0.95, 0.420812, 0.3, 0.7, 0.40714
0.95, 0.401239, 0.3, 0.7, 0.39758
0.95, 0.404281, 0.3, 0.7, 0.395454
1, 0.169849, 0.15, 0.85, 0.168235
1, 0.172171, 0.15, 0.85, 0.172089
1, 0.166991, 0.15, 0.85, 0.16771
1, 0.176056, 0.15, 0.85, 0.17513
1, 0.170283, 0.15, 0.85, 0.17314
1, 0.173223, 0.15, 0.85, 0.175651
1, 0.174414, 0.15, 0.85, 0.174239
1, 0.172957, 0.15, 0.85, 0.170781
1, 0.18019, 0.15, 0.85, 0.175333
1, 0.174195, 0.15, 0.85, 0.175193
1, 0.172862, 0.15, 0.85, 0.173155
1, 0.172711, 0.15, 0.85, 0.171978
1, 0.175966, 0.15, 0.85, 0.173456
1, 0.166919, 0.15, 0.85, 0.168017
1, 0.180005, 0.15, 0.85, 0.176691
1, 0.177511, 0.15, 0.85, 0.174755
1, 0.162918, 0.15, 0.85, 0.167183
1, 0.173645, 0.15, 0.85, 0.173175
1, 0.175012, 0.15, 0.85, 0.175427
1, 0.172355, 0.15, 0.85, 0.170212
1, 0.180861, 0.15, 0.85, 0.174242
1, 0.176679, 0.15, 0.85, 0.179104
1, 0.169823, 0.15, 0.85, 0.172376
1, 0.171001, 0.15, 0.85, 0.170936
1, 0.170592, 0.15, 0.85, 0.170097
1, 0.191605, 0.16, 0.84, 0.18915
1, 0.184939, 0.16, 0.84, 0.183872
1, 0.182507, 0.16, 0.84, 0.181707
1, 0.190108, 0.16, 0.84, 0.188617
1, 0.186498, 0.16, 0.84, 0.183859
1, 0.185333, 0.16, 0.84, 0.185045
1, 0.183864, 0.16, 0.84, 0.184303
1, 0.176812, 0.16, 0.84, 0.18443
1, 0.188502, 0.16, 0.84, 0.186143
1, 0.179602, 0.16, 0.84, 0.180283
1, 0.181454, 0.16, 0.84, 0.181634
1, 0.177385, 0.16, 0.84, 0.182738
1, 0.185213, 0.16, 0.84, 0.182617
1, 0.185488, 0.16, 0.84, 0.184319
1, 0.183667, 0.16, 0.84, 0.186063
1, 0.186615, 0.16, 0.84, 0.182271
1, 0.181311, 0.16, 0.84, 0.185719
1, 0.185903, 0.16, 0.84, 0.186306
1, 0.194538, 0.16, 0.84, 0.192351
1, 0.192287, 0.16, 0.84, 0.185839
1, 0.194258, 0.16, 0.84, 0.191023
1, 0.183004, 0.16, 0.84, 0.184049
1, 0.186136, 0.16, 0.84, 0.19059
1, 0.183818, 0.16, 0.84, 0.185829
1, 0.185294, 0.16, 0.84, 0.185839
1, 0.201459, 0.17, 0.83, 0.203355
1, 0.204569, 0.17, 0.83, 0.201045
1, 0.200483, 0.17, 0.83, 0.203253
1, 0.206923, 0.17, 0.83, 0.201735
1, 0.203204, 0.17, 0.83, 0.203657
1, 0.195993, 0.17, 0.83, 0.195239
1, 0.198188, 0.17, 0.83, 0.196882
1, 0.194454, 0.17, 0.83, 0.194797
1, 0.201891, 0.17, 0.83, 0.196737
1, 0.194656, 0.17, 0.83, 0.194568
1, 0.200496, 0.17, 0.83, 0.199648
1, 0.204403, 0.17, 0.83, 0.203445
1, 0.198738, 0.17, 0.83, 0.19673
1, 0.19735, 0.17, 0.83, 0.198903
1, 0.196361, 0.17, 0.83, 0.19889
1, 0.204121, 0.17, 0.83, 0.201003
1, 0.202791, 0.17, 0.83, 0.20297
1, 0.193916, 0.17, 0.83, 0.199383
1, 0.204749, 0.17, 0.83, 0.198007
1, 0.207705, 0.17, 0.83, 0.207165
1, 0.197244, 0.17, 0.83, 0.197007
1, 0.201668, 0.17, 0.83, 0.200424
1, 0.204204, 0.17, 0.83, 0.202319
1, 0.194574, 0.17, 0.83, 0.1979
1, 0.194406, 0.17, 0.83, 0.199051
1, 0.205091, 0.18, 0.82, 0.207176
1, 0.217583, 0.18, 0.82, 0.218978
1, 0.218528, 0.18, 0.82, 0.215783
1, 0.216655, 0.18, 0.82, 0.212376
1, 0.21807, 0.18, 0.82, 0.216026
1, 0.211855, 0.18, 0.82, 0.213131
1, 0.217845, 0.18, 0.82, 0.213381
1, 0.218612, 0.18, 0.82, 0.217029
1, 0.219018, 0.18, 0.82, 0.215627
1, 0.214346, 0.18, 0.82, 0.213424
1, 0.212922, 0.18, 0.82, 0.213208
1, 0.221171, 0.18, 0.82, 0.220244
1, 0.221445, 0.18, 0.82, 0.219498
1, 0.212788, 0.18, 0.82, 0.211573
1, 0.207121, 0.18, 0.82, 0.214145
1, 0.215732, 0.18, 0.82, 0.213072
1, 0.217027, 0.18, 0.82, 0.214648
1, 0.206298, 0.18, 0.82, 0.207479
1, 0.219888, 0.18, 0.82, 0.218331
1, 0.22182, 0.18, 0.82, 0.216563
1, 0.214247, 0.18, 0.82, 0.212484
1, 0.217422, 0.18, 0.82, 0.214561
1, 0.219196, 0.18, 0.82, 0.212384
1, 0.207173, 0.18, 0.82, 0.213425
1, 0.220213, 0.18, 0.82, 0.212755
1, 0.22915, 0.19, 0.81, 0.22894
1, 0.233974, 0.19, 0.81, 0.231131
1, 0.236832, 0.19, 0.81, 0.234757
1, 0.232219, 0.19, 0.81, 0.230718
1, 0.235113, 0.19, 0.81, 0.22627
1, 0.230054, 0.19, 0.81, 0.230432
1, 0.234182, 0.19, 0.81, 0.232985
1, 0.222312, 0.19, 0.81, 0.227812
1, 0.229288, 0.19, 0.81, 0.228456
1, 0.224616, 0.19, 0.81, 0.227715
1, 0.220253, 0.19, 0.81, 0.224879
1, 0.227054, 0.19, 0.81, 0.227436
1, 0.225896, 0.19, 0.81, 0.229099
1, 0.228416, 0.19, 0.81, 0.224701
1, 0.227712, 0.19, 0.81, 0.228008
1, 0.227977, 0.19, 0.81, 0.227487
1, 0.232297, 0.19, 0.81, 0.229936
1, 0.219155, 0.19, 0.81, 0.221341
1, 0.224813, 0.19, 0.81, 0.223506
1, 0.231537, 0.19, 0.81, 0.225074
1, 0.229944, 0.19, 0.81, 0.229027
1, 0.235124, 0.19, 0.81, 0.233291
1, 0.225882, 0.19, 0.81, 0.228197
1, 0.219745, 0.19, 0.81, 0.222169
1, 0.231403, 0.19, 0.81, 0.23157
1, 0.242158, 0.2, 0.8, 0.236108
1, 0.243236, 0.2, 0.8, 0.242322
1, 0.245817, 0.2, 0.8, 0.249316
1, 0.248483, 0.2, 0.8, 0.249627
1, 0.247476, 0.2, 0.8, 0.247378
1, 0.246891, 0.2, 0.8, 0.243841
1, 0.240422, 0.2, 0.8, 0.237755
1, 0.248598, 0.2, 0.8, 0.244016
1, 0.242242, 0.2, 0.8, 0.244644
1, 0.248995, 0.2, 0.8, 0.245275
1, 0.246967, 0.2, 0.8, 0.243461
1, 0.253651, 0.2, 0.8, 0.245877
1, 0.240164, 0.2, 0.8, 0.245217
1, 0.254907, 0.2, 0.8, 0.252011
1, 0.248514, 0.2, 0.8, 0.245384
1, 0.250881, 0.2, 0.8, 0.247288
1, 0.240019, 0.2, 0.8, 0.24053
1, 0.246461, 0.2, 0.8, 0.24526
1, 0.234388, 0.2, 0.8, 0.237689
1, 0.235751, 0.2, 0.8, 0.240477
1, 0.250001, 0.2, 0.8, 0.242002
1, 0.241387, 0.2, 0.8, 0.240348
1, 0.234641, 0.2, 0.8, 0.239869
1, 0.243226, 0.2, 0.8, 0.239479
1, 0.249517, 0.2, 0.8, 0.245081
1, 0.258108, 0.21, 0.79, 0.247836
1, 0.264352, 0.21, 0.79, 0.260509
1, 0.261641, 0.21, 0.79, 0.257558
1, 0.271137, 0.21, 0.79, 0.268656
1, 0.269109, 0.21, 0.79, 0.264017
1, 0.260349, 0.21, 0.79, 0.261373
1, 0.261898, 0.21, 0.79, 0.260803
1, 0.257534, 0.21, 0.79, 0.254891
1, 0.256947, 0.21, 0.79, 0.255486
1, 0.254798, 0.21, 0.79, 0.253471
1, 0.257721, 0.21, 0.79, 0.257593
1, 0.263478, 0.21, 0.79, 0.259454
1, 0.256711, 0.21, 0.79, 0.2574
1, 0.251729, 0.21, 0.79, 0.251584
1, 0.257709, 0.21, 0.79, 0.260027
1, 0.252925, 0.21, 0.79, 0.253433
1, 0.258046, 0.21, 0.79, 0.258854
1, 0.25671, 0.21, 0.79, 0.255479
1, 0.267637, 0.21, 0.79, 0.261453
1, 0.255036, 0.21, 0.79, 0.25196
1, 0.25486, 0.21, 0.79, 0.253973
1, 0.259352, 0.21, 0.79, 0.257983
1, 0.263208, 0.21, 0.79, 0.259803
1, 0.268311, 0.21, 0.79, 0.263813
1, 0.251044, 0.21, 0.79, 0.251112
1, 0.273934, 0.22, 0.78, 0.271346
1, 0.279839, 0.22, 0.78, 0.271836
1, 0.275524, 0.22, 0.78, 0.276391
1, 0.282305, 0.22, 0.78, 0.277826
1, 0.268735, 0.22, 0.78, 0.272471
1, 0.271127, 0.22, 0.78, 0.264971
1, 0.277465, 0.22, 0.78, 0.274374
1, 0.272431, 0.22, 0.78, 0.266646
1, 0.283773, 0.22, 0.78, 0.275843
1, 0.271792, 0.22, 0.78, 0.272191
1, 0.271212, 0.22, 0.78, 0.267402
1, 0.270496, 0.22, 0.78, 0.271199
1, 0.274105, 0.22, 0.78, 0.272371
1, 0.280409, 0.22, 0.78, 0.274533
1, 0.278612, 0.22, 0.78, 0.272889
1, 0.27128, 0.22, 0.78, 0.266959
1, 0.276832, 0.22, 0.78, 0.275687
1, 0.266495, 0.22, 0.78, 0.266984
1, 0.277486, 0.22, 0.78, 0.274697
1, 0.27546, 0.22, 0.78, 0.274057
1, 0.280973, 0.22, 0.78, 0.274927
1, 0.269187, 0.22, 0.78, 0.26724
1, 0.274024, 0.22, 0.78, 0.274127
1, 0.27401, 0.22, 0.78, 0.273056
1, 0.270012, 0.22, 0.78, 0.265562
1, 0.286652, 0.23, 0.77, 0.290585
1, 0.29448, 0.23, 0.77, 0.290827
1, 0.286139, 0.23, 0.77, 0.283354
1, 0.297198, 0.23, 0.77, 0.28893
1, 0.280923, 0.23, 0.77, 0.282869
1, 0.285828, 0.23, 0.77, 0.285172
1, 0.273663, 0.23, 0.77, 0.275493
1, 0.291543, 0.23, 0.77, 0.292141
1, 0.287986, 0.23, 0.77, 0.28495
1, 0.288928, 0.23, 0.77, 0.287688
1, 0.289665, 0.23, 0.77, 0.288
1, 0.293456, 0.23, 0.77, 0.290716
1, 0.281756, 0.23, 0.77, 0.281768
1, 0.290596, 0.23, 0.77, 0.287136
1, 0.291473, 0.23, 0.77, 0.284663
1, 0.287858, 0.23, 0.77, 0.286883
1, 0.289695, 0.23, 0.77, 0.289243
1, 0.293708, 0.23, 0.77, 0.296773
1, 0.298752, 0.23, 0.77, 0.291708
1, 0.295122, 0.23, 0.77, 0.294272
1, 0.286022, 0.23, 0.77, 0.286329
1, 0.281772, 0.23, 0.77, 0.280131
1, 0.293227, 0.23, 0.77, 0.289731
1, 0.278669, 0.23, 0.77, 0.280476
1, 0.282888, 0.23, 0.77, 0.282292
1, 0.315003, 0.24, 0.76, 0.312988
1, 0.311572, 0.24, 0.76, 0.303087
1, 0.309918, 0.24, 0.76, 0.308222
1, 0.291524, 0.24, 0.76, 0.2923
1, 0.308334, 0.24, 0.76, 0.303843
1, 0.291888, 0.24, 0.76, 0.296657
1, 0.300464, 0.24, 0.76, 0.298747
1, 0.310226, 0.24, 0.76, 0.308512
1, 0.304209, 0.24, 0.76, 0.2981
1, 0.312272, 0.24, 0.76, 0.307929
1, 0.300866, 0.24, 0.76, 0.298634
1, 0.302133, 0.24, 0.76, 0.301109
1, 0.309181, 0.24, 0.76, 0.30566
1, 0.307217, 0.24, 0.76, 0.303196
1, 0.315295, 0.24, 0.76, 0.306682
1, 0.30404, 0.24, 0.76, 0.304285
1, 0.304262, 0.24, 0.76, 0.302071
1, 0.316018, 0.24, 0.76, 0.308258
1, 0.311537, 0.24, 0.76, 0.307721
1, 0.299046, 0.24, 0.76, 0.295575
1, 0.300724, 0.24, 0.76, 0.303514
1, 0.317509, 0.24, 0.76, 0.313426
1, 0.298979, 0.24, 0.76, 0.302498
1, 0.30729, 0.24, 0.76, 0.3046
1, 0.308566, 0.24, 0.76, 0.304194
1, 0.315131, 0.25, 0.75, 0.311302
1, 0.317228, 0.25, 0.75, 0.321637
1, 0.323586, 0.25, 0.75, 0.319201
1, 0.317663, 0.25, 0.75, 0.311905
1, 0.323006, 0.25, 0.75, 0.322274
1, 0.317218, 0.25, 0.75, 0.316822
1, 0.32401, 0.25, 0.75, 0.321923
1, 0.317523, 0.25, 0.75, 0.321598
1, 0.328745, 0.25, 0.75, 0.324474
1, 0.317201, 0.25, 0.75, 0.316472
1, 0.321617, 0.25, 0.75, 0.322583
1, 0.319103, 0.25, 0.75, 0.313525
1, 0.316919, 0.25, 0.75, 0.314811
1, 0.325821, 0.25, 0.75, 0.324134
1, 0.326896, 0.25, 0.75, 0.322647
1, 0.321527, 0.25, 0.75, 0.319033
1, 0.328748, 0.25, 0.75, 0.321708
1, 0.316035, 0.25, 0.75, 0.317194
1, 0.314296, 0.25, 0.75, 0.313078
1, 0.313488, 0.25, 0.75, 0.312595
1, 0.328953, 0.25, 0.75, 0.327884
1, 0.3213, 0.25, 0.75, 0.321918
1, 0.31959, 0.25, 0.75, 0.318299
1, 0.321711, 0.25, 0.75, 0.321465
1, 0.317748, 0.25, 0.75, 0.316217
1, 0.336683, 0.26, 0.74, 0.328968
1, 0.3377, 0.26, 0.74, 0.330553
1, 0.335579, 0.26, 0.74, 0.334488
1, 0.336045, 0.26, 0.74, 0.338563
1, 0.334499, 0.26, 0.74, 0.334239
1, 0.350706, 0.26, 0.74, 0.340899
1, 0.332693, 0.26, 0.74, 0.331912
1, 0.337396, 0.26, 0.74, 0.329541
1, 0.343348, 0.26, 0.74, 0.335439
1, 0.343513, 0.26, 0.74, 0.338731
1, 0.340727, 0.26, 0.74, 0.33882
1, 0.339661, 0.26, 0.74, 0.332625
1, 0.348507, 0.26, 0.74, 0.338417
1, 0.336667, 0.26, 0.74, 0.335117
1, 0.344469, 0.26, 0.74, 0.340443
1, 0.335183, 0.26, 0.74, 0.333077
1, 0.341852, 0.26, 0.74, 0.334253
1, 0.349237, 0.26, 0.74, 0.345202
1, 0.344688, 0.26, 0.74, 0.337071
1, 0.340913, 0.26, 0.74, 0.328071
1, 0.334626, 0.26, 0.74, 0.327437
1, 0.340813, 0.26, 0.74, 0.333419
1, 0.328765, 0.26, 0.74, 0.333333
1, 0.345184, 0.26, 0.74, 0.341357
1, 0.318143, 0.26, 0.74, 0.324477
1, 0.36431, 0.27, 0.73, 0.352281
1, 0.342344, 0.27, 0.73, 0.341262
1, 0.350352, 0.27, 0.73, 0.345211
1, 0.361181, 0.27, 0.73, 0.35056
1, 0.365435, 0.27, 0.73, 0.358847
1, 0.351682, 0.27, 0.73, 0.34706
1, 0.363945, 0.27, 0.73, 0.351321
1, 0.346646, 0.27, 0.73, 0.342491
1, 0.344229, 0.27, 0.73, 0.347268
1, 0.362207, 0.27, 0.73, 0.363031
1, 0.359253, 0.27, 0.73, 0.353822
1, 0.360676, 0.27, 0.73, 0.355094
1, 0.360619, 0.27, 0.73, 0.357157
1, 0.346623, 0.27, 0.73, 0.34793
1, 0.34689, 0.27, 0.73, 0.344545
1, 0.349577, 0.27, 0.73, 0.347877
1, 0.358211, 0.27, 0.73, 0.350938
1, 0.348974, 0.27, 0.73, 0.34869
1, 0.365301, 0.27, 0.73, 0.35461
1, 0.355883, 0.27, 0.73, 0.351525
1, 0.367296, 0.27, 0.73, 0.355601
1, 0.371246, 0.27, 0.73, 0.362451
1, 0.362794, 0.27, 0.73, 0.353929
1, 0.368494, 0.27, 0.73, 0.363756
1, 0.354563, 0.27, 0.73, 0.351982
1, 0.365168, 0.28, 0.72, 0.359174
1, 0.382355, 0.28, 0.72, 0.382398
1, 0.377431, 0.28, 0.72, 0.372499
1, 0.373987, 0.28, 0.72, 0.368893
1, 0.370586, 0.28, 0.72, 0.366317
1, 0.371711, 0.28, 0.72, 0.370489
1, 0.371242, 0.28, 0.72, 0.362167
1, 0.369513, 0.28, 0.72, 0.368225
1, 0.371836, 0.28, 0.72, 0.372694
1, 0.380589, 0.28, 0.72, 0.371727
1, 0.3866, 0.28, 0.72, 0.381748
1, 0.362966, 0.28, 0.72, 0.36585
1, 0.367462, 0.28, 0.72, 0.365424
1, 0.374813, 0.28, 0.72, 0.367429
1, 0.366058, 0.28, 0.72, 0.361592
1, 0.380842, 0.28, 0.72, 0.373167
1, 0.362143, 0.28, 0.72, 0.36829
1, 0.379354, 0.28, 0.72, 0.376168
1, 0.362517, 0.28, 0.72, 0.364114
1, 0.360814, 0.28, 0.72, 0.356682
1, 0.371498, 0.28, 0.72, 0.368857
1, 0.376837, 0.28, 0.72, 0.371841
1, 0.371037, 0.28, 0.72, 0.363624
1, 0.377898, 0.28, 0.72, 0.368511
1, 0.380662, 0.28, 0.72, 0.371656
1, 0.385421, 0.29, 0.71, 0.379475
1, 0.386835, 0.29, 0.71, 0.385003
1, 0.399075, 0.29, 0.71, 0.3952
1, 0.382964, 0.29, 0.71, 0.383067
1, 0.378065, 0.29, 0.71, 0.374718
1, 0.390078, 0.29, 0.71, 0.384746
1, 0.387409, 0.29, 0.71, 0.376348
1, 0.389689, 0.29, 0.71, 0.384626
1, 0.397925, 0.29, 0.71, 0.38903
1, 0.388217, 0.29, 0.71, 0.392564
1, 0.395987, 0.29, 0.71, 0.381698
1, 0.405752, 0.29, 0.71, 0.39673
1, 0.38847, 0.29, 0.71, 0.380724
1, 0.386906, 0.29, 0.71, 0.383931
1, 0.395727, 0.29, 0.71, 0.390208
1, 0.38671, 0.29, 0.71, 0.381906
1, 0.379196, 0.29, 0.71, 0.379476
1, 0.392519, 0.29, 0.71, 0.384794
1, 0.396534, 0.29, 0.71, 0.388154
1, 0.388967, 0.29, 0.71, 0.383903
1, 0.391237, 0.29, 0.71, 0.387968
1, 0.391275, 0.29, 0.71, 0.391581
1, 0.385499, 0.29, 0.71, 0.380631
1, 0.390745, 0.29, 0.71, 0.384805
1, 0.384458, 0.29, 0.71, 0.384222
1, 0.414168, 0.3, 0.7, 0.406527
1, 0.418458, 0.3, 0.7, 0.409924
1, 0.410023, 0.3, 0.7, 0.401341
1, 0.406025, 0.3, 0.7, 0.407112
1, 0.411675, 0.3, 0.7, 0.402538
1, 0.41201, 0.3, 0.7, 0.409668
1, 0.411264, 0.3, 0.7, 0.405161
1, 0.411468, 0.3, 0.7, 0.404398
1, 0.403658, 0.3, 0.7, 0.39912
1, 0.400097, 0.3, 0.7, 0.393577
1, 0.406109, 0.3, 0.7, 0.403077
1, 0.420358, 0.3, 0.7, 0.413183
1, 0.414895, 0.3, 0.7, 0.398121
1, 0.414156, 0.3, 0.7, 0.404115
1, 0.401577, 0.3, 0.7, 0.399008
1, 0.39648, 0.3, 0.7, 0.395361
1, 0.400123, 0.3, 0.7, 0.399337
1, 0.403944, 0.3, 0.7, 0.400963
1, 0.404769, 0.3, 0.7, 0.402585
1, 0.410063, 0.3, 0.7, 0.411313
1, 0.405287, 0.3, 0.7, 0.397876
1, 0.419914, 0.3, 0.7, 0.412832
1, 0.415374, 0.3, 0.7, 0.407964
1, 0.404403, 0.3, 0.7, 0.401066
1, 0.401999, 0.3, 0.7, 0.394012
