# B5 Gamma Dynamic Simulation Results
# Strategy schedule: schedules/schedule_b5_gamma_adaptive_clever.txt
# Gamma schedule: schedules/gamma_schedule_volatile.txt
# Hash rate range: 0.15 - 0.3 (15% - 30%) in 0.01 increments
InitialGamma, Miner0_ProfitFraction, Miner0_HashRate, Miner1_HashRate, Miner0_BlockFraction
0.95, 0.16378, 0.15, 0.85, 0.162777
0.95, 0.157375, 0.15, 0.85, 0.158052
0.95, 0.155422, 0.15, 0.85, 0.159849
0.95, 0.159396, 0.15, 0.85, 0.162171
0.95, 0.157043, 0.15, 0.85, 0.157856
0.95, 0.162175, 0.15, 0.85, 0.161481
0.95, 0.155762, 0.15, 0.85, 0.154674
0.95, 0.164648, 0.15, 0.85, 0.163496
0.95, 0.15987, 0.15, 0.85, 0.163577
0.95, 0.163865, 0.15, 0.85, 0.161644
0.95, 0.159809, 0.15, 0.85, 0.16191
0.95, 0.158154, 0.15, 0.85, 0.161574
0.95, 0.164718, 0.15, 0.85, 0.162685
0.95, 0.163007, 0.15, 0.85, 0.161422
0.95, 0.160238, 0.15, 0.85, 0.159096
0.95, 0.165913, 0.15, 0.85, 0.162821
0.95, 0.155486, 0.15, 0.85, 0.157406
0.95, 0.161336, 0.15, 0.85, 0.159119
0.95, 0.161332, 0.15, 0.85, 0.160194
0.95, 0.155302, 0.15, 0.85, 0.155094
0.95, 0.161865, 0.15, 0.85, 0.162841
0.95, 0.158453, 0.15, 0.85, 0.160291
0.95, 0.159591, 0.15, 0.85, 0.156614
0.95, 0.157897, 0.15, 0.85, 0.160171
0.95, 0.158629, 0.15, 0.85, 0.160803
0.95, 0.168065, 0.16, 0.84, 0.16855
0.95, 0.174704, 0.16, 0.84, 0.173285
0.95, 0.173552, 0.16, 0.84, 0.175032
0.95, 0.169659, 0.16, 0.84, 0.171466
0.95, 0.175144, 0.16, 0.84, 0.173328
0.95, 0.16503, 0.16, 0.84, 0.165827
0.95, 0.172282, 0.16, 0.84, 0.167981
0.95, 0.175223, 0.16, 0.84, 0.172993
0.95, 0.168305, 0.16, 0.84, 0.167641
0.95, 0.177896, 0.16, 0.84, 0.177307
0.95, 0.172157, 0.16, 0.84, 0.172241
0.95, 0.16803, 0.16, 0.84, 0.168777
0.95, 0.165318, 0.16, 0.84, 0.169698
0.95, 0.176285, 0.16, 0.84, 0.177843
0.95, 0.173123, 0.16, 0.84, 0.172447
0.95, 0.165874, 0.16, 0.84, 0.169611
0.95, 0.170156, 0.16, 0.84, 0.176498
0.95, 0.171067, 0.16, 0.84, 0.171044
0.95, 0.167195, 0.16, 0.84, 0.169945
0.95, 0.172275, 0.16, 0.84, 0.170752
0.95, 0.1692, 0.16, 0.84, 0.171788
0.95, 0.176288, 0.16, 0.84, 0.17114
0.95, 0.164928, 0.16, 0.84, 0.164617
0.95, 0.172804, 0.16, 0.84, 0.17514
0.95, 0.172839, 0.16, 0.84, 0.173978
0.95, 0.177497, 0.17, 0.83, 0.179657
0.95, 0.182777, 0.17, 0.83, 0.186171
0.95, 0.181314, 0.17, 0.83, 0.18368
0.95, 0.183716, 0.17, 0.83, 0.18971
0.95, 0.18335, 0.17, 0.83, 0.186951
0.95, 0.193262, 0.17, 0.83, 0.188762
0.95, 0.180584, 0.17, 0.83, 0.184435
0.95, 0.175217, 0.17, 0.83, 0.177017
0.95, 0.180477, 0.17, 0.83, 0.181102
0.95, 0.177804, 0.17, 0.83, 0.181291
0.95, 0.181328, 0.17, 0.83, 0.189478
0.95, 0.181659, 0.17, 0.83, 0.185755
0.95, 0.186009, 0.17, 0.83, 0.186626
0.95, 0.176915, 0.17, 0.83, 0.18162
0.95, 0.188258, 0.17, 0.83, 0.185984
0.95, 0.176933, 0.17, 0.83, 0.182732
0.95, 0.18213, 0.17, 0.83, 0.182895
0.95, 0.17923, 0.17, 0.83, 0.182883
0.95, 0.179489, 0.17, 0.83, 0.179122
0.95, 0.182565, 0.17, 0.83, 0.183173
0.95, 0.186465, 0.17, 0.83, 0.188348
0.95, 0.183078, 0.17, 0.83, 0.184028
0.95, 0.179099, 0.17, 0.83, 0.184694
0.95, 0.183919, 0.17, 0.83, 0.182713
0.95, 0.189615, 0.17, 0.83, 0.189214
0.95, 0.198621, 0.18, 0.82, 0.198966
0.95, 0.18905, 0.18, 0.82, 0.192888
0.95, 0.194807, 0.18, 0.82, 0.193373
0.95, 0.195425, 0.18, 0.82, 0.192853
0.95, 0.185601, 0.18, 0.82, 0.194039
0.95, 0.197374, 0.18, 0.82, 0.198814
0.95, 0.198288, 0.18, 0.82, 0.198578
0.95, 0.19892, 0.18, 0.82, 0.198824
0.95, 0.194169, 0.18, 0.82, 0.198023
0.95, 0.19987, 0.18, 0.82, 0.201001
0.95, 0.189652, 0.18, 0.82, 0.190872
0.95, 0.187601, 0.18, 0.82, 0.195172
0.95, 0.201415, 0.18, 0.82, 0.200209
0.95, 0.193706, 0.18, 0.82, 0.192552
0.95, 0.192471, 0.18, 0.82, 0.193317
0.95, 0.197361, 0.18, 0.82, 0.198166
0.95, 0.18799, 0.18, 0.82, 0.190933
0.95, 0.202204, 0.18, 0.82, 0.203749
0.95, 0.194743, 0.18, 0.82, 0.198314
0.95, 0.196116, 0.18, 0.82, 0.195931
0.95, 0.204564, 0.18, 0.82, 0.201678
0.95, 0.195629, 0.18, 0.82, 0.19482
0.95, 0.189548, 0.18, 0.82, 0.189851
0.95, 0.189774, 0.18, 0.82, 0.193068
0.95, 0.191638, 0.18, 0.82, 0.191855
0.95, 0.200346, 0.19, 0.81, 0.204213
0.95, 0.214072, 0.19, 0.81, 0.219279
0.95, 0.203407, 0.19, 0.81, 0.204859
0.95, 0.210345, 0.19, 0.81, 0.208702
0.95, 0.197461, 0.19, 0.81, 0.201906
0.95, 0.209201, 0.19, 0.81, 0.21142
0.95, 0.20202, 0.19, 0.81, 0.208316
0.95, 0.198806, 0.19, 0.81, 0.206757
0.95, 0.210237, 0.19, 0.81, 0.209285
0.95, 0.197074, 0.19, 0.81, 0.202782
0.95, 0.207699, 0.19, 0.81, 0.211846
0.95, 0.208872, 0.19, 0.81, 0.208556
0.95, 0.210458, 0.19, 0.81, 0.210799
0.95, 0.205604, 0.19, 0.81, 0.212119
0.95, 0.221574, 0.19, 0.81, 0.220029
0.95, 0.202112, 0.19, 0.81, 0.207248
0.95, 0.203392, 0.19, 0.81, 0.211685
0.95, 0.207309, 0.19, 0.81, 0.213078
0.95, 0.20596, 0.19, 0.81, 0.209463
0.95, 0.210193, 0.19, 0.81, 0.214185
0.95, 0.204611, 0.19, 0.81, 0.207657
0.95, 0.20745, 0.19, 0.81, 0.208462
0.95, 0.209502, 0.19, 0.81, 0.210204
0.95, 0.210996, 0.19, 0.81, 0.212081
0.95, 0.208159, 0.19, 0.81, 0.215097
0.95, 0.225427, 0.2, 0.8, 0.226695
0.95, 0.226701, 0.2, 0.8, 0.226414
0.95, 0.224316, 0.2, 0.8, 0.222692
0.95, 0.217875, 0.2, 0.8, 0.219003
0.95, 0.222951, 0.2, 0.8, 0.224013
0.95, 0.221463, 0.2, 0.8, 0.22499
0.95, 0.227094, 0.2, 0.8, 0.22514
0.95, 0.22158, 0.2, 0.8, 0.224809
0.95, 0.227729, 0.2, 0.8, 0.224832
0.95, 0.216185, 0.2, 0.8, 0.219391
0.95, 0.223036, 0.2, 0.8, 0.226983
0.95, 0.217868, 0.2, 0.8, 0.219545
0.95, 0.219601, 0.2, 0.8, 0.221846
0.95, 0.223324, 0.2, 0.8, 0.228387
0.95, 0.215851, 0.2, 0.8, 0.216838
0.95, 0.224768, 0.2, 0.8, 0.22652
0.95, 0.223391, 0.2, 0.8, 0.221753
0.95, 0.226915, 0.2, 0.8, 0.226974
0.95, 0.216935, 0.2, 0.8, 0.222563
0.95, 0.215472, 0.2, 0.8, 0.22073
0.95, 0.205411, 0.2, 0.8, 0.212846
0.95, 0.229096, 0.2, 0.8, 0.230382
0.95, 0.217432, 0.2, 0.8, 0.216749
0.95, 0.216964, 0.2, 0.8, 0.225614
0.95, 0.221447, 0.2, 0.8, 0.226285
0.95, 0.232582, 0.21, 0.79, 0.236364
0.95, 0.23291, 0.21, 0.79, 0.235625
0.95, 0.232734, 0.21, 0.79, 0.236157
0.95, 0.236796, 0.21, 0.79, 0.237686
0.95, 0.233962, 0.21, 0.79, 0.235884
0.95, 0.241249, 0.21, 0.79, 0.244818
0.95, 0.230094, 0.21, 0.79, 0.234515
0.95, 0.221815, 0.21, 0.79, 0.226428
0.95, 0.232352, 0.21, 0.79, 0.237427
0.95, 0.226005, 0.21, 0.79, 0.237009
0.95, 0.244185, 0.21, 0.79, 0.242915
0.95, 0.233309, 0.21, 0.79, 0.235138
0.95, 0.239742, 0.21, 0.79, 0.239492
0.95, 0.234377, 0.21, 0.79, 0.238696
0.95, 0.226025, 0.21, 0.79, 0.233077
0.95, 0.235743, 0.21, 0.79, 0.237368
0.95, 0.236066, 0.21, 0.79, 0.236363
0.95, 0.239838, 0.21, 0.79, 0.241189
0.95, 0.234492, 0.21, 0.79, 0.231382
0.95, 0.229407, 0.21, 0.79, 0.23067
0.95, 0.232958, 0.21, 0.79, 0.233673
0.95, 0.235582, 0.21, 0.79, 0.235968
0.95, 0.235961, 0.21, 0.79, 0.236932
0.95, 0.230299, 0.21, 0.79, 0.237085
0.95, 0.229577, 0.21, 0.79, 0.234731
0.95, 0.238685, 0.22, 0.78, 0.243452
0.95, 0.250383, 0.22, 0.78, 0.256413
0.95, 0.244059, 0.22, 0.78, 0.247802
0.95, 0.239527, 0.22, 0.78, 0.244425
0.95, 0.249931, 0.22, 0.78, 0.249063
0.95, 0.258028, 0.22, 0.78, 0.257138
0.95, 0.250507, 0.22, 0.78, 0.247443
0.95, 0.251586, 0.22, 0.78, 0.255899
0.95, 0.240453, 0.22, 0.78, 0.249318
0.95, 0.251191, 0.22, 0.78, 0.251996
0.95, 0.247526, 0.22, 0.78, 0.251627
0.95, 0.242343, 0.22, 0.78, 0.249641
0.95, 0.2373, 0.22, 0.78, 0.247409
0.95, 0.248757, 0.22, 0.78, 0.25474
0.95, 0.244282, 0.22, 0.78, 0.246501
0.95, 0.240895, 0.22, 0.78, 0.24231
0.95, 0.247415, 0.22, 0.78, 0.250436
0.95, 0.248293, 0.22, 0.78, 0.254683
0.95, 0.2465, 0.22, 0.78, 0.250373
0.95, 0.248559, 0.22, 0.78, 0.252305
0.95, 0.24299, 0.22, 0.78, 0.24982
0.95, 0.252172, 0.22, 0.78, 0.250435
0.95, 0.248621, 0.22, 0.78, 0.245965
0.95, 0.251729, 0.22, 0.78, 0.250402
0.95, 0.24808, 0.22, 0.78, 0.25
0.95, 0.259057, 0.23, 0.77, 0.267746
0.95, 0.259733, 0.23, 0.77, 0.261841
0.95, 0.257169, 0.23, 0.77, 0.261796
0.95, 0.257074, 0.23, 0.77, 0.260013
0.95, 0.2572, 0.23, 0.77, 0.2586
0.95, 0.251797, 0.23, 0.77, 0.259173
0.95, 0.248243, 0.23, 0.77, 0.256534
0.95, 0.25668, 0.23, 0.77, 0.265348
0.95, 0.261307, 0.23, 0.77, 0.265946
0.95, 0.26024, 0.23, 0.77, 0.263021
0.95, 0.257355, 0.23, 0.77, 0.263916
0.95, 0.25196, 0.23, 0.77, 0.254956
0.95, 0.252899, 0.23, 0.77, 0.258753
0.95, 0.2556, 0.23, 0.77, 0.261606
0.95, 0.253868, 0.23, 0.77, 0.258683
0.95, 0.25176, 0.23, 0.77, 0.260841
0.95, 0.255602, 0.23, 0.77, 0.256314
0.95, 0.273215, 0.23, 0.77, 0.269708
0.95, 0.258929, 0.23, 0.77, 0.259639
0.95, 0.255478, 0.23, 0.77, 0.264818
0.95, 0.255189, 0.23, 0.77, 0.259351
0.95, 0.259006, 0.23, 0.77, 0.261878
0.95, 0.259631, 0.23, 0.77, 0.258626
0.95, 0.261027, 0.23, 0.77, 0.262412
0.95, 0.258729, 0.23, 0.77, 0.267011
0.95, 0.27866, 0.24, 0.76, 0.275587
0.95, 0.274075, 0.24, 0.76, 0.27326
0.95, 0.281407, 0.24, 0.76, 0.284267
0.95, 0.274096, 0.24, 0.76, 0.279514
0.95, 0.27469, 0.24, 0.76, 0.276534
0.95, 0.271187, 0.24, 0.76, 0.279721
0.95, 0.278685, 0.24, 0.76, 0.280573
0.95, 0.279096, 0.24, 0.76, 0.27941
0.95, 0.278153, 0.24, 0.76, 0.280361
0.95, 0.275636, 0.24, 0.76, 0.277696
0.95, 0.273621, 0.24, 0.76, 0.279432
0.95, 0.276217, 0.24, 0.76, 0.278806
0.95, 0.272996, 0.24, 0.76, 0.276425
0.95, 0.272436, 0.24, 0.76, 0.27954
0.95, 0.270571, 0.24, 0.76, 0.270801
0.95, 0.274462, 0.24, 0.76, 0.274235
0.95, 0.27658, 0.24, 0.76, 0.277164
0.95, 0.264595, 0.24, 0.76, 0.270788
0.95, 0.264811, 0.24, 0.76, 0.268215
0.95, 0.278874, 0.24, 0.76, 0.278194
0.95, 0.273207, 0.24, 0.76, 0.280518
0.95, 0.28619, 0.24, 0.76, 0.283824
0.95, 0.26831, 0.24, 0.76, 0.274137
0.95, 0.279778, 0.24, 0.76, 0.279669
0.95, 0.285705, 0.24, 0.76, 0.27969
0.95, 0.291092, 0.25, 0.75, 0.296111
0.95, 0.299993, 0.25, 0.75, 0.302226
0.95, 0.289817, 0.25, 0.75, 0.293705
0.95, 0.287419, 0.25, 0.75, 0.290344
0.95, 0.286288, 0.25, 0.75, 0.286089
0.95, 0.286362, 0.25, 0.75, 0.285419
0.95, 0.29208, 0.25, 0.75, 0.294064
0.95, 0.291514, 0.25, 0.75, 0.289925
0.95, 0.290916, 0.25, 0.75, 0.292475
0.95, 0.290293, 0.25, 0.75, 0.289479
0.95, 0.293637, 0.25, 0.75, 0.294635
0.95, 0.290386, 0.25, 0.75, 0.287936
0.95, 0.287763, 0.25, 0.75, 0.294701
0.95, 0.293465, 0.25, 0.75, 0.296216
0.95, 0.285579, 0.25, 0.75, 0.291641
0.95, 0.289946, 0.25, 0.75, 0.293721
0.95, 0.293952, 0.25, 0.75, 0.29
0.95, 0.304679, 0.25, 0.75, 0.301271
0.95, 0.291959, 0.25, 0.75, 0.291869
0.95, 0.2902, 0.25, 0.75, 0.291836
0.95, 0.297618, 0.25, 0.75, 0.290969
0.95, 0.291297, 0.25, 0.75, 0.293055
0.95, 0.290119, 0.25, 0.75, 0.290743
0.95, 0.287405, 0.25, 0.75, 0.289772
0.95, 0.280547, 0.25, 0.75, 0.287835
0.95, 0.306684, 0.26, 0.74, 0.311295
0.95, 0.299137, 0.26, 0.74, 0.305533
0.95, 0.308086, 0.26, 0.74, 0.305653
0.95, 0.300159, 0.26, 0.74, 0.312383
0.95, 0.310875, 0.26, 0.74, 0.315637
0.95, 0.300481, 0.26, 0.74, 0.307097
0.95, 0.308499, 0.26, 0.74, 0.307621
0.95, 0.312654, 0.26, 0.74, 0.309898
0.95, 0.302533, 0.26, 0.74, 0.30884
0.95, 0.290545, 0.26, 0.74, 0.302602
0.95, 0.310607, 0.26, 0.74, 0.31037
0.95, 0.304557, 0.26, 0.74, 0.305824
0.95, 0.311394, 0.26, 0.74, 0.314825
0.95, 0.310756, 0.26, 0.74, 0.31178
0.95, 0.301853, 0.26, 0.74, 0.310125
0.95, 0.302243, 0.26, 0.74, 0.306184
0.95, 0.299942, 0.26, 0.74, 0.300178
0.95, 0.297864, 0.26, 0.74, 0.299018
0.95, 0.299421, 0.26, 0.74, 0.305334
0.95, 0.291477, 0.26, 0.74, 0.299994
0.95, 0.30809, 0.26, 0.74, 0.311359
0.95, 0.305785, 0.26, 0.74, 0.312561
0.95, 0.299668, 0.26, 0.74, 0.299086
0.95, 0.308803, 0.26, 0.74, 0.316192
0.95, 0.295532, 0.26, 0.74, 0.30234
0.95, 0.308657, 0.27, 0.73, 0.312919
0.95, 0.31276, 0.27, 0.73, 0.325942
0.95, 0.319524, 0.27, 0.73, 0.325077
0.95, 0.313297, 0.27, 0.73, 0.321919
0.95, 0.317496, 0.27, 0.73, 0.316928
0.95, 0.317661, 0.27, 0.73, 0.311874
0.95, 0.323483, 0.27, 0.73, 0.322913
0.95, 0.306842, 0.27, 0.73, 0.321089
0.95, 0.306422, 0.27, 0.73, 0.31351
0.95, 0.310838, 0.27, 0.73, 0.319968
0.95, 0.321937, 0.27, 0.73, 0.32486
0.95, 0.323597, 0.27, 0.73, 0.318841
0.95, 0.318763, 0.27, 0.73, 0.320736
0.95, 0.325999, 0.27, 0.73, 0.32586
0.95, 0.317461, 0.27, 0.73, 0.320101
0.95, 0.319211, 0.27, 0.73, 0.317483
0.95, 0.31464, 0.27, 0.73, 0.317127
0.95, 0.311476, 0.27, 0.73, 0.31997
0.95, 0.307316, 0.27, 0.73, 0.312034
0.95, 0.304547, 0.27, 0.73, 0.312465
0.95, 0.318562, 0.27, 0.73, 0.322962
0.95, 0.322863, 0.27, 0.73, 0.322952
0.95, 0.319719, 0.27, 0.73, 0.324587
0.95, 0.322961, 0.27, 0.73, 0.322973
0.95, 0.310806, 0.27, 0.73, 0.313418
0.95, 0.334738, 0.28, 0.72, 0.34162
0.95, 0.327598, 0.28, 0.72, 0.330631
0.95, 0.327776, 0.28, 0.72, 0.335339
0.95, 0.324864, 0.28, 0.72, 0.326495
0.95, 0.328468, 0.28, 0.72, 0.334089
0.95, 0.333908, 0.28, 0.72, 0.338688
0.95, 0.341717, 0.28, 0.72, 0.340092
0.95, 0.328055, 0.28, 0.72, 0.330268
0.95, 0.33767, 0.28, 0.72, 0.341362
0.95, 0.337715, 0.28, 0.72, 0.33838
0.95, 0.329862, 0.28, 0.72, 0.337983
0.95, 0.318363, 0.28, 0.72, 0.322994
0.95, 0.323499, 0.28, 0.72, 0.329292
0.95, 0.329617, 0.28, 0.72, 0.335337
0.95, 0.343915, 0.28, 0.72, 0.338038
0.95, 0.324223, 0.28, 0.72, 0.328619
0.95, 0.332057, 0.28, 0.72, 0.339869
0.95, 0.331979, 0.28, 0.72, 0.327937
0.95, 0.325738, 0.28, 0.72, 0.332502
0.95, 0.338733, 0.28, 0.72, 0.337002
0.95, 0.324268, 0.28, 0.72, 0.333147
0.95, 0.330536, 0.28, 0.72, 0.335201
0.95, 0.327075, 0.28, 0.72, 0.332821
0.95, 0.333821, 0.28, 0.72, 0.339264
0.95, 0.325791, 0.28, 0.72, 0.332186
0.95, 0.345117, 0.29, 0.71, 0.349718
0.95, 0.35792, 0.29, 0.71, 0.356085
0.95, 0.348484, 0.29, 0.71, 0.34756
0.95, 0.350391, 0.29, 0.71, 0.354602
0.95, 0.352123, 0.29, 0.71, 0.356006
0.95, 0.351391, 0.29, 0.71, 0.352088
0.95, 0.344429, 0.29, 0.71, 0.352569
0.95, 0.338985, 0.29, 0.71, 0.344013
0.95, 0.346276, 0.29, 0.71, 0.356489
0.95, 0.351869, 0.29, 0.71, 0.34846
0.95, 0.341182, 0.29, 0.71, 0.35095
0.95, 0.356665, 0.29, 0.71, 0.362283
0.95, 0.341419, 0.29, 0.71, 0.348556
0.95, 0.342391, 0.29, 0.71, 0.346979
0.95, 0.34492, 0.29, 0.71, 0.349912
0.95, 0.337088, 0.29, 0.71, 0.345053
0.95, 0.336538, 0.29, 0.71, 0.341716
0.95, 0.337524, 0.29, 0.71, 0.346207
0.95, 0.34658, 0.29, 0.71, 0.353778
0.95, 0.341639, 0.29, 0.71, 0.348818
0.95, 0.347519, 0.29, 0.71, 0.353631
0.95, 0.350124, 0.29, 0.71, 0.353982
0.95, 0.352656, 0.29, 0.71, 0.356384
0.95, 0.349193, 0.29, 0.71, 0.350181
0.95, 0.347544, 0.29, 0.71, 0.352694
0.95, 0.356466, 0.3, 0.7, 0.358671
0.95, 0.363636, 0.3, 0.7, 0.367807
0.95, 0.355345, 0.3, 0.7, 0.358068
0.95, 0.361704, 0.3, 0.7, 0.371243
0.95, 0.362112, 0.3, 0.7, 0.36639
0.95, 0.368053, 0.3, 0.7, 0.366502
0.95, 0.366692, 0.3, 0.7, 0.370054
0.95, 0.36286, 0.3, 0.7, 0.367815
0.95, 0.35605, 0.3, 0.7, 0.369597
0.95, 0.354231, 0.3, 0.7, 0.36129
0.95, 0.372296, 0.3, 0.7, 0.374353
0.95, 0.376627, 0.3, 0.7, 0.373872
0.95, 0.360435, 0.3, 0.7, 0.364896
0.95, 0.35499, 0.3, 0.7, 0.362483
0.95, 0.362254, 0.3, 0.7, 0.361173
0.95, 0.364341, 0.3, 0.7, 0.369544
0.95, 0.356374, 0.3, 0.7, 0.366963
0.95, 0.363704, 0.3, 0.7, 0.361399
0.95, 0.370588, 0.3, 0.7, 0.369632
0.95, 0.356856, 0.3, 0.7, 0.360587
0.95, 0.368177, 0.3, 0.7, 0.366567
0.95, 0.366871, 0.3, 0.7, 0.366283
0.95, 0.357255, 0.3, 0.7, 0.367752
0.95, 0.379775, 0.3, 0.7, 0.380446
0.95, 0.365858, 0.3, 0.7, 0.372693
