# B5 Gamma Dynamic Simulation Results
# Strategy schedule: schedules/schedule_b5_gamma_adaptive_stubborn.txt
# Gamma schedule: schedules/gamma_schedule_volatile.txt
# Hash rate range: 0.15 - 0.3 (15% - 30%) in 0.01 increments
InitialGamma, Miner0_ProfitFraction, Miner0_HashRate, Miner1_HashRate, Miner0_BlockFraction
0.95, 0.155797, 0.15, 0.85, 0.157338
0.95, 0.15578, 0.15, 0.85, 0.160293
0.95, 0.153591, 0.15, 0.85, 0.153301
0.95, 0.152317, 0.15, 0.85, 0.153102
0.95, 0.155321, 0.15, 0.85, 0.155686
0.95, 0.155738, 0.15, 0.85, 0.159128
0.95, 0.160997, 0.15, 0.85, 0.155568
0.95, 0.160375, 0.15, 0.85, 0.161547
0.95, 0.162706, 0.15, 0.85, 0.159096
0.95, 0.161529, 0.15, 0.85, 0.162488
0.95, 0.160028, 0.15, 0.85, 0.159586
0.95, 0.161228, 0.15, 0.85, 0.160077
0.95, 0.153565, 0.15, 0.85, 0.159545
0.95, 0.163888, 0.15, 0.85, 0.16503
0.95, 0.155852, 0.15, 0.85, 0.159351
0.95, 0.151588, 0.15, 0.85, 0.153352
0.95, 0.158454, 0.15, 0.85, 0.161526
0.95, 0.156531, 0.15, 0.85, 0.153946
0.95, 0.154075, 0.15, 0.85, 0.155871
0.95, 0.150903, 0.15, 0.85, 0.154813
0.95, 0.16237, 0.15, 0.85, 0.165512
0.95, 0.161013, 0.15, 0.85, 0.160919
0.95, 0.151988, 0.15, 0.85, 0.157164
0.95, 0.156181, 0.15, 0.85, 0.157386
0.95, 0.159445, 0.15, 0.85, 0.159806
0.95, 0.178395, 0.16, 0.84, 0.175901
0.95, 0.166277, 0.16, 0.84, 0.17159
0.95, 0.16467, 0.16, 0.84, 0.167946
0.95, 0.173009, 0.16, 0.84, 0.172122
0.95, 0.167876, 0.16, 0.84, 0.171703
0.95, 0.174565, 0.16, 0.84, 0.177961
0.95, 0.170722, 0.16, 0.84, 0.172854
0.95, 0.168793, 0.16, 0.84, 0.169222
0.95, 0.171297, 0.16, 0.84, 0.170515
0.95, 0.167423, 0.16, 0.84, 0.172968
0.95, 0.174354, 0.16, 0.84, 0.164004
0.95, 0.174606, 0.16, 0.84, 0.176504
0.95, 0.180696, 0.16, 0.84, 0.177849
0.95, 0.180318, 0.16, 0.84, 0.179166
0.95, 0.163636, 0.16, 0.84, 0.167334
0.95, 0.160014, 0.16, 0.84, 0.166951
0.95, 0.169949, 0.16, 0.84, 0.168609
0.95, 0.16494, 0.16, 0.84, 0.169088
0.95, 0.173966, 0.16, 0.84, 0.171981
0.95, 0.169345, 0.16, 0.84, 0.168865
0.95, 0.167112, 0.16, 0.84, 0.169005
0.95, 0.165187, 0.16, 0.84, 0.166506
0.95, 0.164396, 0.16, 0.84, 0.17005
0.95, 0.169983, 0.16, 0.84, 0.169201
0.95, 0.165155, 0.16, 0.84, 0.170484
0.95, 0.188778, 0.17, 0.83, 0.183922
0.95, 0.185577, 0.17, 0.83, 0.182939
0.95, 0.182186, 0.17, 0.83, 0.185295
0.95, 0.185523, 0.17, 0.83, 0.185737
0.95, 0.190124, 0.17, 0.83, 0.186485
0.95, 0.186054, 0.17, 0.83, 0.183252
0.95, 0.187591, 0.17, 0.83, 0.185447
0.95, 0.1859, 0.17, 0.83, 0.185771
0.95, 0.188716, 0.17, 0.83, 0.186282
0.95, 0.182262, 0.17, 0.83, 0.184064
0.95, 0.185064, 0.17, 0.83, 0.184284
0.95, 0.185407, 0.17, 0.83, 0.187062
0.95, 0.18603, 0.17, 0.83, 0.185957
0.95, 0.180856, 0.17, 0.83, 0.183673
0.95, 0.174461, 0.17, 0.83, 0.176773
0.95, 0.184259, 0.17, 0.83, 0.180638
0.95, 0.178495, 0.17, 0.83, 0.181133
0.95, 0.177422, 0.17, 0.83, 0.181246
0.95, 0.193773, 0.17, 0.83, 0.190963
0.95, 0.180911, 0.17, 0.83, 0.18527
0.95, 0.182173, 0.17, 0.83, 0.182938
0.95, 0.181067, 0.17, 0.83, 0.182645
0.95, 0.177883, 0.17, 0.83, 0.184527
0.95, 0.185041, 0.17, 0.83, 0.184803
0.95, 0.177166, 0.17, 0.83, 0.179007
0.95, 0.195371, 0.18, 0.82, 0.194744
0.95, 0.190288, 0.18, 0.82, 0.196087
0.95, 0.194655, 0.18, 0.82, 0.194531
0.95, 0.19522, 0.18, 0.82, 0.199791
0.95, 0.194408, 0.18, 0.82, 0.196216
0.95, 0.19412, 0.18, 0.82, 0.19868
0.95, 0.197704, 0.18, 0.82, 0.197521
0.95, 0.19319, 0.18, 0.82, 0.195164
0.95, 0.200104, 0.18, 0.82, 0.202939
0.95, 0.19113, 0.18, 0.82, 0.19772
0.95, 0.193125, 0.18, 0.82, 0.195241
0.95, 0.190204, 0.18, 0.82, 0.196726
0.95, 0.201149, 0.18, 0.82, 0.195255
0.95, 0.195015, 0.18, 0.82, 0.196605
0.95, 0.193399, 0.18, 0.82, 0.191236
0.95, 0.194057, 0.18, 0.82, 0.190084
0.95, 0.193408, 0.18, 0.82, 0.198087
0.95, 0.194505, 0.18, 0.82, 0.195089
0.95, 0.200016, 0.18, 0.82, 0.199769
0.95, 0.196732, 0.18, 0.82, 0.193333
0.95, 0.20475, 0.18, 0.82, 0.200807
0.95, 0.197077, 0.18, 0.82, 0.201724
0.95, 0.189135, 0.18, 0.82, 0.191948
0.95, 0.19153, 0.18, 0.82, 0.192811
0.95, 0.200138, 0.18, 0.82, 0.197954
0.95, 0.211611, 0.19, 0.81, 0.214636
0.95, 0.203941, 0.19, 0.81, 0.205888
0.95, 0.20745, 0.19, 0.81, 0.210705
0.95, 0.19993, 0.19, 0.81, 0.20932
0.95, 0.196643, 0.19, 0.81, 0.205252
0.95, 0.204997, 0.19, 0.81, 0.207965
0.95, 0.211758, 0.19, 0.81, 0.213173
0.95, 0.205965, 0.19, 0.81, 0.209934
0.95, 0.206629, 0.19, 0.81, 0.20932
0.95, 0.204615, 0.19, 0.81, 0.204813
0.95, 0.211947, 0.19, 0.81, 0.210172
0.95, 0.202881, 0.19, 0.81, 0.206983
0.95, 0.213951, 0.19, 0.81, 0.210288
0.95, 0.212937, 0.19, 0.81, 0.213886
0.95, 0.207505, 0.19, 0.81, 0.206561
0.95, 0.201788, 0.19, 0.81, 0.207464
0.95, 0.212528, 0.19, 0.81, 0.211183
0.95, 0.197604, 0.19, 0.81, 0.204395
0.95, 0.207875, 0.19, 0.81, 0.207832
0.95, 0.211705, 0.19, 0.81, 0.207584
0.95, 0.204859, 0.19, 0.81, 0.208736
0.95, 0.201161, 0.19, 0.81, 0.2026
0.95, 0.20624, 0.19, 0.81, 0.210722
0.95, 0.208286, 0.19, 0.81, 0.208379
0.95, 0.213073, 0.19, 0.81, 0.216764
0.95, 0.21979, 0.2, 0.8, 0.224508
0.95, 0.215902, 0.2, 0.8, 0.222138
0.95, 0.231156, 0.2, 0.8, 0.230014
0.95, 0.23124, 0.2, 0.8, 0.227562
0.95, 0.224864, 0.2, 0.8, 0.220511
0.95, 0.216103, 0.2, 0.8, 0.220867
0.95, 0.222368, 0.2, 0.8, 0.227489
0.95, 0.226926, 0.2, 0.8, 0.227703
0.95, 0.220578, 0.2, 0.8, 0.218713
0.95, 0.215862, 0.2, 0.8, 0.221359
0.95, 0.215608, 0.2, 0.8, 0.216637
0.95, 0.218494, 0.2, 0.8, 0.220782
0.95, 0.220367, 0.2, 0.8, 0.225446
0.95, 0.225769, 0.2, 0.8, 0.226111
0.95, 0.215931, 0.2, 0.8, 0.220899
0.95, 0.219216, 0.2, 0.8, 0.227351
0.95, 0.222386, 0.2, 0.8, 0.220764
0.95, 0.217248, 0.2, 0.8, 0.219108
0.95, 0.218754, 0.2, 0.8, 0.222448
0.95, 0.219536, 0.2, 0.8, 0.222157
0.95, 0.219098, 0.2, 0.8, 0.218459
0.95, 0.221937, 0.2, 0.8, 0.222847
0.95, 0.223462, 0.2, 0.8, 0.225389
0.95, 0.216439, 0.2, 0.8, 0.218527
0.95, 0.220018, 0.2, 0.8, 0.221823
0.95, 0.240891, 0.21, 0.79, 0.239453
0.95, 0.230039, 0.21, 0.79, 0.23396
0.95, 0.234769, 0.21, 0.79, 0.234809
0.95, 0.235319, 0.21, 0.79, 0.241238
0.95, 0.232902, 0.21, 0.79, 0.231699
0.95, 0.240367, 0.21, 0.79, 0.242462
0.95, 0.230414, 0.21, 0.79, 0.234718
0.95, 0.228126, 0.21, 0.79, 0.235457
0.95, 0.225721, 0.21, 0.79, 0.232317
0.95, 0.233773, 0.21, 0.79, 0.235466
0.95, 0.240109, 0.21, 0.79, 0.233971
0.95, 0.23473, 0.21, 0.79, 0.235391
0.95, 0.238652, 0.21, 0.79, 0.237341
0.95, 0.222945, 0.21, 0.79, 0.233939
0.95, 0.230507, 0.21, 0.79, 0.238039
0.95, 0.228516, 0.21, 0.79, 0.239261
0.95, 0.242444, 0.21, 0.79, 0.235662
0.95, 0.233858, 0.21, 0.79, 0.234248
0.95, 0.22959, 0.21, 0.79, 0.238449
0.95, 0.231642, 0.21, 0.79, 0.232697
0.95, 0.228701, 0.21, 0.79, 0.235533
0.95, 0.240814, 0.21, 0.79, 0.236956
0.95, 0.236739, 0.21, 0.79, 0.237008
0.95, 0.240282, 0.21, 0.79, 0.241859
0.95, 0.231602, 0.21, 0.79, 0.23108
0.95, 0.250311, 0.22, 0.78, 0.253929
0.95, 0.247594, 0.22, 0.78, 0.252037
0.95, 0.24769, 0.22, 0.78, 0.25174
0.95, 0.238531, 0.22, 0.78, 0.243856
0.95, 0.237638, 0.22, 0.78, 0.247104
0.95, 0.245481, 0.22, 0.78, 0.248931
0.95, 0.243745, 0.22, 0.78, 0.246143
0.95, 0.246071, 0.22, 0.78, 0.254835
0.95, 0.245916, 0.22, 0.78, 0.246788
0.95, 0.246062, 0.22, 0.78, 0.244822
0.95, 0.245116, 0.22, 0.78, 0.246904
0.95, 0.253653, 0.22, 0.78, 0.254776
0.95, 0.236569, 0.22, 0.78, 0.240968
0.95, 0.254005, 0.22, 0.78, 0.250665
0.95, 0.259105, 0.22, 0.78, 0.258683
0.95, 0.245151, 0.22, 0.78, 0.245191
0.95, 0.240578, 0.22, 0.78, 0.244666
0.95, 0.256096, 0.22, 0.78, 0.254299
0.95, 0.251566, 0.22, 0.78, 0.2519
0.95, 0.24501, 0.22, 0.78, 0.249384
0.95, 0.254957, 0.22, 0.78, 0.252141
0.95, 0.246838, 0.22, 0.78, 0.249867
0.95, 0.255116, 0.22, 0.78, 0.25723
0.95, 0.24991, 0.22, 0.78, 0.252709
0.95, 0.245813, 0.22, 0.78, 0.246434
0.95, 0.262673, 0.23, 0.77, 0.267065
0.95, 0.26423, 0.23, 0.77, 0.270036
0.95, 0.259422, 0.23, 0.77, 0.263665
0.95, 0.256658, 0.23, 0.77, 0.265636
0.95, 0.254982, 0.23, 0.77, 0.26116
0.95, 0.25797, 0.23, 0.77, 0.263563
0.95, 0.25767, 0.23, 0.77, 0.260627
0.95, 0.252755, 0.23, 0.77, 0.256121
0.95, 0.260618, 0.23, 0.77, 0.268304
0.95, 0.257732, 0.23, 0.77, 0.259772
0.95, 0.265454, 0.23, 0.77, 0.265687
0.95, 0.257795, 0.23, 0.77, 0.261856
0.95, 0.252015, 0.23, 0.77, 0.255127
0.95, 0.262014, 0.23, 0.77, 0.262926
0.95, 0.263905, 0.23, 0.77, 0.268822
0.95, 0.26804, 0.23, 0.77, 0.264893
0.95, 0.251431, 0.23, 0.77, 0.257351
0.95, 0.264098, 0.23, 0.77, 0.264588
0.95, 0.259248, 0.23, 0.77, 0.263919
0.95, 0.259037, 0.23, 0.77, 0.259829
0.95, 0.25518, 0.23, 0.77, 0.263259
0.95, 0.259984, 0.23, 0.77, 0.26288
0.95, 0.264533, 0.23, 0.77, 0.263929
0.95, 0.261934, 0.23, 0.77, 0.267627
0.95, 0.26855, 0.23, 0.77, 0.269921
0.95, 0.278574, 0.24, 0.76, 0.276113
0.95, 0.282637, 0.24, 0.76, 0.280858
0.95, 0.272211, 0.24, 0.76, 0.276019
0.95, 0.276261, 0.24, 0.76, 0.28113
0.95, 0.274073, 0.24, 0.76, 0.273462
0.95, 0.264886, 0.24, 0.76, 0.268621
0.95, 0.267838, 0.24, 0.76, 0.27107
0.95, 0.27651, 0.24, 0.76, 0.280158
0.95, 0.28482, 0.24, 0.76, 0.280968
0.95, 0.276263, 0.24, 0.76, 0.274529
0.95, 0.280868, 0.24, 0.76, 0.281934
0.95, 0.275139, 0.24, 0.76, 0.281191
0.95, 0.273702, 0.24, 0.76, 0.27625
0.95, 0.279768, 0.24, 0.76, 0.282709
0.95, 0.279638, 0.24, 0.76, 0.281465
0.95, 0.27389, 0.24, 0.76, 0.279949
0.95, 0.291856, 0.24, 0.76, 0.292825
0.95, 0.283545, 0.24, 0.76, 0.278512
0.95, 0.275476, 0.24, 0.76, 0.282477
0.95, 0.275367, 0.24, 0.76, 0.277896
0.95, 0.285593, 0.24, 0.76, 0.286776
0.95, 0.283917, 0.24, 0.76, 0.281486
0.95, 0.277294, 0.24, 0.76, 0.278435
0.95, 0.275743, 0.24, 0.76, 0.28007
0.95, 0.289894, 0.24, 0.76, 0.28961
0.95, 0.289673, 0.25, 0.75, 0.291649
0.95, 0.296342, 0.25, 0.75, 0.294018
0.95, 0.287864, 0.25, 0.75, 0.290041
0.95, 0.291898, 0.25, 0.75, 0.29252
0.95, 0.290898, 0.25, 0.75, 0.295512
0.95, 0.28973, 0.25, 0.75, 0.291483
0.95, 0.288877, 0.25, 0.75, 0.28706
0.95, 0.287307, 0.25, 0.75, 0.292833
0.95, 0.290295, 0.25, 0.75, 0.289588
0.95, 0.299187, 0.25, 0.75, 0.308736
0.95, 0.279865, 0.25, 0.75, 0.287114
0.95, 0.293692, 0.25, 0.75, 0.29768
0.95, 0.285775, 0.25, 0.75, 0.292687
0.95, 0.282975, 0.25, 0.75, 0.290442
0.95, 0.28671, 0.25, 0.75, 0.292066
0.95, 0.289618, 0.25, 0.75, 0.293701
0.95, 0.289654, 0.25, 0.75, 0.294038
0.95, 0.293586, 0.25, 0.75, 0.29768
0.95, 0.28085, 0.25, 0.75, 0.290418
0.95, 0.293708, 0.25, 0.75, 0.294946
0.95, 0.305763, 0.25, 0.75, 0.301255
0.95, 0.278366, 0.25, 0.75, 0.286263
0.95, 0.289283, 0.25, 0.75, 0.295833
0.95, 0.294246, 0.25, 0.75, 0.293488
0.95, 0.292282, 0.25, 0.75, 0.289387
0.95, 0.29826, 0.26, 0.74, 0.302699
0.95, 0.300509, 0.26, 0.74, 0.301874
0.95, 0.305002, 0.26, 0.74, 0.309475
0.95, 0.315295, 0.26, 0.74, 0.309386
0.95, 0.295823, 0.26, 0.74, 0.295342
0.95, 0.296288, 0.26, 0.74, 0.300746
0.95, 0.312799, 0.26, 0.74, 0.31394
0.95, 0.304678, 0.26, 0.74, 0.305164
0.95, 0.308031, 0.26, 0.74, 0.307187
0.95, 0.304988, 0.26, 0.74, 0.300528
0.95, 0.304607, 0.26, 0.74, 0.306458
0.95, 0.297602, 0.26, 0.74, 0.299742
0.95, 0.306583, 0.26, 0.74, 0.306178
0.95, 0.298201, 0.26, 0.74, 0.30457
0.95, 0.299259, 0.26, 0.74, 0.299604
0.95, 0.295681, 0.26, 0.74, 0.303579
0.95, 0.29758, 0.26, 0.74, 0.304556
0.95, 0.303974, 0.26, 0.74, 0.305956
0.95, 0.297336, 0.26, 0.74, 0.305823
0.95, 0.30608, 0.26, 0.74, 0.308191
0.95, 0.296587, 0.26, 0.74, 0.301184
0.95, 0.310323, 0.26, 0.74, 0.307373
0.95, 0.299203, 0.26, 0.74, 0.30514
0.95, 0.304228, 0.26, 0.74, 0.307274
0.95, 0.304406, 0.26, 0.74, 0.305417
0.95, 0.321979, 0.27, 0.73, 0.325824
0.95, 0.316846, 0.27, 0.73, 0.316377
0.95, 0.321206, 0.27, 0.73, 0.322294
0.95, 0.318952, 0.27, 0.73, 0.324291
0.95, 0.315562, 0.27, 0.73, 0.323098
0.95, 0.308226, 0.27, 0.73, 0.311686
0.95, 0.320863, 0.27, 0.73, 0.321645
0.95, 0.310797, 0.27, 0.73, 0.318165
0.95, 0.310011, 0.27, 0.73, 0.31508
0.95, 0.321509, 0.27, 0.73, 0.325822
0.95, 0.310366, 0.27, 0.73, 0.319949
0.95, 0.321723, 0.27, 0.73, 0.325603
0.95, 0.327618, 0.27, 0.73, 0.329944
0.95, 0.315117, 0.27, 0.73, 0.312877
0.95, 0.323467, 0.27, 0.73, 0.324351
0.95, 0.311247, 0.27, 0.73, 0.319036
0.95, 0.315137, 0.27, 0.73, 0.320288
0.95, 0.313269, 0.27, 0.73, 0.313283
0.95, 0.31646, 0.27, 0.73, 0.318767
0.95, 0.31697, 0.27, 0.73, 0.326844
0.95, 0.316079, 0.27, 0.73, 0.319396
0.95, 0.315879, 0.27, 0.73, 0.323815
0.95, 0.306341, 0.27, 0.73, 0.313654
0.95, 0.320611, 0.27, 0.73, 0.323504
0.95, 0.315199, 0.27, 0.73, 0.31783
0.95, 0.331709, 0.28, 0.72, 0.336392
0.95, 0.330056, 0.28, 0.72, 0.338046
0.95, 0.331951, 0.28, 0.72, 0.335459
0.95, 0.315775, 0.28, 0.72, 0.326964
0.95, 0.328236, 0.28, 0.72, 0.335969
0.95, 0.340643, 0.28, 0.72, 0.343329
0.95, 0.338941, 0.28, 0.72, 0.342037
0.95, 0.339837, 0.28, 0.72, 0.339017
0.95, 0.33387, 0.28, 0.72, 0.338974
0.95, 0.33894, 0.28, 0.72, 0.343249
0.95, 0.337179, 0.28, 0.72, 0.337123
0.95, 0.337817, 0.28, 0.72, 0.338705
0.95, 0.330692, 0.28, 0.72, 0.33687
0.95, 0.342293, 0.28, 0.72, 0.342804
0.95, 0.318975, 0.28, 0.72, 0.328622
0.95, 0.330277, 0.28, 0.72, 0.334179
0.95, 0.332592, 0.28, 0.72, 0.333478
0.95, 0.332218, 0.28, 0.72, 0.339907
0.95, 0.340619, 0.28, 0.72, 0.339397
0.95, 0.326392, 0.28, 0.72, 0.334913
0.95, 0.332673, 0.28, 0.72, 0.336034
0.95, 0.329673, 0.28, 0.72, 0.334838
0.95, 0.331366, 0.28, 0.72, 0.33375
0.95, 0.330916, 0.28, 0.72, 0.335128
0.95, 0.345963, 0.28, 0.72, 0.344281
0.95, 0.342368, 0.29, 0.71, 0.35317
0.95, 0.333783, 0.29, 0.71, 0.341407
0.95, 0.333755, 0.29, 0.71, 0.340062
0.95, 0.345769, 0.29, 0.71, 0.348277
0.95, 0.351202, 0.29, 0.71, 0.354948
0.95, 0.353062, 0.29, 0.71, 0.353395
0.95, 0.343999, 0.29, 0.71, 0.346181
0.95, 0.34285, 0.29, 0.71, 0.351659
0.95, 0.344178, 0.29, 0.71, 0.353754
0.95, 0.331312, 0.29, 0.71, 0.337634
0.95, 0.344267, 0.29, 0.71, 0.350783
0.95, 0.347259, 0.29, 0.71, 0.352321
0.95, 0.351131, 0.29, 0.71, 0.355343
0.95, 0.335641, 0.29, 0.71, 0.343249
0.95, 0.350778, 0.29, 0.71, 0.349028
0.95, 0.35012, 0.29, 0.71, 0.349214
0.95, 0.340249, 0.29, 0.71, 0.347601
0.95, 0.345736, 0.29, 0.71, 0.356471
0.95, 0.343312, 0.29, 0.71, 0.349496
0.95, 0.353398, 0.29, 0.71, 0.353505
0.95, 0.35311, 0.29, 0.71, 0.350438
0.95, 0.345221, 0.29, 0.71, 0.353325
0.95, 0.340533, 0.29, 0.71, 0.344244
0.95, 0.344381, 0.29, 0.71, 0.350323
0.95, 0.35643, 0.29, 0.71, 0.358668
0.95, 0.364373, 0.3, 0.7, 0.362492
0.95, 0.366344, 0.3, 0.7, 0.364765
0.95, 0.362794, 0.3, 0.7, 0.364417
0.95, 0.364872, 0.3, 0.7, 0.370826
0.95, 0.366408, 0.3, 0.7, 0.36986
0.95, 0.370685, 0.3, 0.7, 0.37258
0.95, 0.354301, 0.3, 0.7, 0.365655
0.95, 0.365527, 0.3, 0.7, 0.369597
0.95, 0.363405, 0.3, 0.7, 0.365081
0.95, 0.351006, 0.3, 0.7, 0.360885
0.95, 0.360021, 0.3, 0.7, 0.364116
0.95, 0.356861, 0.3, 0.7, 0.360596
0.95, 0.371482, 0.3, 0.7, 0.372568
0.95, 0.369866, 0.3, 0.7, 0.363401
0.95, 0.347637, 0.3, 0.7, 0.35502
0.95, 0.349022, 0.3, 0.7, 0.356559
0.95, 0.349972, 0.3, 0.7, 0.349568
0.95, 0.353976, 0.3, 0.7, 0.358914
0.95, 0.356422, 0.3, 0.7, 0.365476
0.95, 0.368128, 0.3, 0.7, 0.370909
0.95, 0.371084, 0.3, 0.7, 0.372763
0.95, 0.36486, 0.3, 0.7, 0.36814
0.95, 0.373731, 0.3, 0.7, 0.375657
0.95, 0.368856, 0.3, 0.7, 0.369521
0.95, 0.369326, 0.3, 0.7, 0.367519
