# B5 Focused Dynamic Strategy Switching Simulation Results
# Schedule file: schedule_b5_pure_petty.txt
# Gamma (connectivity) range: 0.8 - 1.0 in 0.05 increments
# Hash rate range: 0.15 - 0.3 (15% - 30%) in 0.01 increments
Gamma, Miner0_ProfitFraction, Miner0_HashRate, Miner1_HashRate, Miner0_BlockFraction
0.8, 0.144651, 0.15, 0.85, 0.146362
0.8, 0.155203, 0.15, 0.85, 0.155024
0.8, 0.148065, 0.15, 0.85, 0.148715
0.8, 0.146754, 0.15, 0.85, 0.147555
0.8, 0.145149, 0.15, 0.85, 0.147796
0.8, 0.150457, 0.15, 0.85, 0.149141
0.8, 0.152854, 0.15, 0.85, 0.149411
0.8, 0.153699, 0.15, 0.85, 0.152722
0.8, 0.148676, 0.15, 0.85, 0.150554
0.8, 0.145357, 0.15, 0.85, 0.146068
0.8, 0.146241, 0.15, 0.85, 0.14978
0.8, 0.150437, 0.15, 0.85, 0.150186
0.8, 0.156146, 0.15, 0.85, 0.155115
0.8, 0.15202, 0.15, 0.85, 0.153316
0.8, 0.147733, 0.15, 0.85, 0.147745
0.8, 0.156038, 0.15, 0.85, 0.152191
0.8, 0.14738, 0.15, 0.85, 0.147591
0.8, 0.14556, 0.15, 0.85, 0.146488
0.8, 0.14824, 0.15, 0.85, 0.147735
0.8, 0.150715, 0.15, 0.85, 0.151431
0.8, 0.14879, 0.15, 0.85, 0.149141
0.8, 0.14722, 0.15, 0.85, 0.147019
0.8, 0.147788, 0.15, 0.85, 0.14589
0.8, 0.152475, 0.15, 0.85, 0.150265
0.8, 0.151937, 0.15, 0.85, 0.149266
0.8, 0.162165, 0.16, 0.84, 0.162389
0.8, 0.155539, 0.16, 0.84, 0.157104
0.8, 0.15614, 0.16, 0.84, 0.157394
0.8, 0.152618, 0.16, 0.84, 0.157007
0.8, 0.161322, 0.16, 0.84, 0.162433
0.8, 0.160177, 0.16, 0.84, 0.158347
0.8, 0.163997, 0.16, 0.84, 0.164144
0.8, 0.159048, 0.16, 0.84, 0.159425
0.8, 0.165088, 0.16, 0.84, 0.162334
0.8, 0.160597, 0.16, 0.84, 0.159952
0.8, 0.16206, 0.16, 0.84, 0.15881
0.8, 0.161224, 0.16, 0.84, 0.159226
0.8, 0.167188, 0.16, 0.84, 0.162073
0.8, 0.157689, 0.16, 0.84, 0.160018
0.8, 0.166467, 0.16, 0.84, 0.161434
0.8, 0.15533, 0.16, 0.84, 0.159254
0.8, 0.160787, 0.16, 0.84, 0.162188
0.8, 0.159438, 0.16, 0.84, 0.162862
0.8, 0.1579, 0.16, 0.84, 0.159733
0.8, 0.157553, 0.16, 0.84, 0.15427
0.8, 0.161803, 0.16, 0.84, 0.161383
0.8, 0.162927, 0.16, 0.84, 0.161366
0.8, 0.158518, 0.16, 0.84, 0.160107
0.8, 0.157934, 0.16, 0.84, 0.15944
0.8, 0.162873, 0.16, 0.84, 0.162005
0.8, 0.169655, 0.17, 0.83, 0.170641
0.8, 0.165571, 0.17, 0.83, 0.167309
0.8, 0.170784, 0.17, 0.83, 0.169246
0.8, 0.167898, 0.17, 0.83, 0.168382
0.8, 0.161596, 0.17, 0.83, 0.164778
0.8, 0.166, 0.17, 0.83, 0.166942
0.8, 0.168919, 0.17, 0.83, 0.171204
0.8, 0.170852, 0.17, 0.83, 0.169731
0.8, 0.165619, 0.17, 0.83, 0.170869
0.8, 0.174508, 0.17, 0.83, 0.169854
0.8, 0.165684, 0.17, 0.83, 0.166058
0.8, 0.170695, 0.17, 0.83, 0.174836
0.8, 0.167979, 0.17, 0.83, 0.166224
0.8, 0.171433, 0.17, 0.83, 0.171086
0.8, 0.171086, 0.17, 0.83, 0.16977
0.8, 0.175056, 0.17, 0.83, 0.171336
0.8, 0.160337, 0.17, 0.83, 0.166008
0.8, 0.166975, 0.17, 0.83, 0.167973
0.8, 0.167983, 0.17, 0.83, 0.168989
0.8, 0.164559, 0.17, 0.83, 0.169188
0.8, 0.168238, 0.17, 0.83, 0.169607
0.8, 0.167648, 0.17, 0.83, 0.168808
0.8, 0.168112, 0.17, 0.83, 0.171612
0.8, 0.165716, 0.17, 0.83, 0.167852
0.8, 0.174474, 0.17, 0.83, 0.167522
0.8, 0.183094, 0.18, 0.82, 0.180428
0.8, 0.175428, 0.18, 0.82, 0.176359
0.8, 0.182911, 0.18, 0.82, 0.179228
0.8, 0.17497, 0.18, 0.82, 0.180279
0.8, 0.179742, 0.18, 0.82, 0.178074
0.8, 0.184541, 0.18, 0.82, 0.183178
0.8, 0.179822, 0.18, 0.82, 0.179058
0.8, 0.1806, 0.18, 0.82, 0.179697
0.8, 0.175177, 0.18, 0.82, 0.172335
0.8, 0.187429, 0.18, 0.82, 0.181133
0.8, 0.183089, 0.18, 0.82, 0.180382
0.8, 0.188598, 0.18, 0.82, 0.1811
0.8, 0.173305, 0.18, 0.82, 0.172606
0.8, 0.185931, 0.18, 0.82, 0.183635
0.8, 0.176871, 0.18, 0.82, 0.177919
0.8, 0.179492, 0.18, 0.82, 0.180385
0.8, 0.174689, 0.18, 0.82, 0.17364
0.8, 0.184317, 0.18, 0.82, 0.181732
0.8, 0.186485, 0.18, 0.82, 0.184304
0.8, 0.184653, 0.18, 0.82, 0.183129
0.8, 0.185516, 0.18, 0.82, 0.183316
0.8, 0.179351, 0.18, 0.82, 0.181121
0.8, 0.178009, 0.18, 0.82, 0.180691
0.8, 0.178767, 0.18, 0.82, 0.179726
0.8, 0.174063, 0.18, 0.82, 0.175646
0.8, 0.181872, 0.19, 0.81, 0.185286
0.8, 0.18537, 0.19, 0.81, 0.190017
0.8, 0.187603, 0.19, 0.81, 0.187776
0.8, 0.193311, 0.19, 0.81, 0.193113
0.8, 0.18848, 0.19, 0.81, 0.186289
0.8, 0.189478, 0.19, 0.81, 0.19256
0.8, 0.189116, 0.19, 0.81, 0.189159
0.8, 0.195201, 0.19, 0.81, 0.193009
0.8, 0.189949, 0.19, 0.81, 0.188839
0.8, 0.188539, 0.19, 0.81, 0.189148
0.8, 0.190366, 0.19, 0.81, 0.188848
0.8, 0.196148, 0.19, 0.81, 0.190068
0.8, 0.195372, 0.19, 0.81, 0.191751
0.8, 0.188932, 0.19, 0.81, 0.191599
0.8, 0.184797, 0.19, 0.81, 0.186756
0.8, 0.188701, 0.19, 0.81, 0.188253
0.8, 0.198069, 0.19, 0.81, 0.194896
0.8, 0.192534, 0.19, 0.81, 0.189014
0.8, 0.189679, 0.19, 0.81, 0.189458
0.8, 0.186953, 0.19, 0.81, 0.183604
0.8, 0.18688, 0.19, 0.81, 0.187497
0.8, 0.196125, 0.19, 0.81, 0.19263
0.8, 0.190569, 0.19, 0.81, 0.190612
0.8, 0.191717, 0.19, 0.81, 0.194042
0.8, 0.193483, 0.19, 0.81, 0.190243
0.8, 0.201494, 0.2, 0.8, 0.204356
0.8, 0.199219, 0.2, 0.8, 0.194996
0.8, 0.205416, 0.2, 0.8, 0.198821
0.8, 0.201388, 0.2, 0.8, 0.198767
0.8, 0.200266, 0.2, 0.8, 0.198151
0.8, 0.196408, 0.2, 0.8, 0.19694
0.8, 0.192246, 0.2, 0.8, 0.193964
0.8, 0.197572, 0.2, 0.8, 0.191822
0.8, 0.198196, 0.2, 0.8, 0.198791
0.8, 0.200218, 0.2, 0.8, 0.201107
0.8, 0.197363, 0.2, 0.8, 0.199518
0.8, 0.200933, 0.2, 0.8, 0.197589
0.8, 0.200806, 0.2, 0.8, 0.199479
0.8, 0.200007, 0.2, 0.8, 0.202345
0.8, 0.198139, 0.2, 0.8, 0.199046
0.8, 0.20098, 0.2, 0.8, 0.202077
0.8, 0.196462, 0.2, 0.8, 0.198023
0.8, 0.202889, 0.2, 0.8, 0.19978
0.8, 0.201263, 0.2, 0.8, 0.20331
0.8, 0.205046, 0.2, 0.8, 0.200866
0.8, 0.196368, 0.2, 0.8, 0.196552
0.8, 0.19747, 0.2, 0.8, 0.200884
0.8, 0.190076, 0.2, 0.8, 0.18993
0.8, 0.196675, 0.2, 0.8, 0.197073
0.8, 0.20444, 0.2, 0.8, 0.205327
0.8, 0.212697, 0.21, 0.79, 0.207428
0.8, 0.21543, 0.21, 0.79, 0.213511
0.8, 0.213544, 0.21, 0.79, 0.210579
0.8, 0.208283, 0.21, 0.79, 0.207317
0.8, 0.21021, 0.21, 0.79, 0.211211
0.8, 0.21358, 0.21, 0.79, 0.20786
0.8, 0.206142, 0.21, 0.79, 0.206155
0.8, 0.21205, 0.21, 0.79, 0.211485
0.8, 0.202642, 0.21, 0.79, 0.20857
0.8, 0.215961, 0.21, 0.79, 0.215956
0.8, 0.203829, 0.21, 0.79, 0.207819
0.8, 0.212427, 0.21, 0.79, 0.209562
0.8, 0.200289, 0.21, 0.79, 0.206011
0.8, 0.205122, 0.21, 0.79, 0.208306
0.8, 0.21736, 0.21, 0.79, 0.214917
0.8, 0.208778, 0.21, 0.79, 0.209781
0.8, 0.209196, 0.21, 0.79, 0.210305
0.8, 0.21177, 0.21, 0.79, 0.209926
0.8, 0.211288, 0.21, 0.79, 0.212163
0.8, 0.204368, 0.21, 0.79, 0.206825
0.8, 0.203173, 0.21, 0.79, 0.205764
0.8, 0.214098, 0.21, 0.79, 0.212929
0.8, 0.205316, 0.21, 0.79, 0.208051
0.8, 0.216397, 0.21, 0.79, 0.213817
0.8, 0.202808, 0.21, 0.79, 0.209715
0.8, 0.21635, 0.22, 0.78, 0.215735
0.8, 0.222255, 0.22, 0.78, 0.22051
0.8, 0.219404, 0.22, 0.78, 0.220605
0.8, 0.216352, 0.22, 0.78, 0.216306
0.8, 0.220252, 0.22, 0.78, 0.2208
0.8, 0.219131, 0.22, 0.78, 0.218202
0.8, 0.220532, 0.22, 0.78, 0.218288
0.8, 0.224838, 0.22, 0.78, 0.225107
0.8, 0.221135, 0.22, 0.78, 0.224576
0.8, 0.225147, 0.22, 0.78, 0.223125
0.8, 0.220925, 0.22, 0.78, 0.222666
0.8, 0.223047, 0.22, 0.78, 0.222255
0.8, 0.223781, 0.22, 0.78, 0.221696
0.8, 0.215495, 0.22, 0.78, 0.221075
0.8, 0.21548, 0.22, 0.78, 0.218126
0.8, 0.218762, 0.22, 0.78, 0.222222
0.8, 0.215343, 0.22, 0.78, 0.215064
0.8, 0.220519, 0.22, 0.78, 0.217672
0.8, 0.216542, 0.22, 0.78, 0.216848
0.8, 0.226067, 0.22, 0.78, 0.226268
0.8, 0.215449, 0.22, 0.78, 0.217675
0.8, 0.218975, 0.22, 0.78, 0.222319
0.8, 0.221687, 0.22, 0.78, 0.218185
0.8, 0.224472, 0.22, 0.78, 0.222273
0.8, 0.224957, 0.22, 0.78, 0.223237
0.8, 0.232178, 0.23, 0.77, 0.231904
0.8, 0.232908, 0.23, 0.77, 0.229149
0.8, 0.229328, 0.23, 0.77, 0.226355
0.8, 0.226289, 0.23, 0.77, 0.22311
0.8, 0.234144, 0.23, 0.77, 0.23342
0.8, 0.234167, 0.23, 0.77, 0.235683
0.8, 0.235273, 0.23, 0.77, 0.232038
0.8, 0.232016, 0.23, 0.77, 0.23168
0.8, 0.239271, 0.23, 0.77, 0.233487
0.8, 0.236093, 0.23, 0.77, 0.234588
0.8, 0.222709, 0.23, 0.77, 0.224942
0.8, 0.2346, 0.23, 0.77, 0.231647
0.8, 0.233832, 0.23, 0.77, 0.231893
0.8, 0.220969, 0.23, 0.77, 0.225314
0.8, 0.228581, 0.23, 0.77, 0.230598
0.8, 0.233789, 0.23, 0.77, 0.232722
0.8, 0.226698, 0.23, 0.77, 0.230027
0.8, 0.220067, 0.23, 0.77, 0.225414
0.8, 0.238771, 0.23, 0.77, 0.232773
0.8, 0.227068, 0.23, 0.77, 0.228354
0.8, 0.235379, 0.23, 0.77, 0.231153
0.8, 0.244841, 0.23, 0.77, 0.23479
0.8, 0.229718, 0.23, 0.77, 0.228874
0.8, 0.225107, 0.23, 0.77, 0.228537
0.8, 0.226434, 0.23, 0.77, 0.230213
0.8, 0.23268, 0.24, 0.76, 0.236235
0.8, 0.238097, 0.24, 0.76, 0.240445
0.8, 0.239458, 0.24, 0.76, 0.236821
0.8, 0.235924, 0.24, 0.76, 0.236583
0.8, 0.243564, 0.24, 0.76, 0.238233
0.8, 0.239922, 0.24, 0.76, 0.238999
0.8, 0.241147, 0.24, 0.76, 0.242988
0.8, 0.242847, 0.24, 0.76, 0.245722
0.8, 0.237331, 0.24, 0.76, 0.236647
0.8, 0.242718, 0.24, 0.76, 0.237443
0.8, 0.242265, 0.24, 0.76, 0.246805
0.8, 0.243776, 0.24, 0.76, 0.244197
0.8, 0.245853, 0.24, 0.76, 0.244287
0.8, 0.234243, 0.24, 0.76, 0.23766
0.8, 0.244171, 0.24, 0.76, 0.243082
0.8, 0.245358, 0.24, 0.76, 0.243143
0.8, 0.228593, 0.24, 0.76, 0.233016
0.8, 0.252487, 0.24, 0.76, 0.24648
0.8, 0.239342, 0.24, 0.76, 0.240459
0.8, 0.238431, 0.24, 0.76, 0.237953
0.8, 0.239652, 0.24, 0.76, 0.240264
0.8, 0.241913, 0.24, 0.76, 0.244252
0.8, 0.241035, 0.24, 0.76, 0.240588
0.8, 0.24166, 0.24, 0.76, 0.233658
0.8, 0.233981, 0.24, 0.76, 0.236019
0.8, 0.255329, 0.25, 0.75, 0.256458
0.8, 0.243329, 0.25, 0.75, 0.245276
0.8, 0.247134, 0.25, 0.75, 0.246757
0.8, 0.248832, 0.25, 0.75, 0.252981
0.8, 0.254408, 0.25, 0.75, 0.25183
0.8, 0.24893, 0.25, 0.75, 0.248533
0.8, 0.25129, 0.25, 0.75, 0.25137
0.8, 0.249119, 0.25, 0.75, 0.249561
0.8, 0.251885, 0.25, 0.75, 0.2521
0.8, 0.247702, 0.25, 0.75, 0.248196
0.8, 0.252327, 0.25, 0.75, 0.252877
0.8, 0.244533, 0.25, 0.75, 0.25133
0.8, 0.256728, 0.25, 0.75, 0.255533
0.8, 0.24971, 0.25, 0.75, 0.250778
0.8, 0.25867, 0.25, 0.75, 0.255142
0.8, 0.247333, 0.25, 0.75, 0.244645
0.8, 0.25418, 0.25, 0.75, 0.251518
0.8, 0.249869, 0.25, 0.75, 0.248714
0.8, 0.249574, 0.25, 0.75, 0.250112
0.8, 0.254587, 0.25, 0.75, 0.249838
0.8, 0.252153, 0.25, 0.75, 0.253558
0.8, 0.257368, 0.25, 0.75, 0.252747
0.8, 0.251697, 0.25, 0.75, 0.25167
0.8, 0.248128, 0.25, 0.75, 0.248416
0.8, 0.24458, 0.25, 0.75, 0.248426
0.8, 0.258229, 0.26, 0.74, 0.257248
0.8, 0.264625, 0.26, 0.74, 0.259456
0.8, 0.258816, 0.26, 0.74, 0.260609
0.8, 0.263189, 0.26, 0.74, 0.266058
0.8, 0.260668, 0.26, 0.74, 0.264362
0.8, 0.26072, 0.26, 0.74, 0.257038
0.8, 0.258341, 0.26, 0.74, 0.257574
0.8, 0.245392, 0.26, 0.74, 0.253456
0.8, 0.254088, 0.26, 0.74, 0.257263
0.8, 0.259252, 0.26, 0.74, 0.257976
0.8, 0.257636, 0.26, 0.74, 0.260016
0.8, 0.262219, 0.26, 0.74, 0.259239
0.8, 0.257745, 0.26, 0.74, 0.256261
0.8, 0.268372, 0.26, 0.74, 0.265766
0.8, 0.260783, 0.26, 0.74, 0.261634
0.8, 0.254959, 0.26, 0.74, 0.258755
0.8, 0.260982, 0.26, 0.74, 0.259586
0.8, 0.259445, 0.26, 0.74, 0.258024
0.8, 0.259748, 0.26, 0.74, 0.264673
0.8, 0.265304, 0.26, 0.74, 0.265401
0.8, 0.264209, 0.26, 0.74, 0.261939
0.8, 0.263356, 0.26, 0.74, 0.260601
0.8, 0.26429, 0.26, 0.74, 0.260598
0.8, 0.256898, 0.26, 0.74, 0.260958
0.8, 0.25814, 0.26, 0.74, 0.257916
0.8, 0.267, 0.27, 0.73, 0.266061
0.8, 0.265905, 0.27, 0.73, 0.265431
0.8, 0.277911, 0.27, 0.73, 0.271823
0.8, 0.276996, 0.27, 0.73, 0.277359
0.8, 0.274321, 0.27, 0.73, 0.277287
0.8, 0.265981, 0.27, 0.73, 0.268596
0.8, 0.26994, 0.27, 0.73, 0.269039
0.8, 0.269872, 0.27, 0.73, 0.271591
0.8, 0.269992, 0.27, 0.73, 0.271689
0.8, 0.275796, 0.27, 0.73, 0.27109
0.8, 0.268521, 0.27, 0.73, 0.272086
0.8, 0.267624, 0.27, 0.73, 0.271626
0.8, 0.274749, 0.27, 0.73, 0.275259
0.8, 0.266385, 0.27, 0.73, 0.268284
0.8, 0.268959, 0.27, 0.73, 0.265102
0.8, 0.269914, 0.27, 0.73, 0.26915
0.8, 0.266664, 0.27, 0.73, 0.267138
0.8, 0.271881, 0.27, 0.73, 0.268441
0.8, 0.262309, 0.27, 0.73, 0.266787
0.8, 0.276473, 0.27, 0.73, 0.272238
0.8, 0.272394, 0.27, 0.73, 0.272347
0.8, 0.272274, 0.27, 0.73, 0.273289
0.8, 0.268318, 0.27, 0.73, 0.272024
0.8, 0.266814, 0.27, 0.73, 0.272504
0.8, 0.263835, 0.27, 0.73, 0.264925
0.8, 0.288855, 0.28, 0.72, 0.289044
0.8, 0.277418, 0.28, 0.72, 0.277242
0.8, 0.28342, 0.28, 0.72, 0.284982
0.8, 0.276846, 0.28, 0.72, 0.277255
0.8, 0.282152, 0.28, 0.72, 0.279355
0.8, 0.281248, 0.28, 0.72, 0.279918
0.8, 0.281729, 0.28, 0.72, 0.279858
0.8, 0.284507, 0.28, 0.72, 0.282747
0.8, 0.286196, 0.28, 0.72, 0.281717
0.8, 0.27861, 0.28, 0.72, 0.276819
0.8, 0.277741, 0.28, 0.72, 0.277927
0.8, 0.27559, 0.28, 0.72, 0.278082
0.8, 0.288548, 0.28, 0.72, 0.284524
0.8, 0.2815, 0.28, 0.72, 0.279627
0.8, 0.279756, 0.28, 0.72, 0.283921
0.8, 0.269264, 0.28, 0.72, 0.272334
0.8, 0.278463, 0.28, 0.72, 0.280501
0.8, 0.279948, 0.28, 0.72, 0.277939
0.8, 0.280329, 0.28, 0.72, 0.282431
0.8, 0.283714, 0.28, 0.72, 0.28037
0.8, 0.282897, 0.28, 0.72, 0.281796
0.8, 0.278619, 0.28, 0.72, 0.281848
0.8, 0.28182, 0.28, 0.72, 0.279526
0.8, 0.277574, 0.28, 0.72, 0.280929
0.8, 0.283331, 0.28, 0.72, 0.281817
0.8, 0.297098, 0.29, 0.71, 0.292934
0.8, 0.280805, 0.29, 0.71, 0.281907
0.8, 0.281692, 0.29, 0.71, 0.285714
0.8, 0.287548, 0.29, 0.71, 0.285722
0.8, 0.298765, 0.29, 0.71, 0.291824
0.8, 0.282208, 0.29, 0.71, 0.285871
0.8, 0.290296, 0.29, 0.71, 0.288927
0.8, 0.299708, 0.29, 0.71, 0.29533
0.8, 0.288334, 0.29, 0.71, 0.286007
0.8, 0.295014, 0.29, 0.71, 0.298017
0.8, 0.292384, 0.29, 0.71, 0.290202
0.8, 0.289559, 0.29, 0.71, 0.29288
0.8, 0.285753, 0.29, 0.71, 0.288142
0.8, 0.292274, 0.29, 0.71, 0.29281
0.8, 0.290231, 0.29, 0.71, 0.290135
0.8, 0.291265, 0.29, 0.71, 0.292312
0.8, 0.291049, 0.29, 0.71, 0.293449
0.8, 0.293976, 0.29, 0.71, 0.289348
0.8, 0.29005, 0.29, 0.71, 0.290262
0.8, 0.29476, 0.29, 0.71, 0.29173
0.8, 0.28323, 0.29, 0.71, 0.283533
0.8, 0.293229, 0.29, 0.71, 0.289268
0.8, 0.285908, 0.29, 0.71, 0.289397
0.8, 0.295989, 0.29, 0.71, 0.296184
0.8, 0.289715, 0.29, 0.71, 0.294115
0.8, 0.301239, 0.3, 0.7, 0.300025
0.8, 0.297741, 0.3, 0.7, 0.297299
0.8, 0.29684, 0.3, 0.7, 0.302409
0.8, 0.294945, 0.3, 0.7, 0.296622
0.8, 0.296775, 0.3, 0.7, 0.29721
0.8, 0.304219, 0.3, 0.7, 0.30072
0.8, 0.308008, 0.3, 0.7, 0.306682
0.8, 0.30158, 0.3, 0.7, 0.298301
0.8, 0.298364, 0.3, 0.7, 0.299249
0.8, 0.296538, 0.3, 0.7, 0.298332
0.8, 0.310773, 0.3, 0.7, 0.306017
0.8, 0.297648, 0.3, 0.7, 0.297017
0.8, 0.303286, 0.3, 0.7, 0.301076
0.8, 0.299526, 0.3, 0.7, 0.300896
0.8, 0.297382, 0.3, 0.7, 0.29971
0.8, 0.298514, 0.3, 0.7, 0.298407
0.8, 0.300559, 0.3, 0.7, 0.301282
0.8, 0.300872, 0.3, 0.7, 0.299006
0.8, 0.303809, 0.3, 0.7, 0.304594
0.8, 0.299163, 0.3, 0.7, 0.299276
0.8, 0.291197, 0.3, 0.7, 0.29173
0.8, 0.307675, 0.3, 0.7, 0.304456
0.8, 0.288841, 0.3, 0.7, 0.293322
0.8, 0.299941, 0.3, 0.7, 0.301892
0.8, 0.305193, 0.3, 0.7, 0.304755
0.85, 0.146659, 0.15, 0.85, 0.146618
0.85, 0.152246, 0.15, 0.85, 0.151013
0.85, 0.149693, 0.15, 0.85, 0.149319
0.85, 0.151266, 0.15, 0.85, 0.151629
0.85, 0.145582, 0.15, 0.85, 0.148809
0.85, 0.156412, 0.15, 0.85, 0.154409
0.85, 0.147117, 0.15, 0.85, 0.149295
0.85, 0.152855, 0.15, 0.85, 0.150508
0.85, 0.154209, 0.15, 0.85, 0.152876
0.85, 0.161527, 0.15, 0.85, 0.154833
0.85, 0.149167, 0.15, 0.85, 0.150444
0.85, 0.148436, 0.15, 0.85, 0.150356
0.85, 0.145025, 0.15, 0.85, 0.14558
0.85, 0.149859, 0.15, 0.85, 0.150589
0.85, 0.142686, 0.15, 0.85, 0.147218
0.85, 0.151823, 0.15, 0.85, 0.148675
0.85, 0.14937, 0.15, 0.85, 0.149418
0.85, 0.148862, 0.15, 0.85, 0.148677
0.85, 0.151897, 0.15, 0.85, 0.151324
0.85, 0.156054, 0.15, 0.85, 0.151212
0.85, 0.148054, 0.15, 0.85, 0.148881
0.85, 0.144777, 0.15, 0.85, 0.147873
0.85, 0.153773, 0.15, 0.85, 0.153785
0.85, 0.146279, 0.15, 0.85, 0.149309
0.85, 0.150436, 0.15, 0.85, 0.153407
0.85, 0.15986, 0.16, 0.84, 0.160111
0.85, 0.16757, 0.16, 0.84, 0.166253
0.85, 0.167558, 0.16, 0.84, 0.16552
0.85, 0.158075, 0.16, 0.84, 0.159729
0.85, 0.158638, 0.16, 0.84, 0.160675
0.85, 0.161061, 0.16, 0.84, 0.158424
0.85, 0.163881, 0.16, 0.84, 0.159899
0.85, 0.159704, 0.16, 0.84, 0.158741
0.85, 0.161971, 0.16, 0.84, 0.161201
0.85, 0.157556, 0.16, 0.84, 0.156121
0.85, 0.157632, 0.16, 0.84, 0.157871
0.85, 0.163642, 0.16, 0.84, 0.163385
0.85, 0.161514, 0.16, 0.84, 0.157576
0.85, 0.159798, 0.16, 0.84, 0.161967
0.85, 0.163412, 0.16, 0.84, 0.163083
0.85, 0.158145, 0.16, 0.84, 0.158522
0.85, 0.163484, 0.16, 0.84, 0.160478
0.85, 0.15966, 0.16, 0.84, 0.157338
0.85, 0.157443, 0.16, 0.84, 0.156418
0.85, 0.159861, 0.16, 0.84, 0.160423
0.85, 0.155842, 0.16, 0.84, 0.159167
0.85, 0.163468, 0.16, 0.84, 0.160745
0.85, 0.166452, 0.16, 0.84, 0.162698
0.85, 0.15837, 0.16, 0.84, 0.158727
0.85, 0.162151, 0.16, 0.84, 0.160436
0.85, 0.171445, 0.17, 0.83, 0.171525
0.85, 0.175751, 0.17, 0.83, 0.175277
0.85, 0.165627, 0.17, 0.83, 0.16738
0.85, 0.165562, 0.17, 0.83, 0.16738
0.85, 0.165109, 0.17, 0.83, 0.166869
0.85, 0.17419, 0.17, 0.83, 0.170989
0.85, 0.164843, 0.17, 0.83, 0.167827
0.85, 0.172023, 0.17, 0.83, 0.172091
0.85, 0.171631, 0.17, 0.83, 0.168785
0.85, 0.170874, 0.17, 0.83, 0.168852
0.85, 0.172084, 0.17, 0.83, 0.171127
0.85, 0.168467, 0.17, 0.83, 0.166824
0.85, 0.171663, 0.17, 0.83, 0.169202
0.85, 0.172257, 0.17, 0.83, 0.16818
0.85, 0.171092, 0.17, 0.83, 0.168956
0.85, 0.165334, 0.17, 0.83, 0.165575
0.85, 0.16316, 0.17, 0.83, 0.166284
0.85, 0.172612, 0.17, 0.83, 0.173804
0.85, 0.170975, 0.17, 0.83, 0.171843
0.85, 0.172297, 0.17, 0.83, 0.171633
0.85, 0.167495, 0.17, 0.83, 0.171096
0.85, 0.166512, 0.17, 0.83, 0.166318
0.85, 0.16797, 0.17, 0.83, 0.167251
0.85, 0.17019, 0.17, 0.83, 0.171454
0.85, 0.174512, 0.17, 0.83, 0.171981
0.85, 0.179388, 0.18, 0.82, 0.17883
0.85, 0.176065, 0.18, 0.82, 0.178112
0.85, 0.179915, 0.18, 0.82, 0.185841
0.85, 0.179577, 0.18, 0.82, 0.176561
0.85, 0.183078, 0.18, 0.82, 0.185213
0.85, 0.179422, 0.18, 0.82, 0.177419
0.85, 0.179893, 0.18, 0.82, 0.178463
0.85, 0.18274, 0.18, 0.82, 0.180228
0.85, 0.178957, 0.18, 0.82, 0.177696
0.85, 0.184506, 0.18, 0.82, 0.182646
0.85, 0.179391, 0.18, 0.82, 0.176844
0.85, 0.181825, 0.18, 0.82, 0.180278
0.85, 0.178626, 0.18, 0.82, 0.178086
0.85, 0.184566, 0.18, 0.82, 0.179532
0.85, 0.178642, 0.18, 0.82, 0.181497
0.85, 0.182184, 0.18, 0.82, 0.180302
0.85, 0.180973, 0.18, 0.82, 0.179851
0.85, 0.176523, 0.18, 0.82, 0.18152
0.85, 0.183026, 0.18, 0.82, 0.183292
0.85, 0.178651, 0.18, 0.82, 0.179494
0.85, 0.184682, 0.18, 0.82, 0.183443
0.85, 0.180011, 0.18, 0.82, 0.177641
0.85, 0.1765, 0.18, 0.82, 0.179294
0.85, 0.175104, 0.18, 0.82, 0.177924
0.85, 0.183527, 0.18, 0.82, 0.180838
0.85, 0.185956, 0.19, 0.81, 0.189089
0.85, 0.189962, 0.19, 0.81, 0.189598
0.85, 0.189222, 0.19, 0.81, 0.18759
0.85, 0.196136, 0.19, 0.81, 0.195615
0.85, 0.195061, 0.19, 0.81, 0.191219
0.85, 0.185962, 0.19, 0.81, 0.186821
0.85, 0.200207, 0.19, 0.81, 0.194832
0.85, 0.184889, 0.19, 0.81, 0.185751
0.85, 0.182793, 0.19, 0.81, 0.187447
0.85, 0.19224, 0.19, 0.81, 0.190282
0.85, 0.188642, 0.19, 0.81, 0.189804
0.85, 0.188057, 0.19, 0.81, 0.189513
0.85, 0.186585, 0.19, 0.81, 0.188471
0.85, 0.195353, 0.19, 0.81, 0.191306
0.85, 0.19175, 0.19, 0.81, 0.194291
0.85, 0.192934, 0.19, 0.81, 0.190417
0.85, 0.186342, 0.19, 0.81, 0.189176
0.85, 0.18796, 0.19, 0.81, 0.186346
0.85, 0.188578, 0.19, 0.81, 0.186892
0.85, 0.190626, 0.19, 0.81, 0.188231
0.85, 0.185991, 0.19, 0.81, 0.186589
0.85, 0.190401, 0.19, 0.81, 0.188265
0.85, 0.183363, 0.19, 0.81, 0.186357
0.85, 0.188081, 0.19, 0.81, 0.190041
0.85, 0.191014, 0.19, 0.81, 0.192975
0.85, 0.200647, 0.2, 0.8, 0.203192
0.85, 0.201975, 0.2, 0.8, 0.200652
0.85, 0.208036, 0.2, 0.8, 0.206395
0.85, 0.19328, 0.2, 0.8, 0.197941
0.85, 0.201236, 0.2, 0.8, 0.200227
0.85, 0.200731, 0.2, 0.8, 0.201135
0.85, 0.199391, 0.2, 0.8, 0.199098
0.85, 0.202234, 0.2, 0.8, 0.201322
0.85, 0.200933, 0.2, 0.8, 0.196582
0.85, 0.194571, 0.2, 0.8, 0.198864
0.85, 0.203196, 0.2, 0.8, 0.203868
0.85, 0.19793, 0.2, 0.8, 0.199296
0.85, 0.19715, 0.2, 0.8, 0.197548
0.85, 0.197823, 0.2, 0.8, 0.203365
0.85, 0.20051, 0.2, 0.8, 0.199696
0.85, 0.197844, 0.2, 0.8, 0.20335
0.85, 0.199898, 0.2, 0.8, 0.198338
0.85, 0.202654, 0.2, 0.8, 0.201562
0.85, 0.198318, 0.2, 0.8, 0.199032
0.85, 0.19713, 0.2, 0.8, 0.198026
0.85, 0.198845, 0.2, 0.8, 0.201164
0.85, 0.19958, 0.2, 0.8, 0.19995
0.85, 0.195516, 0.2, 0.8, 0.198508
0.85, 0.202041, 0.2, 0.8, 0.198411
0.85, 0.200972, 0.2, 0.8, 0.197954
0.85, 0.221777, 0.21, 0.79, 0.214376
0.85, 0.210411, 0.21, 0.79, 0.209102
0.85, 0.21683, 0.21, 0.79, 0.215431
0.85, 0.212334, 0.21, 0.79, 0.209938
0.85, 0.213975, 0.21, 0.79, 0.214073
0.85, 0.211491, 0.21, 0.79, 0.212796
0.85, 0.208557, 0.21, 0.79, 0.206761
0.85, 0.211117, 0.21, 0.79, 0.207713
0.85, 0.210732, 0.21, 0.79, 0.210314
0.85, 0.21183, 0.21, 0.79, 0.21549
0.85, 0.201089, 0.21, 0.79, 0.204673
0.85, 0.214268, 0.21, 0.79, 0.212566
0.85, 0.219558, 0.21, 0.79, 0.213169
0.85, 0.204416, 0.21, 0.79, 0.207503
0.85, 0.203814, 0.21, 0.79, 0.20711
0.85, 0.213348, 0.21, 0.79, 0.211514
0.85, 0.210765, 0.21, 0.79, 0.207532
0.85, 0.216275, 0.21, 0.79, 0.214322
0.85, 0.215071, 0.21, 0.79, 0.212434
0.85, 0.208273, 0.21, 0.79, 0.20685
0.85, 0.210546, 0.21, 0.79, 0.209607
0.85, 0.20503, 0.21, 0.79, 0.20706
0.85, 0.205858, 0.21, 0.79, 0.20792
0.85, 0.199804, 0.21, 0.79, 0.20697
0.85, 0.215724, 0.21, 0.79, 0.211945
0.85, 0.220571, 0.22, 0.78, 0.220196
0.85, 0.217565, 0.22, 0.78, 0.216499
0.85, 0.221248, 0.22, 0.78, 0.2193
0.85, 0.21667, 0.22, 0.78, 0.218383
0.85, 0.226334, 0.22, 0.78, 0.22146
0.85, 0.223042, 0.22, 0.78, 0.222434
0.85, 0.224348, 0.22, 0.78, 0.21802
0.85, 0.222892, 0.22, 0.78, 0.224352
0.85, 0.217682, 0.22, 0.78, 0.219969
0.85, 0.215733, 0.22, 0.78, 0.216212
0.85, 0.219025, 0.22, 0.78, 0.221942
0.85, 0.22, 0.22, 0.78, 0.221781
0.85, 0.225033, 0.22, 0.78, 0.22319
0.85, 0.227103, 0.22, 0.78, 0.225079
0.85, 0.225991, 0.22, 0.78, 0.220091
0.85, 0.214271, 0.22, 0.78, 0.216913
0.85, 0.220542, 0.22, 0.78, 0.220798
0.85, 0.222216, 0.22, 0.78, 0.218188
0.85, 0.21827, 0.22, 0.78, 0.215369
0.85, 0.224709, 0.22, 0.78, 0.219254
0.85, 0.217545, 0.22, 0.78, 0.220994
0.85, 0.220705, 0.22, 0.78, 0.221899
0.85, 0.220771, 0.22, 0.78, 0.222883
0.85, 0.222836, 0.22, 0.78, 0.224002
0.85, 0.220437, 0.22, 0.78, 0.220772
0.85, 0.229059, 0.23, 0.77, 0.228597
0.85, 0.235315, 0.23, 0.77, 0.234006
0.85, 0.231528, 0.23, 0.77, 0.234442
0.85, 0.236302, 0.23, 0.77, 0.23459
0.85, 0.230089, 0.23, 0.77, 0.231485
0.85, 0.22149, 0.23, 0.77, 0.228658
0.85, 0.228074, 0.23, 0.77, 0.230337
0.85, 0.232639, 0.23, 0.77, 0.231479
0.85, 0.224567, 0.23, 0.77, 0.229983
0.85, 0.233549, 0.23, 0.77, 0.230489
0.85, 0.224151, 0.23, 0.77, 0.230958
0.85, 0.231754, 0.23, 0.77, 0.233621
0.85, 0.230774, 0.23, 0.77, 0.226263
0.85, 0.228687, 0.23, 0.77, 0.228807
0.85, 0.231958, 0.23, 0.77, 0.230396
0.85, 0.230629, 0.23, 0.77, 0.231263
0.85, 0.23523, 0.23, 0.77, 0.230131
0.85, 0.231261, 0.23, 0.77, 0.231232
0.85, 0.226662, 0.23, 0.77, 0.223921
0.85, 0.229905, 0.23, 0.77, 0.233713
0.85, 0.231508, 0.23, 0.77, 0.229918
0.85, 0.232469, 0.23, 0.77, 0.232607
0.85, 0.224849, 0.23, 0.77, 0.231358
0.85, 0.223947, 0.23, 0.77, 0.226964
0.85, 0.22939, 0.23, 0.77, 0.229187
0.85, 0.237456, 0.24, 0.76, 0.239087
0.85, 0.240273, 0.24, 0.76, 0.241758
0.85, 0.244233, 0.24, 0.76, 0.240855
0.85, 0.242686, 0.24, 0.76, 0.238783
0.85, 0.246223, 0.24, 0.76, 0.242506
0.85, 0.238093, 0.24, 0.76, 0.238934
0.85, 0.234296, 0.24, 0.76, 0.234254
0.85, 0.238795, 0.24, 0.76, 0.236469
0.85, 0.240539, 0.24, 0.76, 0.24376
0.85, 0.239849, 0.24, 0.76, 0.23571
0.85, 0.237791, 0.24, 0.76, 0.24128
0.85, 0.238257, 0.24, 0.76, 0.239798
0.85, 0.243692, 0.24, 0.76, 0.241434
0.85, 0.24589, 0.24, 0.76, 0.242039
0.85, 0.233547, 0.24, 0.76, 0.233854
0.85, 0.235678, 0.24, 0.76, 0.235716
0.85, 0.238825, 0.24, 0.76, 0.237133
0.85, 0.243064, 0.24, 0.76, 0.237672
0.85, 0.243605, 0.24, 0.76, 0.24164
0.85, 0.238376, 0.24, 0.76, 0.236756
0.85, 0.246652, 0.24, 0.76, 0.245767
0.85, 0.239612, 0.24, 0.76, 0.239415
0.85, 0.238404, 0.24, 0.76, 0.239363
0.85, 0.237941, 0.24, 0.76, 0.236453
0.85, 0.245588, 0.24, 0.76, 0.240433
0.85, 0.251998, 0.25, 0.75, 0.252171
0.85, 0.239415, 0.25, 0.75, 0.246579
0.85, 0.245106, 0.25, 0.75, 0.251089
0.85, 0.252031, 0.25, 0.75, 0.250818
0.85, 0.256098, 0.25, 0.75, 0.248677
0.85, 0.246994, 0.25, 0.75, 0.246216
0.85, 0.250515, 0.25, 0.75, 0.249166
0.85, 0.245011, 0.25, 0.75, 0.249587
0.85, 0.252435, 0.25, 0.75, 0.249707
0.85, 0.261594, 0.25, 0.75, 0.25363
0.85, 0.249139, 0.25, 0.75, 0.246309
0.85, 0.258117, 0.25, 0.75, 0.254438
0.85, 0.247671, 0.25, 0.75, 0.249035
0.85, 0.256146, 0.25, 0.75, 0.254676
0.85, 0.254634, 0.25, 0.75, 0.255603
0.85, 0.257942, 0.25, 0.75, 0.255377
0.85, 0.247581, 0.25, 0.75, 0.249686
0.85, 0.254352, 0.25, 0.75, 0.250955
0.85, 0.252225, 0.25, 0.75, 0.251648
0.85, 0.250582, 0.25, 0.75, 0.249851
0.85, 0.252251, 0.25, 0.75, 0.247184
0.85, 0.250763, 0.25, 0.75, 0.251679
0.85, 0.252891, 0.25, 0.75, 0.24995
0.85, 0.252988, 0.25, 0.75, 0.250386
0.85, 0.246064, 0.25, 0.75, 0.245092
0.85, 0.258967, 0.26, 0.74, 0.256787
0.85, 0.258242, 0.26, 0.74, 0.257241
0.85, 0.261693, 0.26, 0.74, 0.260487
0.85, 0.261474, 0.26, 0.74, 0.261651
0.85, 0.266513, 0.26, 0.74, 0.26024
0.85, 0.25172, 0.26, 0.74, 0.256611
0.85, 0.259002, 0.26, 0.74, 0.258711
0.85, 0.255099, 0.26, 0.74, 0.257895
0.85, 0.254871, 0.26, 0.74, 0.253021
0.85, 0.265355, 0.26, 0.74, 0.26384
0.85, 0.249097, 0.26, 0.74, 0.257068
0.85, 0.256925, 0.26, 0.74, 0.261452
0.85, 0.260945, 0.26, 0.74, 0.260822
0.85, 0.263398, 0.26, 0.74, 0.262565
0.85, 0.254703, 0.26, 0.74, 0.257804
0.85, 0.258672, 0.26, 0.74, 0.259573
0.85, 0.257716, 0.26, 0.74, 0.259839
0.85, 0.265254, 0.26, 0.74, 0.264045
0.85, 0.264027, 0.26, 0.74, 0.261749
0.85, 0.260406, 0.26, 0.74, 0.2617
0.85, 0.264954, 0.26, 0.74, 0.264644
0.85, 0.258843, 0.26, 0.74, 0.259883
0.85, 0.256057, 0.26, 0.74, 0.257514
0.85, 0.261734, 0.26, 0.74, 0.262032
0.85, 0.259146, 0.26, 0.74, 0.261222
0.85, 0.273011, 0.27, 0.73, 0.269804
0.85, 0.260847, 0.27, 0.73, 0.265607
0.85, 0.270971, 0.27, 0.73, 0.270123
0.85, 0.273424, 0.27, 0.73, 0.268035
0.85, 0.264754, 0.27, 0.73, 0.26901
0.85, 0.270911, 0.27, 0.73, 0.267449
0.85, 0.270058, 0.27, 0.73, 0.270362
0.85, 0.269157, 0.27, 0.73, 0.270265
0.85, 0.25963, 0.27, 0.73, 0.264662
0.85, 0.275347, 0.27, 0.73, 0.2723
0.85, 0.274389, 0.27, 0.73, 0.272996
0.85, 0.268826, 0.27, 0.73, 0.267774
0.85, 0.265578, 0.27, 0.73, 0.269416
0.85, 0.269586, 0.27, 0.73, 0.267044
0.85, 0.266962, 0.27, 0.73, 0.268375
0.85, 0.273797, 0.27, 0.73, 0.271287
0.85, 0.274903, 0.27, 0.73, 0.268446
0.85, 0.269098, 0.27, 0.73, 0.271468
0.85, 0.265954, 0.27, 0.73, 0.26755
0.85, 0.267938, 0.27, 0.73, 0.267172
0.85, 0.271357, 0.27, 0.73, 0.275021
0.85, 0.268063, 0.27, 0.73, 0.268296
0.85, 0.27025, 0.27, 0.73, 0.271556
0.85, 0.276576, 0.27, 0.73, 0.272814
0.85, 0.269936, 0.27, 0.73, 0.270984
0.85, 0.277979, 0.28, 0.72, 0.28103
0.85, 0.28374, 0.28, 0.72, 0.279305
0.85, 0.272341, 0.28, 0.72, 0.278447
0.85, 0.284525, 0.28, 0.72, 0.2818
0.85, 0.272796, 0.28, 0.72, 0.274256
0.85, 0.277073, 0.28, 0.72, 0.276106
0.85, 0.284687, 0.28, 0.72, 0.28144
0.85, 0.280826, 0.28, 0.72, 0.27826
0.85, 0.287019, 0.28, 0.72, 0.281462
0.85, 0.284751, 0.28, 0.72, 0.285082
0.85, 0.283307, 0.28, 0.72, 0.280485
0.85, 0.284735, 0.28, 0.72, 0.281492
0.85, 0.279698, 0.28, 0.72, 0.274198
0.85, 0.280821, 0.28, 0.72, 0.277124
0.85, 0.284811, 0.28, 0.72, 0.283337
0.85, 0.283501, 0.28, 0.72, 0.282606
0.85, 0.281518, 0.28, 0.72, 0.280418
0.85, 0.286193, 0.28, 0.72, 0.284288
0.85, 0.284782, 0.28, 0.72, 0.282777
0.85, 0.275786, 0.28, 0.72, 0.277345
0.85, 0.273288, 0.28, 0.72, 0.27924
0.85, 0.279068, 0.28, 0.72, 0.282146
0.85, 0.272918, 0.28, 0.72, 0.274718
0.85, 0.282682, 0.28, 0.72, 0.283245
0.85, 0.284278, 0.28, 0.72, 0.284797
0.85, 0.282919, 0.29, 0.71, 0.291922
0.85, 0.287694, 0.29, 0.71, 0.289947
0.85, 0.296095, 0.29, 0.71, 0.292339
0.85, 0.289628, 0.29, 0.71, 0.288719
0.85, 0.292105, 0.29, 0.71, 0.290348
0.85, 0.290588, 0.29, 0.71, 0.291856
0.85, 0.286884, 0.29, 0.71, 0.284805
0.85, 0.286914, 0.29, 0.71, 0.288868
0.85, 0.296049, 0.29, 0.71, 0.291937
0.85, 0.281923, 0.29, 0.71, 0.282353
0.85, 0.291001, 0.29, 0.71, 0.291428
0.85, 0.276786, 0.29, 0.71, 0.287365
0.85, 0.282868, 0.29, 0.71, 0.286007
0.85, 0.292663, 0.29, 0.71, 0.289296
0.85, 0.288791, 0.29, 0.71, 0.289551
0.85, 0.290674, 0.29, 0.71, 0.28803
0.85, 0.297316, 0.29, 0.71, 0.298346
0.85, 0.290558, 0.29, 0.71, 0.289772
0.85, 0.286561, 0.29, 0.71, 0.292402
0.85, 0.288048, 0.29, 0.71, 0.284374
0.85, 0.286846, 0.29, 0.71, 0.286047
0.85, 0.293842, 0.29, 0.71, 0.29437
0.85, 0.289224, 0.29, 0.71, 0.291953
0.85, 0.286895, 0.29, 0.71, 0.289942
0.85, 0.287557, 0.29, 0.71, 0.289304
0.85, 0.303733, 0.3, 0.7, 0.301276
0.85, 0.296498, 0.3, 0.7, 0.298812
0.85, 0.297998, 0.3, 0.7, 0.295921
0.85, 0.303503, 0.3, 0.7, 0.300955
0.85, 0.29609, 0.3, 0.7, 0.30026
0.85, 0.297483, 0.3, 0.7, 0.300863
0.85, 0.295015, 0.3, 0.7, 0.297409
0.85, 0.299882, 0.3, 0.7, 0.301493
0.85, 0.296891, 0.3, 0.7, 0.299985
0.85, 0.30604, 0.3, 0.7, 0.301511
0.85, 0.298208, 0.3, 0.7, 0.301769
0.85, 0.3002, 0.3, 0.7, 0.300594
0.85, 0.300285, 0.3, 0.7, 0.301215
0.85, 0.294994, 0.3, 0.7, 0.293969
0.85, 0.295247, 0.3, 0.7, 0.294528
0.85, 0.293653, 0.3, 0.7, 0.297603
0.85, 0.308861, 0.3, 0.7, 0.303997
0.85, 0.297648, 0.3, 0.7, 0.296471
0.85, 0.299624, 0.3, 0.7, 0.299385
0.85, 0.292855, 0.3, 0.7, 0.292952
0.85, 0.291431, 0.3, 0.7, 0.295416
0.85, 0.29562, 0.3, 0.7, 0.298102
0.85, 0.296246, 0.3, 0.7, 0.296523
0.85, 0.30456, 0.3, 0.7, 0.306214
0.85, 0.295567, 0.3, 0.7, 0.296359
0.9, 0.15212, 0.15, 0.85, 0.150096
0.9, 0.142207, 0.15, 0.85, 0.145125
0.9, 0.146693, 0.15, 0.85, 0.146112
0.9, 0.149878, 0.15, 0.85, 0.149566
0.9, 0.152535, 0.15, 0.85, 0.151441
0.9, 0.147267, 0.15, 0.85, 0.14865
0.9, 0.153677, 0.15, 0.85, 0.151841
0.9, 0.150211, 0.15, 0.85, 0.149374
0.9, 0.152624, 0.15, 0.85, 0.14958
0.9, 0.148403, 0.15, 0.85, 0.152398
0.9, 0.15274, 0.15, 0.85, 0.153406
0.9, 0.156438, 0.15, 0.85, 0.151672
0.9, 0.144856, 0.15, 0.85, 0.148695
0.9, 0.155968, 0.15, 0.85, 0.151381
0.9, 0.151455, 0.15, 0.85, 0.14787
0.9, 0.14671, 0.15, 0.85, 0.148243
0.9, 0.155915, 0.15, 0.85, 0.152135
0.9, 0.151522, 0.15, 0.85, 0.151196
0.9, 0.149139, 0.15, 0.85, 0.149721
0.9, 0.14121, 0.15, 0.85, 0.146847
0.9, 0.148604, 0.15, 0.85, 0.148074
0.9, 0.151696, 0.15, 0.85, 0.148898
0.9, 0.146189, 0.15, 0.85, 0.148074
0.9, 0.152359, 0.15, 0.85, 0.154489
0.9, 0.148242, 0.15, 0.85, 0.147241
0.9, 0.161801, 0.16, 0.84, 0.159994
0.9, 0.160412, 0.16, 0.84, 0.158447
0.9, 0.161381, 0.16, 0.84, 0.162362
0.9, 0.160284, 0.16, 0.84, 0.16046
0.9, 0.161166, 0.16, 0.84, 0.158591
0.9, 0.160536, 0.16, 0.84, 0.160385
0.9, 0.154992, 0.16, 0.84, 0.158336
0.9, 0.164084, 0.16, 0.84, 0.16347
0.9, 0.162764, 0.16, 0.84, 0.158739
0.9, 0.15703, 0.16, 0.84, 0.15636
0.9, 0.160456, 0.16, 0.84, 0.159331
0.9, 0.160846, 0.16, 0.84, 0.159907
0.9, 0.159324, 0.16, 0.84, 0.15917
0.9, 0.16145, 0.16, 0.84, 0.160594
0.9, 0.166166, 0.16, 0.84, 0.164272
0.9, 0.160404, 0.16, 0.84, 0.157642
0.9, 0.156183, 0.16, 0.84, 0.158051
0.9, 0.163261, 0.16, 0.84, 0.164095
0.9, 0.158041, 0.16, 0.84, 0.155105
0.9, 0.159384, 0.16, 0.84, 0.158837
0.9, 0.156923, 0.16, 0.84, 0.155024
0.9, 0.159517, 0.16, 0.84, 0.158036
0.9, 0.166529, 0.16, 0.84, 0.163877
0.9, 0.150018, 0.16, 0.84, 0.15378
0.9, 0.161929, 0.16, 0.84, 0.160152
0.9, 0.173617, 0.17, 0.83, 0.172652
0.9, 0.174817, 0.17, 0.83, 0.173674
0.9, 0.172582, 0.17, 0.83, 0.170928
0.9, 0.17262, 0.17, 0.83, 0.170452
0.9, 0.169656, 0.17, 0.83, 0.166575
0.9, 0.16926, 0.17, 0.83, 0.168823
0.9, 0.175432, 0.17, 0.83, 0.171958
0.9, 0.162369, 0.17, 0.83, 0.165792
0.9, 0.167978, 0.17, 0.83, 0.167332
0.9, 0.173507, 0.17, 0.83, 0.17123
0.9, 0.170794, 0.17, 0.83, 0.168899
0.9, 0.173405, 0.17, 0.83, 0.171536
0.9, 0.16862, 0.17, 0.83, 0.170052
0.9, 0.176389, 0.17, 0.83, 0.173342
0.9, 0.174726, 0.17, 0.83, 0.173259
0.9, 0.173281, 0.17, 0.83, 0.171281
0.9, 0.173874, 0.17, 0.83, 0.172106
0.9, 0.172266, 0.17, 0.83, 0.170175
0.9, 0.173874, 0.17, 0.83, 0.171212
0.9, 0.171496, 0.17, 0.83, 0.171393
0.9, 0.172604, 0.17, 0.83, 0.172602
0.9, 0.170716, 0.17, 0.83, 0.171335
0.9, 0.168965, 0.17, 0.83, 0.167571
0.9, 0.173213, 0.17, 0.83, 0.174149
0.9, 0.173222, 0.17, 0.83, 0.173412
0.9, 0.182957, 0.18, 0.82, 0.178208
0.9, 0.176065, 0.18, 0.82, 0.179637
0.9, 0.177396, 0.18, 0.82, 0.179411
0.9, 0.177213, 0.18, 0.82, 0.174844
0.9, 0.176788, 0.18, 0.82, 0.176875
0.9, 0.184388, 0.18, 0.82, 0.184603
0.9, 0.177237, 0.18, 0.82, 0.179831
0.9, 0.177318, 0.18, 0.82, 0.180319
0.9, 0.178848, 0.18, 0.82, 0.180667
0.9, 0.187113, 0.18, 0.82, 0.185939
0.9, 0.17725, 0.18, 0.82, 0.177319
0.9, 0.184752, 0.18, 0.82, 0.185637
0.9, 0.173387, 0.18, 0.82, 0.17841
0.9, 0.183679, 0.18, 0.82, 0.182386
0.9, 0.182664, 0.18, 0.82, 0.179442
0.9, 0.185457, 0.18, 0.82, 0.183692
0.9, 0.173352, 0.18, 0.82, 0.17655
0.9, 0.179054, 0.18, 0.82, 0.178884
0.9, 0.182818, 0.18, 0.82, 0.182009
0.9, 0.183931, 0.18, 0.82, 0.184506
0.9, 0.181054, 0.18, 0.82, 0.18254
0.9, 0.173073, 0.18, 0.82, 0.174987
0.9, 0.180641, 0.18, 0.82, 0.182129
0.9, 0.173711, 0.18, 0.82, 0.177089
0.9, 0.177098, 0.18, 0.82, 0.179986
0.9, 0.186004, 0.19, 0.81, 0.187519
0.9, 0.196654, 0.19, 0.81, 0.195329
0.9, 0.189963, 0.19, 0.81, 0.190535
0.9, 0.19155, 0.19, 0.81, 0.191605
0.9, 0.190476, 0.19, 0.81, 0.191071
0.9, 0.197161, 0.19, 0.81, 0.190753
0.9, 0.194445, 0.19, 0.81, 0.194055
0.9, 0.194524, 0.19, 0.81, 0.191735
0.9, 0.195159, 0.19, 0.81, 0.193309
0.9, 0.187567, 0.19, 0.81, 0.188155
0.9, 0.19024, 0.19, 0.81, 0.190713
0.9, 0.186779, 0.19, 0.81, 0.188613
0.9, 0.195127, 0.19, 0.81, 0.193169
0.9, 0.193913, 0.19, 0.81, 0.19593
0.9, 0.18855, 0.19, 0.81, 0.190422
0.9, 0.187809, 0.19, 0.81, 0.188104
0.9, 0.190567, 0.19, 0.81, 0.190259
0.9, 0.194051, 0.19, 0.81, 0.189524
0.9, 0.187007, 0.19, 0.81, 0.189443
0.9, 0.1893, 0.19, 0.81, 0.190791
0.9, 0.190865, 0.19, 0.81, 0.192197
0.9, 0.189639, 0.19, 0.81, 0.192076
0.9, 0.190206, 0.19, 0.81, 0.191203
0.9, 0.192509, 0.19, 0.81, 0.189899
0.9, 0.190917, 0.19, 0.81, 0.192135
0.9, 0.197495, 0.2, 0.8, 0.19997
0.9, 0.200979, 0.2, 0.8, 0.200513
0.9, 0.193745, 0.2, 0.8, 0.197761
0.9, 0.194802, 0.2, 0.8, 0.196683
0.9, 0.197649, 0.2, 0.8, 0.197161
0.9, 0.197122, 0.2, 0.8, 0.198371
0.9, 0.199998, 0.2, 0.8, 0.19986
0.9, 0.196875, 0.2, 0.8, 0.198618
0.9, 0.20105, 0.2, 0.8, 0.200662
0.9, 0.203155, 0.2, 0.8, 0.200171
0.9, 0.194909, 0.2, 0.8, 0.200633
0.9, 0.199363, 0.2, 0.8, 0.199044
0.9, 0.199189, 0.2, 0.8, 0.198334
0.9, 0.20168, 0.2, 0.8, 0.201346
0.9, 0.201249, 0.2, 0.8, 0.201444
0.9, 0.20206, 0.2, 0.8, 0.201302
0.9, 0.200052, 0.2, 0.8, 0.20013
0.9, 0.197243, 0.2, 0.8, 0.19813
0.9, 0.201646, 0.2, 0.8, 0.201909
0.9, 0.201322, 0.2, 0.8, 0.200688
0.9, 0.202973, 0.2, 0.8, 0.201085
0.9, 0.199949, 0.2, 0.8, 0.200668
0.9, 0.20019, 0.2, 0.8, 0.199072
0.9, 0.198174, 0.2, 0.8, 0.201278
0.9, 0.205797, 0.2, 0.8, 0.203483
0.9, 0.217595, 0.21, 0.79, 0.21467
0.9, 0.217476, 0.21, 0.79, 0.215685
0.9, 0.203416, 0.21, 0.79, 0.20857
0.9, 0.203796, 0.21, 0.79, 0.202183
0.9, 0.210881, 0.21, 0.79, 0.208172
0.9, 0.213293, 0.21, 0.79, 0.209807
0.9, 0.209098, 0.21, 0.79, 0.210532
0.9, 0.222472, 0.21, 0.79, 0.218413
0.9, 0.207772, 0.21, 0.79, 0.20805
0.9, 0.207759, 0.21, 0.79, 0.209604
0.9, 0.207439, 0.21, 0.79, 0.208687
0.9, 0.214678, 0.21, 0.79, 0.208888
0.9, 0.214938, 0.21, 0.79, 0.212477
0.9, 0.205862, 0.21, 0.79, 0.208186
0.9, 0.206345, 0.21, 0.79, 0.206186
0.9, 0.212445, 0.21, 0.79, 0.213011
0.9, 0.2054, 0.21, 0.79, 0.207646
0.9, 0.217337, 0.21, 0.79, 0.212155
0.9, 0.209576, 0.21, 0.79, 0.209685
0.9, 0.207997, 0.21, 0.79, 0.21103
0.9, 0.212251, 0.21, 0.79, 0.209194
0.9, 0.210943, 0.21, 0.79, 0.208636
0.9, 0.210642, 0.21, 0.79, 0.213917
0.9, 0.203038, 0.21, 0.79, 0.205717
0.9, 0.215744, 0.21, 0.79, 0.211946
0.9, 0.215857, 0.22, 0.78, 0.217987
0.9, 0.220367, 0.22, 0.78, 0.219092
0.9, 0.215939, 0.22, 0.78, 0.216603
0.9, 0.219164, 0.22, 0.78, 0.217908
0.9, 0.208471, 0.22, 0.78, 0.21129
0.9, 0.222431, 0.22, 0.78, 0.223436
0.9, 0.220264, 0.22, 0.78, 0.224488
0.9, 0.219715, 0.22, 0.78, 0.219824
0.9, 0.217193, 0.22, 0.78, 0.218299
0.9, 0.218981, 0.22, 0.78, 0.216208
0.9, 0.219129, 0.22, 0.78, 0.220261
0.9, 0.220031, 0.22, 0.78, 0.218991
0.9, 0.218289, 0.22, 0.78, 0.222495
0.9, 0.224849, 0.22, 0.78, 0.220385
0.9, 0.216614, 0.22, 0.78, 0.21982
0.9, 0.22077, 0.22, 0.78, 0.216693
0.9, 0.22389, 0.22, 0.78, 0.22054
0.9, 0.221665, 0.22, 0.78, 0.223178
0.9, 0.224131, 0.22, 0.78, 0.222228
0.9, 0.217628, 0.22, 0.78, 0.219207
0.9, 0.221728, 0.22, 0.78, 0.221085
0.9, 0.217781, 0.22, 0.78, 0.221914
0.9, 0.218298, 0.22, 0.78, 0.221487
0.9, 0.220932, 0.22, 0.78, 0.221509
0.9, 0.21966, 0.22, 0.78, 0.218431
0.9, 0.226981, 0.23, 0.77, 0.228981
0.9, 0.232968, 0.23, 0.77, 0.232936
0.9, 0.234877, 0.23, 0.77, 0.228433
0.9, 0.230526, 0.23, 0.77, 0.230019
0.9, 0.230967, 0.23, 0.77, 0.231207
0.9, 0.223605, 0.23, 0.77, 0.226593
0.9, 0.223222, 0.23, 0.77, 0.227115
0.9, 0.23023, 0.23, 0.77, 0.231097
0.9, 0.234835, 0.23, 0.77, 0.234705
0.9, 0.234704, 0.23, 0.77, 0.230042
0.9, 0.232225, 0.23, 0.77, 0.22924
0.9, 0.232183, 0.23, 0.77, 0.228992
0.9, 0.236429, 0.23, 0.77, 0.235329
0.9, 0.226159, 0.23, 0.77, 0.225798
0.9, 0.225821, 0.23, 0.77, 0.229817
0.9, 0.231657, 0.23, 0.77, 0.23211
0.9, 0.230597, 0.23, 0.77, 0.231233
0.9, 0.230628, 0.23, 0.77, 0.232164
0.9, 0.237506, 0.23, 0.77, 0.237242
0.9, 0.227739, 0.23, 0.77, 0.232872
0.9, 0.232475, 0.23, 0.77, 0.228353
0.9, 0.224974, 0.23, 0.77, 0.228463
0.9, 0.2286, 0.23, 0.77, 0.229164
0.9, 0.230131, 0.23, 0.77, 0.228982
0.9, 0.229773, 0.23, 0.77, 0.230994
0.9, 0.239461, 0.24, 0.76, 0.243076
0.9, 0.244967, 0.24, 0.76, 0.241207
0.9, 0.240535, 0.24, 0.76, 0.240363
0.9, 0.238514, 0.24, 0.76, 0.239574
0.9, 0.245558, 0.24, 0.76, 0.24255
0.9, 0.235039, 0.24, 0.76, 0.238721
0.9, 0.236341, 0.24, 0.76, 0.239944
0.9, 0.241287, 0.24, 0.76, 0.239809
0.9, 0.240062, 0.24, 0.76, 0.242507
0.9, 0.238265, 0.24, 0.76, 0.237564
0.9, 0.237665, 0.24, 0.76, 0.2416
0.9, 0.239343, 0.24, 0.76, 0.236295
0.9, 0.231702, 0.24, 0.76, 0.234529
0.9, 0.240719, 0.24, 0.76, 0.240229
0.9, 0.253067, 0.24, 0.76, 0.247332
0.9, 0.239984, 0.24, 0.76, 0.241789
0.9, 0.23754, 0.24, 0.76, 0.237818
0.9, 0.234535, 0.24, 0.76, 0.237299
0.9, 0.232471, 0.24, 0.76, 0.238918
0.9, 0.245117, 0.24, 0.76, 0.242716
0.9, 0.246012, 0.24, 0.76, 0.240203
0.9, 0.237901, 0.24, 0.76, 0.239948
0.9, 0.240437, 0.24, 0.76, 0.239404
0.9, 0.24319, 0.24, 0.76, 0.239361
0.9, 0.252499, 0.24, 0.76, 0.24604
0.9, 0.247233, 0.25, 0.75, 0.247007
0.9, 0.249741, 0.25, 0.75, 0.25026
0.9, 0.246061, 0.25, 0.75, 0.249788
0.9, 0.252858, 0.25, 0.75, 0.252505
0.9, 0.248132, 0.25, 0.75, 0.248883
0.9, 0.257703, 0.25, 0.75, 0.250262
0.9, 0.246656, 0.25, 0.75, 0.250599
0.9, 0.249326, 0.25, 0.75, 0.248127
0.9, 0.239248, 0.25, 0.75, 0.246345
0.9, 0.249713, 0.25, 0.75, 0.251116
0.9, 0.247032, 0.25, 0.75, 0.242436
0.9, 0.245457, 0.25, 0.75, 0.246611
0.9, 0.247262, 0.25, 0.75, 0.245347
0.9, 0.255235, 0.25, 0.75, 0.252735
0.9, 0.250725, 0.25, 0.75, 0.250991
0.9, 0.251081, 0.25, 0.75, 0.249752
0.9, 0.248589, 0.25, 0.75, 0.250551
0.9, 0.250643, 0.25, 0.75, 0.250664
0.9, 0.241979, 0.25, 0.75, 0.244807
0.9, 0.250351, 0.25, 0.75, 0.250198
0.9, 0.253307, 0.25, 0.75, 0.252803
0.9, 0.24887, 0.25, 0.75, 0.250063
0.9, 0.254971, 0.25, 0.75, 0.25326
0.9, 0.24647, 0.25, 0.75, 0.249099
0.9, 0.254144, 0.25, 0.75, 0.251458
0.9, 0.261839, 0.26, 0.74, 0.264793
0.9, 0.263312, 0.26, 0.74, 0.266222
0.9, 0.255519, 0.26, 0.74, 0.259126
0.9, 0.261169, 0.26, 0.74, 0.259069
0.9, 0.255509, 0.26, 0.74, 0.258014
0.9, 0.259935, 0.26, 0.74, 0.259822
0.9, 0.258214, 0.26, 0.74, 0.259982
0.9, 0.255659, 0.26, 0.74, 0.254089
0.9, 0.256379, 0.26, 0.74, 0.263264
0.9, 0.259395, 0.26, 0.74, 0.259004
0.9, 0.259332, 0.26, 0.74, 0.259022
0.9, 0.263611, 0.26, 0.74, 0.26315
0.9, 0.254978, 0.26, 0.74, 0.261477
0.9, 0.257135, 0.26, 0.74, 0.257089
0.9, 0.254757, 0.26, 0.74, 0.257507
0.9, 0.254482, 0.26, 0.74, 0.256707
0.9, 0.26085, 0.26, 0.74, 0.258095
0.9, 0.25434, 0.26, 0.74, 0.257535
0.9, 0.268917, 0.26, 0.74, 0.266146
0.9, 0.259206, 0.26, 0.74, 0.260065
0.9, 0.262198, 0.26, 0.74, 0.260791
0.9, 0.262229, 0.26, 0.74, 0.263092
0.9, 0.257582, 0.26, 0.74, 0.258355
0.9, 0.261743, 0.26, 0.74, 0.262361
0.9, 0.254731, 0.26, 0.74, 0.253495
0.9, 0.267706, 0.27, 0.73, 0.268029
0.9, 0.267107, 0.27, 0.73, 0.270955
0.9, 0.265529, 0.27, 0.73, 0.264637
0.9, 0.268967, 0.27, 0.73, 0.270176
0.9, 0.273292, 0.27, 0.73, 0.276958
0.9, 0.272403, 0.27, 0.73, 0.271268
0.9, 0.270238, 0.27, 0.73, 0.270505
0.9, 0.271719, 0.27, 0.73, 0.269186
0.9, 0.259298, 0.27, 0.73, 0.262594
0.9, 0.268919, 0.27, 0.73, 0.27011
0.9, 0.271207, 0.27, 0.73, 0.268525
0.9, 0.269254, 0.27, 0.73, 0.267701
0.9, 0.270682, 0.27, 0.73, 0.269111
0.9, 0.278081, 0.27, 0.73, 0.268025
0.9, 0.277071, 0.27, 0.73, 0.273501
0.9, 0.267417, 0.27, 0.73, 0.271057
0.9, 0.267773, 0.27, 0.73, 0.268615
0.9, 0.26961, 0.27, 0.73, 0.271032
0.9, 0.27305, 0.27, 0.73, 0.269836
0.9, 0.268328, 0.27, 0.73, 0.265971
0.9, 0.283234, 0.27, 0.73, 0.27633
0.9, 0.268662, 0.27, 0.73, 0.272425
0.9, 0.264393, 0.27, 0.73, 0.26942
0.9, 0.264132, 0.27, 0.73, 0.26915
0.9, 0.268784, 0.27, 0.73, 0.270952
0.9, 0.276486, 0.28, 0.72, 0.280861
0.9, 0.277252, 0.28, 0.72, 0.277525
0.9, 0.283776, 0.28, 0.72, 0.278122
0.9, 0.278553, 0.28, 0.72, 0.274088
0.9, 0.282424, 0.28, 0.72, 0.281325
0.9, 0.286701, 0.28, 0.72, 0.285506
0.9, 0.282637, 0.28, 0.72, 0.280127
0.9, 0.28053, 0.28, 0.72, 0.276043
0.9, 0.271726, 0.28, 0.72, 0.278219
0.9, 0.279225, 0.28, 0.72, 0.276285
0.9, 0.280897, 0.28, 0.72, 0.282127
0.9, 0.281726, 0.28, 0.72, 0.281489
0.9, 0.288482, 0.28, 0.72, 0.288179
0.9, 0.281298, 0.28, 0.72, 0.280248
0.9, 0.290006, 0.28, 0.72, 0.286544
0.9, 0.278766, 0.28, 0.72, 0.277772
0.9, 0.287885, 0.28, 0.72, 0.284648
0.9, 0.278546, 0.28, 0.72, 0.282836
0.9, 0.287173, 0.28, 0.72, 0.28357
0.9, 0.27264, 0.28, 0.72, 0.280928
0.9, 0.280327, 0.28, 0.72, 0.277769
0.9, 0.279789, 0.28, 0.72, 0.282425
0.9, 0.284319, 0.28, 0.72, 0.282393
0.9, 0.280894, 0.28, 0.72, 0.279753
0.9, 0.292683, 0.28, 0.72, 0.291176
0.9, 0.28911, 0.29, 0.71, 0.28871
0.9, 0.29742, 0.29, 0.71, 0.296216
0.9, 0.290423, 0.29, 0.71, 0.29226
0.9, 0.286518, 0.29, 0.71, 0.288391
0.9, 0.29274, 0.29, 0.71, 0.290586
0.9, 0.290481, 0.29, 0.71, 0.29042
0.9, 0.288908, 0.29, 0.71, 0.288117
0.9, 0.29512, 0.29, 0.71, 0.292422
0.9, 0.284254, 0.29, 0.71, 0.289911
0.9, 0.28836, 0.29, 0.71, 0.290556
0.9, 0.291752, 0.29, 0.71, 0.291864
0.9, 0.290864, 0.29, 0.71, 0.287421
0.9, 0.288434, 0.29, 0.71, 0.291523
0.9, 0.287555, 0.29, 0.71, 0.288279
0.9, 0.290014, 0.29, 0.71, 0.294452
0.9, 0.298498, 0.29, 0.71, 0.293242
0.9, 0.291085, 0.29, 0.71, 0.293835
0.9, 0.288593, 0.29, 0.71, 0.291294
0.9, 0.288675, 0.29, 0.71, 0.292446
0.9, 0.283003, 0.29, 0.71, 0.288959
0.9, 0.291093, 0.29, 0.71, 0.291729
0.9, 0.287573, 0.29, 0.71, 0.288267
0.9, 0.295318, 0.29, 0.71, 0.292604
0.9, 0.283169, 0.29, 0.71, 0.28512
0.9, 0.289287, 0.29, 0.71, 0.290635
0.9, 0.307606, 0.3, 0.7, 0.304791
0.9, 0.302854, 0.3, 0.7, 0.300862
0.9, 0.295828, 0.3, 0.7, 0.295725
0.9, 0.294202, 0.3, 0.7, 0.297036
0.9, 0.296232, 0.3, 0.7, 0.297683
0.9, 0.302469, 0.3, 0.7, 0.302007
0.9, 0.300433, 0.3, 0.7, 0.304546
0.9, 0.302402, 0.3, 0.7, 0.30002
0.9, 0.298751, 0.3, 0.7, 0.298614
0.9, 0.294795, 0.3, 0.7, 0.298463
0.9, 0.298377, 0.3, 0.7, 0.301072
0.9, 0.298409, 0.3, 0.7, 0.302436
0.9, 0.298141, 0.3, 0.7, 0.30143
0.9, 0.29809, 0.3, 0.7, 0.295805
0.9, 0.300759, 0.3, 0.7, 0.300552
0.9, 0.300962, 0.3, 0.7, 0.303044
0.9, 0.305709, 0.3, 0.7, 0.305509
0.9, 0.296672, 0.3, 0.7, 0.295601
0.9, 0.300782, 0.3, 0.7, 0.298226
0.9, 0.297843, 0.3, 0.7, 0.30145
0.9, 0.296469, 0.3, 0.7, 0.300709
0.9, 0.296166, 0.3, 0.7, 0.300641
0.9, 0.297132, 0.3, 0.7, 0.296289
0.9, 0.305144, 0.3, 0.7, 0.30142
0.9, 0.295481, 0.3, 0.7, 0.297872
0.95, 0.149525, 0.15, 0.85, 0.146571
0.95, 0.152698, 0.15, 0.85, 0.150927
0.95, 0.15627, 0.15, 0.85, 0.150663
0.95, 0.149498, 0.15, 0.85, 0.147764
0.95, 0.146572, 0.15, 0.85, 0.148045
0.95, 0.149989, 0.15, 0.85, 0.149008
0.95, 0.151235, 0.15, 0.85, 0.150214
0.95, 0.15458, 0.15, 0.85, 0.152682
0.95, 0.149763, 0.15, 0.85, 0.151575
0.95, 0.147575, 0.15, 0.85, 0.150414
0.95, 0.147559, 0.15, 0.85, 0.147366
0.95, 0.150308, 0.15, 0.85, 0.148894
0.95, 0.146159, 0.15, 0.85, 0.149634
0.95, 0.152624, 0.15, 0.85, 0.1537
0.95, 0.146721, 0.15, 0.85, 0.147731
0.95, 0.148455, 0.15, 0.85, 0.150995
0.95, 0.146479, 0.15, 0.85, 0.147331
0.95, 0.152105, 0.15, 0.85, 0.149778
0.95, 0.148275, 0.15, 0.85, 0.150308
0.95, 0.148077, 0.15, 0.85, 0.147582
0.95, 0.14957, 0.15, 0.85, 0.146807
0.95, 0.145039, 0.15, 0.85, 0.148241
0.95, 0.14738, 0.15, 0.85, 0.151504
0.95, 0.152923, 0.15, 0.85, 0.151783
0.95, 0.151577, 0.15, 0.85, 0.149423
0.95, 0.154432, 0.16, 0.84, 0.160247
0.95, 0.162051, 0.16, 0.84, 0.163681
0.95, 0.162848, 0.16, 0.84, 0.162002
0.95, 0.162916, 0.16, 0.84, 0.160018
0.95, 0.160199, 0.16, 0.84, 0.160785
0.95, 0.152672, 0.16, 0.84, 0.153658
0.95, 0.164992, 0.16, 0.84, 0.162225
0.95, 0.159817, 0.16, 0.84, 0.159136
0.95, 0.165285, 0.16, 0.84, 0.161853
0.95, 0.155639, 0.16, 0.84, 0.156736
0.95, 0.158711, 0.16, 0.84, 0.161203
0.95, 0.153849, 0.16, 0.84, 0.157547
0.95, 0.159856, 0.16, 0.84, 0.162293
0.95, 0.159638, 0.16, 0.84, 0.159675
0.95, 0.1661, 0.16, 0.84, 0.158435
0.95, 0.162314, 0.16, 0.84, 0.163282
0.95, 0.157219, 0.16, 0.84, 0.157552
0.95, 0.159581, 0.16, 0.84, 0.157796
0.95, 0.15732, 0.16, 0.84, 0.161051
0.95, 0.162591, 0.16, 0.84, 0.163094
0.95, 0.162244, 0.16, 0.84, 0.162627
0.95, 0.163744, 0.16, 0.84, 0.161326
0.95, 0.160286, 0.16, 0.84, 0.160882
0.95, 0.160264, 0.16, 0.84, 0.15949
0.95, 0.167569, 0.16, 0.84, 0.160475
0.95, 0.165204, 0.17, 0.83, 0.169063
0.95, 0.172562, 0.17, 0.83, 0.170187
0.95, 0.172532, 0.17, 0.83, 0.170231
0.95, 0.169759, 0.17, 0.83, 0.169429
0.95, 0.166706, 0.17, 0.83, 0.171298
0.95, 0.172182, 0.17, 0.83, 0.1668
0.95, 0.171335, 0.17, 0.83, 0.171658
0.95, 0.170024, 0.17, 0.83, 0.170323
0.95, 0.174433, 0.17, 0.83, 0.171224
0.95, 0.170889, 0.17, 0.83, 0.170728
0.95, 0.171888, 0.17, 0.83, 0.170778
0.95, 0.168831, 0.17, 0.83, 0.167021
0.95, 0.169959, 0.17, 0.83, 0.170313
0.95, 0.169741, 0.17, 0.83, 0.173186
0.95, 0.17106, 0.17, 0.83, 0.170187
0.95, 0.167078, 0.17, 0.83, 0.168652
0.95, 0.165481, 0.17, 0.83, 0.164994
0.95, 0.161484, 0.17, 0.83, 0.166692
0.95, 0.169672, 0.17, 0.83, 0.172234
0.95, 0.166265, 0.17, 0.83, 0.168221
0.95, 0.169083, 0.17, 0.83, 0.169731
0.95, 0.159221, 0.17, 0.83, 0.164874
0.95, 0.168486, 0.17, 0.83, 0.16746
0.95, 0.1749, 0.17, 0.83, 0.174184
0.95, 0.163589, 0.17, 0.83, 0.167105
0.95, 0.18184, 0.18, 0.82, 0.181221
0.95, 0.176521, 0.18, 0.82, 0.177397
0.95, 0.176962, 0.18, 0.82, 0.180167
0.95, 0.179792, 0.18, 0.82, 0.180454
0.95, 0.177975, 0.18, 0.82, 0.176834
0.95, 0.175047, 0.18, 0.82, 0.180138
0.95, 0.182026, 0.18, 0.82, 0.182186
0.95, 0.181795, 0.18, 0.82, 0.181926
0.95, 0.181932, 0.18, 0.82, 0.186007
0.95, 0.177843, 0.18, 0.82, 0.180084
0.95, 0.183511, 0.18, 0.82, 0.181731
0.95, 0.180986, 0.18, 0.82, 0.180521
0.95, 0.176501, 0.18, 0.82, 0.175718
0.95, 0.184034, 0.18, 0.82, 0.179377
0.95, 0.178932, 0.18, 0.82, 0.181583
0.95, 0.182909, 0.18, 0.82, 0.181845
0.95, 0.182442, 0.18, 0.82, 0.180357
0.95, 0.179713, 0.18, 0.82, 0.182228
0.95, 0.183206, 0.18, 0.82, 0.18343
0.95, 0.186605, 0.18, 0.82, 0.183875
0.95, 0.173835, 0.18, 0.82, 0.175426
0.95, 0.180282, 0.18, 0.82, 0.181557
0.95, 0.172803, 0.18, 0.82, 0.177206
0.95, 0.17712, 0.18, 0.82, 0.179087
0.95, 0.181748, 0.18, 0.82, 0.179068
0.95, 0.189497, 0.19, 0.81, 0.18502
0.95, 0.190982, 0.19, 0.81, 0.188836
0.95, 0.189131, 0.19, 0.81, 0.18927
0.95, 0.1889, 0.19, 0.81, 0.192254
0.95, 0.195018, 0.19, 0.81, 0.192551
0.95, 0.192726, 0.19, 0.81, 0.193531
0.95, 0.185683, 0.19, 0.81, 0.190172
0.95, 0.185337, 0.19, 0.81, 0.187336
0.95, 0.184265, 0.19, 0.81, 0.188158
0.95, 0.188372, 0.19, 0.81, 0.193514
0.95, 0.190947, 0.19, 0.81, 0.190719
0.95, 0.191483, 0.19, 0.81, 0.189162
0.95, 0.188283, 0.19, 0.81, 0.186631
0.95, 0.197185, 0.19, 0.81, 0.192769
0.95, 0.196116, 0.19, 0.81, 0.192714
0.95, 0.188001, 0.19, 0.81, 0.189075
0.95, 0.191295, 0.19, 0.81, 0.190748
0.95, 0.201251, 0.19, 0.81, 0.193556
0.95, 0.190073, 0.19, 0.81, 0.19072
0.95, 0.189335, 0.19, 0.81, 0.190776
0.95, 0.186407, 0.19, 0.81, 0.188561
0.95, 0.195786, 0.19, 0.81, 0.191829
0.95, 0.186789, 0.19, 0.81, 0.185937
0.95, 0.18877, 0.19, 0.81, 0.187692
0.95, 0.188201, 0.19, 0.81, 0.191291
0.95, 0.20116, 0.2, 0.8, 0.20479
0.95, 0.199456, 0.2, 0.8, 0.202115
0.95, 0.208928, 0.2, 0.8, 0.202926
0.95, 0.203437, 0.2, 0.8, 0.202939
0.95, 0.197044, 0.2, 0.8, 0.199166
0.95, 0.197349, 0.2, 0.8, 0.197382
0.95, 0.206364, 0.2, 0.8, 0.203798
0.95, 0.200227, 0.2, 0.8, 0.201092
0.95, 0.197524, 0.2, 0.8, 0.200172
0.95, 0.198665, 0.2, 0.8, 0.201488
0.95, 0.200256, 0.2, 0.8, 0.199278
0.95, 0.207667, 0.2, 0.8, 0.203615
0.95, 0.201226, 0.2, 0.8, 0.197809
0.95, 0.193775, 0.2, 0.8, 0.19525
0.95, 0.204674, 0.2, 0.8, 0.203059
0.95, 0.20017, 0.2, 0.8, 0.200759
0.95, 0.205141, 0.2, 0.8, 0.203019
0.95, 0.204884, 0.2, 0.8, 0.200967
0.95, 0.197822, 0.2, 0.8, 0.201751
0.95, 0.196493, 0.2, 0.8, 0.194656
0.95, 0.196233, 0.2, 0.8, 0.198968
0.95, 0.203046, 0.2, 0.8, 0.19998
0.95, 0.204091, 0.2, 0.8, 0.200866
0.95, 0.203557, 0.2, 0.8, 0.202454
0.95, 0.19787, 0.2, 0.8, 0.198139
0.95, 0.206262, 0.21, 0.79, 0.204133
0.95, 0.209455, 0.21, 0.79, 0.210558
0.95, 0.211834, 0.21, 0.79, 0.213371
0.95, 0.207356, 0.21, 0.79, 0.208598
0.95, 0.209927, 0.21, 0.79, 0.214679
0.95, 0.208546, 0.21, 0.79, 0.211446
0.95, 0.206993, 0.21, 0.79, 0.208317
0.95, 0.211935, 0.21, 0.79, 0.208023
0.95, 0.207547, 0.21, 0.79, 0.207314
0.95, 0.208233, 0.21, 0.79, 0.209934
0.95, 0.210697, 0.21, 0.79, 0.207394
0.95, 0.213192, 0.21, 0.79, 0.21193
0.95, 0.213097, 0.21, 0.79, 0.214771
0.95, 0.213071, 0.21, 0.79, 0.210896
0.95, 0.211374, 0.21, 0.79, 0.212383
0.95, 0.214784, 0.21, 0.79, 0.214778
0.95, 0.204703, 0.21, 0.79, 0.208377
0.95, 0.210372, 0.21, 0.79, 0.208494
0.95, 0.206279, 0.21, 0.79, 0.206068
0.95, 0.208377, 0.21, 0.79, 0.210139
0.95, 0.209783, 0.21, 0.79, 0.211826
0.95, 0.209447, 0.21, 0.79, 0.208228
0.95, 0.210512, 0.21, 0.79, 0.210089
0.95, 0.214781, 0.21, 0.79, 0.213689
0.95, 0.213463, 0.21, 0.79, 0.211303
0.95, 0.220108, 0.22, 0.78, 0.219565
0.95, 0.220128, 0.22, 0.78, 0.221366
0.95, 0.218599, 0.22, 0.78, 0.220105
0.95, 0.215179, 0.22, 0.78, 0.220793
0.95, 0.218265, 0.22, 0.78, 0.221871
0.95, 0.223615, 0.22, 0.78, 0.224129
0.95, 0.214487, 0.22, 0.78, 0.218973
0.95, 0.215695, 0.22, 0.78, 0.217617
0.95, 0.220182, 0.22, 0.78, 0.221193
0.95, 0.220862, 0.22, 0.78, 0.222451
0.95, 0.214243, 0.22, 0.78, 0.216092
0.95, 0.22201, 0.22, 0.78, 0.222754
0.95, 0.228543, 0.22, 0.78, 0.221327
0.95, 0.222261, 0.22, 0.78, 0.218005
0.95, 0.217112, 0.22, 0.78, 0.216292
0.95, 0.212726, 0.22, 0.78, 0.21763
0.95, 0.212205, 0.22, 0.78, 0.213151
0.95, 0.210131, 0.22, 0.78, 0.21743
0.95, 0.216746, 0.22, 0.78, 0.220508
0.95, 0.223034, 0.22, 0.78, 0.223103
0.95, 0.218428, 0.22, 0.78, 0.219164
0.95, 0.222849, 0.22, 0.78, 0.222786
0.95, 0.213748, 0.22, 0.78, 0.216719
0.95, 0.223164, 0.22, 0.78, 0.221664
0.95, 0.220742, 0.22, 0.78, 0.22225
0.95, 0.232066, 0.23, 0.77, 0.230067
0.95, 0.21818, 0.23, 0.77, 0.225111
0.95, 0.230067, 0.23, 0.77, 0.232699
0.95, 0.224508, 0.23, 0.77, 0.226026
0.95, 0.238654, 0.23, 0.77, 0.232306
0.95, 0.227625, 0.23, 0.77, 0.230515
0.95, 0.232318, 0.23, 0.77, 0.231536
0.95, 0.225387, 0.23, 0.77, 0.226755
0.95, 0.233349, 0.23, 0.77, 0.233529
0.95, 0.232828, 0.23, 0.77, 0.231944
0.95, 0.230218, 0.23, 0.77, 0.231597
0.95, 0.232335, 0.23, 0.77, 0.229276
0.95, 0.228014, 0.23, 0.77, 0.226779
0.95, 0.23142, 0.23, 0.77, 0.227143
0.95, 0.233629, 0.23, 0.77, 0.231208
0.95, 0.230402, 0.23, 0.77, 0.231068
0.95, 0.230849, 0.23, 0.77, 0.232702
0.95, 0.227084, 0.23, 0.77, 0.228497
0.95, 0.232613, 0.23, 0.77, 0.234493
0.95, 0.232421, 0.23, 0.77, 0.224736
0.95, 0.228901, 0.23, 0.77, 0.230765
0.95, 0.23471, 0.23, 0.77, 0.232318
0.95, 0.226646, 0.23, 0.77, 0.228878
0.95, 0.226727, 0.23, 0.77, 0.225229
0.95, 0.228507, 0.23, 0.77, 0.230072
0.95, 0.232826, 0.24, 0.76, 0.237043
0.95, 0.243152, 0.24, 0.76, 0.241508
0.95, 0.246202, 0.24, 0.76, 0.242439
0.95, 0.238038, 0.24, 0.76, 0.237703
0.95, 0.240301, 0.24, 0.76, 0.238372
0.95, 0.242452, 0.24, 0.76, 0.24358
0.95, 0.239714, 0.24, 0.76, 0.237166
0.95, 0.233804, 0.24, 0.76, 0.233037
0.95, 0.233825, 0.24, 0.76, 0.233013
0.95, 0.243072, 0.24, 0.76, 0.242904
0.95, 0.240736, 0.24, 0.76, 0.237618
0.95, 0.2449, 0.24, 0.76, 0.243524
0.95, 0.236358, 0.24, 0.76, 0.241472
0.95, 0.244009, 0.24, 0.76, 0.24073
0.95, 0.240323, 0.24, 0.76, 0.241295
0.95, 0.241077, 0.24, 0.76, 0.23957
0.95, 0.251475, 0.24, 0.76, 0.246934
0.95, 0.235643, 0.24, 0.76, 0.237601
0.95, 0.242118, 0.24, 0.76, 0.239759
0.95, 0.242126, 0.24, 0.76, 0.241811
0.95, 0.23989, 0.24, 0.76, 0.239561
0.95, 0.231535, 0.24, 0.76, 0.238921
0.95, 0.237094, 0.24, 0.76, 0.236258
0.95, 0.238537, 0.24, 0.76, 0.238464
0.95, 0.241031, 0.24, 0.76, 0.240674
0.95, 0.24461, 0.25, 0.75, 0.245621
0.95, 0.250149, 0.25, 0.75, 0.25219
0.95, 0.247627, 0.25, 0.75, 0.249261
0.95, 0.248145, 0.25, 0.75, 0.247001
0.95, 0.246006, 0.25, 0.75, 0.245193
0.95, 0.242522, 0.25, 0.75, 0.246783
0.95, 0.257292, 0.25, 0.75, 0.252946
0.95, 0.246119, 0.25, 0.75, 0.248184
0.95, 0.251941, 0.25, 0.75, 0.255163
0.95, 0.251219, 0.25, 0.75, 0.24926
0.95, 0.254276, 0.25, 0.75, 0.250438
0.95, 0.251619, 0.25, 0.75, 0.249675
0.95, 0.253089, 0.25, 0.75, 0.252448
0.95, 0.25117, 0.25, 0.75, 0.253707
0.95, 0.266908, 0.25, 0.75, 0.256109
0.95, 0.256506, 0.25, 0.75, 0.249025
0.95, 0.246363, 0.25, 0.75, 0.248297
0.95, 0.244411, 0.25, 0.75, 0.247272
0.95, 0.248425, 0.25, 0.75, 0.250188
0.95, 0.24678, 0.25, 0.75, 0.252217
0.95, 0.24762, 0.25, 0.75, 0.250792
0.95, 0.24626, 0.25, 0.75, 0.244336
0.95, 0.258459, 0.25, 0.75, 0.254776
0.95, 0.248517, 0.25, 0.75, 0.249778
0.95, 0.247371, 0.25, 0.75, 0.24975
0.95, 0.261098, 0.26, 0.74, 0.260089
0.95, 0.266249, 0.26, 0.74, 0.25915
0.95, 0.256856, 0.26, 0.74, 0.258161
0.95, 0.261787, 0.26, 0.74, 0.259777
0.95, 0.254647, 0.26, 0.74, 0.253319
0.95, 0.258512, 0.26, 0.74, 0.26171
0.95, 0.262543, 0.26, 0.74, 0.2607
0.95, 0.259192, 0.26, 0.74, 0.262986
0.95, 0.25767, 0.26, 0.74, 0.259517
0.95, 0.253439, 0.26, 0.74, 0.255619
0.95, 0.253383, 0.26, 0.74, 0.253941
0.95, 0.264087, 0.26, 0.74, 0.263547
0.95, 0.247775, 0.26, 0.74, 0.253406
0.95, 0.264353, 0.26, 0.74, 0.262915
0.95, 0.268104, 0.26, 0.74, 0.262995
0.95, 0.258061, 0.26, 0.74, 0.256882
0.95, 0.260868, 0.26, 0.74, 0.26348
0.95, 0.255316, 0.26, 0.74, 0.261935
0.95, 0.257113, 0.26, 0.74, 0.257951
0.95, 0.255885, 0.26, 0.74, 0.255837
0.95, 0.261156, 0.26, 0.74, 0.263653
0.95, 0.259867, 0.26, 0.74, 0.260519
0.95, 0.25841, 0.26, 0.74, 0.255663
0.95, 0.256064, 0.26, 0.74, 0.257356
0.95, 0.259369, 0.26, 0.74, 0.260292
0.95, 0.273696, 0.27, 0.73, 0.271626
0.95, 0.264116, 0.27, 0.73, 0.26163
0.95, 0.262856, 0.27, 0.73, 0.26661
0.95, 0.272694, 0.27, 0.73, 0.270756
0.95, 0.27206, 0.27, 0.73, 0.270221
0.95, 0.264633, 0.27, 0.73, 0.266908
0.95, 0.278016, 0.27, 0.73, 0.270253
0.95, 0.272393, 0.27, 0.73, 0.271594
0.95, 0.272067, 0.27, 0.73, 0.271305
0.95, 0.272355, 0.27, 0.73, 0.26881
0.95, 0.267093, 0.27, 0.73, 0.270671
0.95, 0.271124, 0.27, 0.73, 0.270736
0.95, 0.275681, 0.27, 0.73, 0.273743
0.95, 0.271207, 0.27, 0.73, 0.26921
0.95, 0.271618, 0.27, 0.73, 0.272323
0.95, 0.270358, 0.27, 0.73, 0.268524
0.95, 0.279205, 0.27, 0.73, 0.273173
0.95, 0.273676, 0.27, 0.73, 0.274208
0.95, 0.270487, 0.27, 0.73, 0.27134
0.95, 0.268827, 0.27, 0.73, 0.271929
0.95, 0.26811, 0.27, 0.73, 0.2715
0.95, 0.269994, 0.27, 0.73, 0.26724
0.95, 0.277597, 0.27, 0.73, 0.275777
0.95, 0.278957, 0.27, 0.73, 0.277778
0.95, 0.273232, 0.27, 0.73, 0.270484
0.95, 0.277671, 0.28, 0.72, 0.275066
0.95, 0.279461, 0.28, 0.72, 0.279004
0.95, 0.2726, 0.28, 0.72, 0.273676
0.95, 0.279707, 0.28, 0.72, 0.283252
0.95, 0.275823, 0.28, 0.72, 0.277424
0.95, 0.278029, 0.28, 0.72, 0.279982
0.95, 0.275367, 0.28, 0.72, 0.278029
0.95, 0.273647, 0.28, 0.72, 0.274651
0.95, 0.279186, 0.28, 0.72, 0.27839
0.95, 0.279573, 0.28, 0.72, 0.278235
0.95, 0.285312, 0.28, 0.72, 0.281153
0.95, 0.282993, 0.28, 0.72, 0.278766
0.95, 0.276998, 0.28, 0.72, 0.278589
0.95, 0.277427, 0.28, 0.72, 0.277255
0.95, 0.277456, 0.28, 0.72, 0.281467
0.95, 0.283536, 0.28, 0.72, 0.278622
0.95, 0.281729, 0.28, 0.72, 0.281322
0.95, 0.27699, 0.28, 0.72, 0.282114
0.95, 0.284006, 0.28, 0.72, 0.282208
0.95, 0.283891, 0.28, 0.72, 0.27936
0.95, 0.278344, 0.28, 0.72, 0.277862
0.95, 0.283539, 0.28, 0.72, 0.279071
0.95, 0.280594, 0.28, 0.72, 0.281017
0.95, 0.281011, 0.28, 0.72, 0.281765
0.95, 0.278278, 0.28, 0.72, 0.276553
0.95, 0.28898, 0.29, 0.71, 0.288261
0.95, 0.294534, 0.29, 0.71, 0.29026
0.95, 0.283756, 0.29, 0.71, 0.289154
0.95, 0.285106, 0.29, 0.71, 0.291373
0.95, 0.29965, 0.29, 0.71, 0.293446
0.95, 0.28565, 0.29, 0.71, 0.290025
0.95, 0.289688, 0.29, 0.71, 0.293212
0.95, 0.285403, 0.29, 0.71, 0.287965
0.95, 0.293309, 0.29, 0.71, 0.287556
0.95, 0.291461, 0.29, 0.71, 0.289833
0.95, 0.292149, 0.29, 0.71, 0.292273
0.95, 0.288064, 0.29, 0.71, 0.291241
0.95, 0.294261, 0.29, 0.71, 0.292585
0.95, 0.289843, 0.29, 0.71, 0.290443
0.95, 0.289146, 0.29, 0.71, 0.2894
0.95, 0.293321, 0.29, 0.71, 0.297488
0.95, 0.286197, 0.29, 0.71, 0.287503
0.95, 0.28233, 0.29, 0.71, 0.284936
0.95, 0.293085, 0.29, 0.71, 0.292696
0.95, 0.29246, 0.29, 0.71, 0.29238
0.95, 0.297146, 0.29, 0.71, 0.294733
0.95, 0.28821, 0.29, 0.71, 0.287157
0.95, 0.294223, 0.29, 0.71, 0.288066
0.95, 0.295704, 0.29, 0.71, 0.292209
0.95, 0.289112, 0.29, 0.71, 0.289084
0.95, 0.298982, 0.3, 0.7, 0.295946
0.95, 0.297353, 0.3, 0.7, 0.302323
0.95, 0.309345, 0.3, 0.7, 0.307154
0.95, 0.31883, 0.3, 0.7, 0.30722
0.95, 0.295405, 0.3, 0.7, 0.297347
0.95, 0.303192, 0.3, 0.7, 0.30071
0.95, 0.303869, 0.3, 0.7, 0.297063
0.95, 0.303104, 0.3, 0.7, 0.298049
0.95, 0.299257, 0.3, 0.7, 0.302056
0.95, 0.299375, 0.3, 0.7, 0.299473
0.95, 0.295454, 0.3, 0.7, 0.294045
0.95, 0.299186, 0.3, 0.7, 0.298303
0.95, 0.2977, 0.3, 0.7, 0.298231
0.95, 0.294299, 0.3, 0.7, 0.295992
0.95, 0.296494, 0.3, 0.7, 0.292352
0.95, 0.301674, 0.3, 0.7, 0.301808
0.95, 0.299827, 0.3, 0.7, 0.301095
0.95, 0.302014, 0.3, 0.7, 0.299454
0.95, 0.289172, 0.3, 0.7, 0.299046
0.95, 0.289677, 0.3, 0.7, 0.293497
0.95, 0.306748, 0.3, 0.7, 0.302348
0.95, 0.294975, 0.3, 0.7, 0.297847
0.95, 0.299826, 0.3, 0.7, 0.298975
0.95, 0.301392, 0.3, 0.7, 0.300225
0.95, 0.296587, 0.3, 0.7, 0.295901
1, 0.148868, 0.15, 0.85, 0.148502
1, 0.152509, 0.15, 0.85, 0.151446
1, 0.148485, 0.15, 0.85, 0.150844
1, 0.146418, 0.15, 0.85, 0.145495
1, 0.155909, 0.15, 0.85, 0.157268
1, 0.150061, 0.15, 0.85, 0.147505
1, 0.144449, 0.15, 0.85, 0.149154
1, 0.148352, 0.15, 0.85, 0.151211
1, 0.151843, 0.15, 0.85, 0.150934
1, 0.144568, 0.15, 0.85, 0.149574
1, 0.153953, 0.15, 0.85, 0.147794
1, 0.143465, 0.15, 0.85, 0.148873
1, 0.15177, 0.15, 0.85, 0.152259
1, 0.146019, 0.15, 0.85, 0.150053
1, 0.146421, 0.15, 0.85, 0.14916
1, 0.146417, 0.15, 0.85, 0.146572
1, 0.149758, 0.15, 0.85, 0.149531
1, 0.144845, 0.15, 0.85, 0.145358
1, 0.147122, 0.15, 0.85, 0.147866
1, 0.151137, 0.15, 0.85, 0.147063
1, 0.14929, 0.15, 0.85, 0.15047
1, 0.153153, 0.15, 0.85, 0.15307
1, 0.150877, 0.15, 0.85, 0.152828
1, 0.147343, 0.15, 0.85, 0.149178
1, 0.149303, 0.15, 0.85, 0.149178
1, 0.162389, 0.16, 0.84, 0.1607
1, 0.165727, 0.16, 0.84, 0.164249
1, 0.159553, 0.16, 0.84, 0.159533
1, 0.15648, 0.16, 0.84, 0.156308
1, 0.158142, 0.16, 0.84, 0.159335
1, 0.159607, 0.16, 0.84, 0.159785
1, 0.159729, 0.16, 0.84, 0.161018
1, 0.160019, 0.16, 0.84, 0.159658
1, 0.161455, 0.16, 0.84, 0.162013
1, 0.158699, 0.16, 0.84, 0.158316
1, 0.165747, 0.16, 0.84, 0.162533
1, 0.151378, 0.16, 0.84, 0.157934
1, 0.156095, 0.16, 0.84, 0.15531
1, 0.160643, 0.16, 0.84, 0.160426
1, 0.161639, 0.16, 0.84, 0.158821
1, 0.159723, 0.16, 0.84, 0.159405
1, 0.15996, 0.16, 0.84, 0.163158
1, 0.159028, 0.16, 0.84, 0.1603
1, 0.155688, 0.16, 0.84, 0.154869
1, 0.159054, 0.16, 0.84, 0.158514
1, 0.15628, 0.16, 0.84, 0.159198
1, 0.159219, 0.16, 0.84, 0.163077
1, 0.156655, 0.16, 0.84, 0.155945
1, 0.157761, 0.16, 0.84, 0.157991
1, 0.164798, 0.16, 0.84, 0.164722
1, 0.171232, 0.17, 0.83, 0.169757
1, 0.167777, 0.17, 0.83, 0.169764
1, 0.175942, 0.17, 0.83, 0.1749
1, 0.172011, 0.17, 0.83, 0.173652
1, 0.172692, 0.17, 0.83, 0.169482
1, 0.174729, 0.17, 0.83, 0.173627
1, 0.165163, 0.17, 0.83, 0.16986
1, 0.171311, 0.17, 0.83, 0.172749
1, 0.167473, 0.17, 0.83, 0.169797
1, 0.169528, 0.17, 0.83, 0.16882
1, 0.167271, 0.17, 0.83, 0.168335
1, 0.175544, 0.17, 0.83, 0.174222
1, 0.166654, 0.17, 0.83, 0.168789
1, 0.171762, 0.17, 0.83, 0.169405
1, 0.173056, 0.17, 0.83, 0.17149
1, 0.178412, 0.17, 0.83, 0.173926
1, 0.170655, 0.17, 0.83, 0.16929
1, 0.16993, 0.17, 0.83, 0.168597
1, 0.169892, 0.17, 0.83, 0.172601
1, 0.166396, 0.17, 0.83, 0.170882
1, 0.16831, 0.17, 0.83, 0.169619
1, 0.171638, 0.17, 0.83, 0.167977
1, 0.17244, 0.17, 0.83, 0.169908
1, 0.176485, 0.17, 0.83, 0.170531
1, 0.165167, 0.17, 0.83, 0.164013
1, 0.18497, 0.18, 0.82, 0.184322
1, 0.177522, 0.18, 0.82, 0.175117
1, 0.174927, 0.18, 0.82, 0.177345
1, 0.178378, 0.18, 0.82, 0.18226
1, 0.183296, 0.18, 0.82, 0.183415
1, 0.180229, 0.18, 0.82, 0.178215
1, 0.175689, 0.18, 0.82, 0.18043
1, 0.177002, 0.18, 0.82, 0.178934
1, 0.173605, 0.18, 0.82, 0.17401
1, 0.176079, 0.18, 0.82, 0.176735
1, 0.184236, 0.18, 0.82, 0.183366
1, 0.172239, 0.18, 0.82, 0.176951
1, 0.181575, 0.18, 0.82, 0.180891
1, 0.175126, 0.18, 0.82, 0.178159
1, 0.181681, 0.18, 0.82, 0.17832
1, 0.187227, 0.18, 0.82, 0.185397
1, 0.184909, 0.18, 0.82, 0.182517
1, 0.17889, 0.18, 0.82, 0.180394
1, 0.176667, 0.18, 0.82, 0.179332
1, 0.179053, 0.18, 0.82, 0.177786
1, 0.177504, 0.18, 0.82, 0.178657
1, 0.183166, 0.18, 0.82, 0.18169
1, 0.173399, 0.18, 0.82, 0.177015
1, 0.185407, 0.18, 0.82, 0.182376
1, 0.182133, 0.18, 0.82, 0.179934
1, 0.187404, 0.19, 0.81, 0.190892
1, 0.192843, 0.19, 0.81, 0.192938
1, 0.190386, 0.19, 0.81, 0.190113
1, 0.190443, 0.19, 0.81, 0.190703
1, 0.188917, 0.19, 0.81, 0.186833
1, 0.188199, 0.19, 0.81, 0.189025
1, 0.196108, 0.19, 0.81, 0.192511
1, 0.190008, 0.19, 0.81, 0.190316
1, 0.189618, 0.19, 0.81, 0.190232
1, 0.189815, 0.19, 0.81, 0.189875
1, 0.185964, 0.19, 0.81, 0.190851
1, 0.192032, 0.19, 0.81, 0.188569
1, 0.192942, 0.19, 0.81, 0.191496
1, 0.194185, 0.19, 0.81, 0.192184
1, 0.19548, 0.19, 0.81, 0.191588
1, 0.187803, 0.19, 0.81, 0.189021
1, 0.189031, 0.19, 0.81, 0.189229
1, 0.192549, 0.19, 0.81, 0.191989
1, 0.185551, 0.19, 0.81, 0.190546
1, 0.189369, 0.19, 0.81, 0.189285
1, 0.186633, 0.19, 0.81, 0.190211
1, 0.192849, 0.19, 0.81, 0.191673
1, 0.192261, 0.19, 0.81, 0.190411
1, 0.178962, 0.19, 0.81, 0.186812
1, 0.188602, 0.19, 0.81, 0.185187
1, 0.195089, 0.2, 0.8, 0.19892
1, 0.197209, 0.2, 0.8, 0.198864
1, 0.205235, 0.2, 0.8, 0.201134
1, 0.202188, 0.2, 0.8, 0.199861
1, 0.206152, 0.2, 0.8, 0.202002
1, 0.206366, 0.2, 0.8, 0.203673
1, 0.205229, 0.2, 0.8, 0.203712
1, 0.206902, 0.2, 0.8, 0.203069
1, 0.20164, 0.2, 0.8, 0.199649
1, 0.197651, 0.2, 0.8, 0.200445
1, 0.198784, 0.2, 0.8, 0.198303
1, 0.194345, 0.2, 0.8, 0.202174
1, 0.198592, 0.2, 0.8, 0.199311
1, 0.193387, 0.2, 0.8, 0.193555
1, 0.198189, 0.2, 0.8, 0.198564
1, 0.202041, 0.2, 0.8, 0.201622
1, 0.201005, 0.2, 0.8, 0.202071
1, 0.205742, 0.2, 0.8, 0.204257
1, 0.199757, 0.2, 0.8, 0.201447
1, 0.202179, 0.2, 0.8, 0.19999
1, 0.199806, 0.2, 0.8, 0.197171
1, 0.197009, 0.2, 0.8, 0.196395
1, 0.205031, 0.2, 0.8, 0.200288
1, 0.193082, 0.2, 0.8, 0.198725
1, 0.202089, 0.2, 0.8, 0.198739
1, 0.214357, 0.21, 0.79, 0.210694
1, 0.205563, 0.21, 0.79, 0.208763
1, 0.209192, 0.21, 0.79, 0.208974
1, 0.208374, 0.21, 0.79, 0.206976
1, 0.214919, 0.21, 0.79, 0.209655
1, 0.208728, 0.21, 0.79, 0.210118
1, 0.209529, 0.21, 0.79, 0.2106
1, 0.216277, 0.21, 0.79, 0.21436
1, 0.205986, 0.21, 0.79, 0.208751
1, 0.21658, 0.21, 0.79, 0.209669
1, 0.212365, 0.21, 0.79, 0.213449
1, 0.209741, 0.21, 0.79, 0.212049
1, 0.20929, 0.21, 0.79, 0.208612
1, 0.211088, 0.21, 0.79, 0.21221
1, 0.202628, 0.21, 0.79, 0.20502
1, 0.202771, 0.21, 0.79, 0.204153
1, 0.210199, 0.21, 0.79, 0.211206
1, 0.209503, 0.21, 0.79, 0.211112
1, 0.210774, 0.21, 0.79, 0.210046
1, 0.207226, 0.21, 0.79, 0.207888
1, 0.215013, 0.21, 0.79, 0.213858
1, 0.209461, 0.21, 0.79, 0.208785
1, 0.205748, 0.21, 0.79, 0.212286
1, 0.213691, 0.21, 0.79, 0.210708
1, 0.210845, 0.21, 0.79, 0.209874
1, 0.22395, 0.22, 0.78, 0.220095
1, 0.214931, 0.22, 0.78, 0.219896
1, 0.21999, 0.22, 0.78, 0.221124
1, 0.21238, 0.22, 0.78, 0.214677
1, 0.221513, 0.22, 0.78, 0.219015
1, 0.224181, 0.22, 0.78, 0.220165
1, 0.223102, 0.22, 0.78, 0.224998
1, 0.217569, 0.22, 0.78, 0.22205
1, 0.215617, 0.22, 0.78, 0.219125
1, 0.218325, 0.22, 0.78, 0.220455
1, 0.214058, 0.22, 0.78, 0.218018
1, 0.215212, 0.22, 0.78, 0.22094
1, 0.224761, 0.22, 0.78, 0.223086
1, 0.216078, 0.22, 0.78, 0.216634
1, 0.220177, 0.22, 0.78, 0.222694
1, 0.214395, 0.22, 0.78, 0.212286
1, 0.215354, 0.22, 0.78, 0.221638
1, 0.216751, 0.22, 0.78, 0.219433
1, 0.227508, 0.22, 0.78, 0.22341
1, 0.221884, 0.22, 0.78, 0.222413
1, 0.227856, 0.22, 0.78, 0.222754
1, 0.224624, 0.22, 0.78, 0.222155
1, 0.216779, 0.22, 0.78, 0.216427
1, 0.22038, 0.22, 0.78, 0.218806
1, 0.211305, 0.22, 0.78, 0.215978
1, 0.231837, 0.23, 0.77, 0.230462
1, 0.228364, 0.23, 0.77, 0.231732
1, 0.220178, 0.23, 0.77, 0.221027
1, 0.228377, 0.23, 0.77, 0.23052
1, 0.226307, 0.23, 0.77, 0.23093
1, 0.229072, 0.23, 0.77, 0.228372
1, 0.234775, 0.23, 0.77, 0.231694
1, 0.226164, 0.23, 0.77, 0.230535
1, 0.227402, 0.23, 0.77, 0.232551
1, 0.223472, 0.23, 0.77, 0.22273
1, 0.226338, 0.23, 0.77, 0.227394
1, 0.22808, 0.23, 0.77, 0.23159
1, 0.225923, 0.23, 0.77, 0.228068
1, 0.226327, 0.23, 0.77, 0.227373
1, 0.225026, 0.23, 0.77, 0.227656
1, 0.23418, 0.23, 0.77, 0.232436
1, 0.237227, 0.23, 0.77, 0.234129
1, 0.227273, 0.23, 0.77, 0.228321
1, 0.220673, 0.23, 0.77, 0.225473
1, 0.2327, 0.23, 0.77, 0.231884
1, 0.234812, 0.23, 0.77, 0.230079
1, 0.229506, 0.23, 0.77, 0.230608
1, 0.225166, 0.23, 0.77, 0.22832
1, 0.221545, 0.23, 0.77, 0.224611
1, 0.228086, 0.23, 0.77, 0.228286
1, 0.246482, 0.24, 0.76, 0.242346
1, 0.232963, 0.24, 0.76, 0.239006
1, 0.235578, 0.24, 0.76, 0.237485
1, 0.245687, 0.24, 0.76, 0.243967
1, 0.235177, 0.24, 0.76, 0.235895
1, 0.242097, 0.24, 0.76, 0.242111
1, 0.238127, 0.24, 0.76, 0.238511
1, 0.239726, 0.24, 0.76, 0.240395
1, 0.239235, 0.24, 0.76, 0.237149
1, 0.249716, 0.24, 0.76, 0.244357
1, 0.241761, 0.24, 0.76, 0.241373
1, 0.232055, 0.24, 0.76, 0.236362
1, 0.241901, 0.24, 0.76, 0.242705
1, 0.240314, 0.24, 0.76, 0.245025
1, 0.239516, 0.24, 0.76, 0.23901
1, 0.241114, 0.24, 0.76, 0.240456
1, 0.232628, 0.24, 0.76, 0.232256
1, 0.240991, 0.24, 0.76, 0.240277
1, 0.234637, 0.24, 0.76, 0.234642
1, 0.240877, 0.24, 0.76, 0.24224
1, 0.255125, 0.24, 0.76, 0.248013
1, 0.246771, 0.24, 0.76, 0.243787
1, 0.239839, 0.24, 0.76, 0.240214
1, 0.23832, 0.24, 0.76, 0.239751
1, 0.240387, 0.24, 0.76, 0.238711
1, 0.255243, 0.25, 0.75, 0.255113
1, 0.245729, 0.25, 0.75, 0.248712
1, 0.257894, 0.25, 0.75, 0.25484
1, 0.250747, 0.25, 0.75, 0.249912
1, 0.247229, 0.25, 0.75, 0.249176
1, 0.24421, 0.25, 0.75, 0.246981
1, 0.252256, 0.25, 0.75, 0.250139
1, 0.255952, 0.25, 0.75, 0.252213
1, 0.248787, 0.25, 0.75, 0.249212
1, 0.250603, 0.25, 0.75, 0.250435
1, 0.246943, 0.25, 0.75, 0.244816
1, 0.253645, 0.25, 0.75, 0.255413
1, 0.251237, 0.25, 0.75, 0.255407
1, 0.254969, 0.25, 0.75, 0.250212
1, 0.244813, 0.25, 0.75, 0.248452
1, 0.243854, 0.25, 0.75, 0.246191
1, 0.24698, 0.25, 0.75, 0.246876
1, 0.244198, 0.25, 0.75, 0.247661
1, 0.24765, 0.25, 0.75, 0.249938
1, 0.252244, 0.25, 0.75, 0.251173
1, 0.243435, 0.25, 0.75, 0.251486
1, 0.258882, 0.25, 0.75, 0.254466
1, 0.249308, 0.25, 0.75, 0.250394
1, 0.244798, 0.25, 0.75, 0.252692
1, 0.253268, 0.25, 0.75, 0.251231
1, 0.256626, 0.26, 0.74, 0.259011
1, 0.259883, 0.26, 0.74, 0.260867
1, 0.255229, 0.26, 0.74, 0.256169
1, 0.262063, 0.26, 0.74, 0.25903
1, 0.258393, 0.26, 0.74, 0.25586
1, 0.263174, 0.26, 0.74, 0.260634
1, 0.260626, 0.26, 0.74, 0.261257
1, 0.261354, 0.26, 0.74, 0.257717
1, 0.257704, 0.26, 0.74, 0.259994
1, 0.256331, 0.26, 0.74, 0.256927
1, 0.261646, 0.26, 0.74, 0.261043
1, 0.253254, 0.26, 0.74, 0.256292
1, 0.254012, 0.26, 0.74, 0.260531
1, 0.256399, 0.26, 0.74, 0.257592
1, 0.258079, 0.26, 0.74, 0.261874
1, 0.267359, 0.26, 0.74, 0.262774
1, 0.256013, 0.26, 0.74, 0.258102
1, 0.26205, 0.26, 0.74, 0.260662
1, 0.25842, 0.26, 0.74, 0.261286
1, 0.259475, 0.26, 0.74, 0.260739
1, 0.259526, 0.26, 0.74, 0.264258
1, 0.252589, 0.26, 0.74, 0.256293
1, 0.257128, 0.26, 0.74, 0.255003
1, 0.253057, 0.26, 0.74, 0.253894
1, 0.259606, 0.26, 0.74, 0.261073
1, 0.272677, 0.27, 0.73, 0.274945
1, 0.267125, 0.27, 0.73, 0.267149
1, 0.275433, 0.27, 0.73, 0.275021
1, 0.268914, 0.27, 0.73, 0.267392
1, 0.27588, 0.27, 0.73, 0.273296
1, 0.267795, 0.27, 0.73, 0.267722
1, 0.272185, 0.27, 0.73, 0.269828
1, 0.272146, 0.27, 0.73, 0.270781
1, 0.269514, 0.27, 0.73, 0.271567
1, 0.259934, 0.27, 0.73, 0.263121
1, 0.27389, 0.27, 0.73, 0.270757
1, 0.2673, 0.27, 0.73, 0.265312
1, 0.264383, 0.27, 0.73, 0.268869
1, 0.265115, 0.27, 0.73, 0.270966
1, 0.271093, 0.27, 0.73, 0.271933
1, 0.270661, 0.27, 0.73, 0.269111
1, 0.269299, 0.27, 0.73, 0.273655
1, 0.271357, 0.27, 0.73, 0.273867
1, 0.28145, 0.27, 0.73, 0.274398
1, 0.270831, 0.27, 0.73, 0.269196
1, 0.272471, 0.27, 0.73, 0.270656
1, 0.265756, 0.27, 0.73, 0.268107
1, 0.273553, 0.27, 0.73, 0.27725
1, 0.273873, 0.27, 0.73, 0.27381
1, 0.27057, 0.27, 0.73, 0.271922
1, 0.27879, 0.28, 0.72, 0.277121
1, 0.279665, 0.28, 0.72, 0.279032
1, 0.286409, 0.28, 0.72, 0.282863
1, 0.286057, 0.28, 0.72, 0.285563
1, 0.287868, 0.28, 0.72, 0.282983
1, 0.279241, 0.28, 0.72, 0.277938
1, 0.292742, 0.28, 0.72, 0.287332
1, 0.276141, 0.28, 0.72, 0.276497
1, 0.28463, 0.28, 0.72, 0.283031
1, 0.287155, 0.28, 0.72, 0.282316
1, 0.285361, 0.28, 0.72, 0.284227
1, 0.278448, 0.28, 0.72, 0.274674
1, 0.288222, 0.28, 0.72, 0.285091
1, 0.275086, 0.28, 0.72, 0.281048
1, 0.278542, 0.28, 0.72, 0.276925
1, 0.286735, 0.28, 0.72, 0.28072
1, 0.278252, 0.28, 0.72, 0.283073
1, 0.279541, 0.28, 0.72, 0.28261
1, 0.283324, 0.28, 0.72, 0.283357
1, 0.278329, 0.28, 0.72, 0.278553
1, 0.297374, 0.28, 0.72, 0.293232
1, 0.273408, 0.28, 0.72, 0.27954
1, 0.273997, 0.28, 0.72, 0.275481
1, 0.271148, 0.28, 0.72, 0.272818
1, 0.277989, 0.28, 0.72, 0.277895
1, 0.285099, 0.29, 0.71, 0.289693
1, 0.285078, 0.29, 0.71, 0.286588
1, 0.289752, 0.29, 0.71, 0.293951
1, 0.293496, 0.29, 0.71, 0.293782
1, 0.294266, 0.29, 0.71, 0.294947
1, 0.291007, 0.29, 0.71, 0.289759
1, 0.283572, 0.29, 0.71, 0.285098
1, 0.288939, 0.29, 0.71, 0.286278
1, 0.287792, 0.29, 0.71, 0.293411
1, 0.289045, 0.29, 0.71, 0.289589
1, 0.2901, 0.29, 0.71, 0.292576
1, 0.29375, 0.29, 0.71, 0.292155
1, 0.286362, 0.29, 0.71, 0.290659
1, 0.288488, 0.29, 0.71, 0.28722
1, 0.29416, 0.29, 0.71, 0.290944
1, 0.284159, 0.29, 0.71, 0.286284
1, 0.291954, 0.29, 0.71, 0.28834
1, 0.289095, 0.29, 0.71, 0.290718
1, 0.283941, 0.29, 0.71, 0.28894
1, 0.289768, 0.29, 0.71, 0.293915
1, 0.290416, 0.29, 0.71, 0.28932
1, 0.287096, 0.29, 0.71, 0.290044
1, 0.292548, 0.29, 0.71, 0.290575
1, 0.293675, 0.29, 0.71, 0.289743
1, 0.294713, 0.29, 0.71, 0.291838
1, 0.303714, 0.3, 0.7, 0.303271
1, 0.305614, 0.3, 0.7, 0.299196
1, 0.302717, 0.3, 0.7, 0.301233
1, 0.308965, 0.3, 0.7, 0.309238
1, 0.307555, 0.3, 0.7, 0.301753
1, 0.300459, 0.3, 0.7, 0.301343
1, 0.30099, 0.3, 0.7, 0.303047
1, 0.293712, 0.3, 0.7, 0.299414
1, 0.298452, 0.3, 0.7, 0.302075
1, 0.303444, 0.3, 0.7, 0.304422
1, 0.306699, 0.3, 0.7, 0.30369
1, 0.30691, 0.3, 0.7, 0.304942
1, 0.295959, 0.3, 0.7, 0.298932
1, 0.306343, 0.3, 0.7, 0.301684
1, 0.30307, 0.3, 0.7, 0.29992
1, 0.297096, 0.3, 0.7, 0.299647
1, 0.294907, 0.3, 0.7, 0.29797
1, 0.29446, 0.3, 0.7, 0.297028
1, 0.301689, 0.3, 0.7, 0.300807
1, 0.297802, 0.3, 0.7, 0.296054
1, 0.303793, 0.3, 0.7, 0.302699
1, 0.292135, 0.3, 0.7, 0.298699
1, 0.294509, 0.3, 0.7, 0.294681
1, 0.295636, 0.3, 0.7, 0.300025
1, 0.298593, 0.3, 0.7, 0.298784
