# B5 Gamma Dynamic Simulation Results
# Strategy schedule: schedules/schedule_b5_gamma_rational.txt
# Gamma schedule: schedules/gamma_schedule_volatile.txt
# Hash rate range: 0.15 - 0.3 (15% - 30%) in 0.01 increments
InitialGamma, Miner0_ProfitFraction, Miner0_HashRate, Miner1_HashRate, Miner0_BlockFraction
0.95, 0.157114, 0.15, 0.85, 0.161322
0.95, 0.158816, 0.15, 0.85, 0.161613
0.95, 0.156208, 0.15, 0.85, 0.159548
0.95, 0.162554, 0.15, 0.85, 0.164992
0.95, 0.154752, 0.15, 0.85, 0.159282
0.95, 0.162431, 0.15, 0.85, 0.15937
0.95, 0.156219, 0.15, 0.85, 0.160725
0.95, 0.161672, 0.15, 0.85, 0.162305
0.95, 0.157778, 0.15, 0.85, 0.157042
0.95, 0.151299, 0.15, 0.85, 0.154763
0.95, 0.158655, 0.15, 0.85, 0.155832
0.95, 0.156767, 0.15, 0.85, 0.156785
0.95, 0.154524, 0.15, 0.85, 0.152068
0.95, 0.154973, 0.15, 0.85, 0.158809
0.95, 0.160083, 0.15, 0.85, 0.159327
0.95, 0.164046, 0.15, 0.85, 0.163118
0.95, 0.149755, 0.15, 0.85, 0.15016
0.95, 0.154851, 0.15, 0.85, 0.158744
0.95, 0.15513, 0.15, 0.85, 0.156133
0.95, 0.162245, 0.15, 0.85, 0.165342
0.95, 0.156429, 0.15, 0.85, 0.159096
0.95, 0.154429, 0.15, 0.85, 0.158539
0.95, 0.156677, 0.15, 0.85, 0.154003
0.95, 0.154417, 0.15, 0.85, 0.158931
0.95, 0.151881, 0.15, 0.85, 0.154124
0.95, 0.179834, 0.16, 0.84, 0.173819
0.95, 0.177822, 0.16, 0.84, 0.178795
0.95, 0.166009, 0.16, 0.84, 0.168199
0.95, 0.167465, 0.16, 0.84, 0.167653
0.95, 0.162804, 0.16, 0.84, 0.166542
0.95, 0.178856, 0.16, 0.84, 0.174521
0.95, 0.170723, 0.16, 0.84, 0.17101
0.95, 0.175309, 0.16, 0.84, 0.175206
0.95, 0.179206, 0.16, 0.84, 0.175055
0.95, 0.164384, 0.16, 0.84, 0.167984
0.95, 0.178229, 0.16, 0.84, 0.174781
0.95, 0.172963, 0.16, 0.84, 0.174511
0.95, 0.171033, 0.16, 0.84, 0.176419
0.95, 0.175012, 0.16, 0.84, 0.172327
0.95, 0.169901, 0.16, 0.84, 0.167976
0.95, 0.168709, 0.16, 0.84, 0.171889
0.95, 0.169743, 0.16, 0.84, 0.171822
0.95, 0.161887, 0.16, 0.84, 0.169366
0.95, 0.16245, 0.16, 0.84, 0.165272
0.95, 0.167465, 0.16, 0.84, 0.170612
0.95, 0.164431, 0.16, 0.84, 0.170046
0.95, 0.170237, 0.16, 0.84, 0.17324
0.95, 0.168701, 0.16, 0.84, 0.16922
0.95, 0.168685, 0.16, 0.84, 0.171618
0.95, 0.175821, 0.16, 0.84, 0.174522
0.95, 0.183758, 0.17, 0.83, 0.179798
0.95, 0.17837, 0.17, 0.83, 0.182225
0.95, 0.186188, 0.17, 0.83, 0.187223
0.95, 0.180756, 0.17, 0.83, 0.182832
0.95, 0.180209, 0.17, 0.83, 0.180613
0.95, 0.186362, 0.17, 0.83, 0.187485
0.95, 0.187564, 0.17, 0.83, 0.187941
0.95, 0.184269, 0.17, 0.83, 0.183299
0.95, 0.178724, 0.17, 0.83, 0.183315
0.95, 0.185923, 0.17, 0.83, 0.184964
0.95, 0.180136, 0.17, 0.83, 0.183381
0.95, 0.182536, 0.17, 0.83, 0.183703
0.95, 0.187366, 0.17, 0.83, 0.187246
0.95, 0.181235, 0.17, 0.83, 0.182574
0.95, 0.181468, 0.17, 0.83, 0.182986
0.95, 0.186455, 0.17, 0.83, 0.185206
0.95, 0.17872, 0.17, 0.83, 0.183612
0.95, 0.187106, 0.17, 0.83, 0.184989
0.95, 0.187329, 0.17, 0.83, 0.191656
0.95, 0.176529, 0.17, 0.83, 0.177218
0.95, 0.192455, 0.17, 0.83, 0.189732
0.95, 0.185197, 0.17, 0.83, 0.186466
0.95, 0.188206, 0.17, 0.83, 0.185494
0.95, 0.182943, 0.17, 0.83, 0.183022
0.95, 0.186189, 0.17, 0.83, 0.186041
0.95, 0.19943, 0.18, 0.82, 0.201155
0.95, 0.194764, 0.18, 0.82, 0.195795
0.95, 0.201611, 0.18, 0.82, 0.197985
0.95, 0.197759, 0.18, 0.82, 0.195875
0.95, 0.194667, 0.18, 0.82, 0.194998
0.95, 0.18642, 0.18, 0.82, 0.193229
0.95, 0.193972, 0.18, 0.82, 0.198413
0.95, 0.199314, 0.18, 0.82, 0.198442
0.95, 0.192995, 0.18, 0.82, 0.197974
0.95, 0.195745, 0.18, 0.82, 0.199931
0.95, 0.189206, 0.18, 0.82, 0.192181
0.95, 0.197604, 0.18, 0.82, 0.196043
0.95, 0.198591, 0.18, 0.82, 0.197948
0.95, 0.19316, 0.18, 0.82, 0.196151
0.95, 0.201753, 0.18, 0.82, 0.199242
0.95, 0.19678, 0.18, 0.82, 0.193734
0.95, 0.199876, 0.18, 0.82, 0.201802
0.95, 0.195231, 0.18, 0.82, 0.196419
0.95, 0.195587, 0.18, 0.82, 0.191933
0.95, 0.197539, 0.18, 0.82, 0.19906
0.95, 0.191669, 0.18, 0.82, 0.199989
0.95, 0.202162, 0.18, 0.82, 0.200736
0.95, 0.197393, 0.18, 0.82, 0.196246
0.95, 0.199543, 0.18, 0.82, 0.199303
0.95, 0.195424, 0.18, 0.82, 0.198001
0.95, 0.206585, 0.19, 0.81, 0.209264
0.95, 0.210485, 0.19, 0.81, 0.211796
0.95, 0.205384, 0.19, 0.81, 0.208859
0.95, 0.208191, 0.19, 0.81, 0.212912
0.95, 0.21885, 0.19, 0.81, 0.217949
0.95, 0.213811, 0.19, 0.81, 0.212241
0.95, 0.205457, 0.19, 0.81, 0.21077
0.95, 0.199855, 0.19, 0.81, 0.199627
0.95, 0.213057, 0.19, 0.81, 0.214147
0.95, 0.201276, 0.19, 0.81, 0.207133
0.95, 0.213164, 0.19, 0.81, 0.212203
0.95, 0.205828, 0.19, 0.81, 0.205625
0.95, 0.2099, 0.19, 0.81, 0.211772
0.95, 0.218582, 0.19, 0.81, 0.217752
0.95, 0.207961, 0.19, 0.81, 0.214511
0.95, 0.208274, 0.19, 0.81, 0.207763
0.95, 0.209427, 0.19, 0.81, 0.208443
0.95, 0.210454, 0.19, 0.81, 0.209745
0.95, 0.214233, 0.19, 0.81, 0.21222
0.95, 0.202493, 0.19, 0.81, 0.200368
0.95, 0.207433, 0.19, 0.81, 0.210104
0.95, 0.206556, 0.19, 0.81, 0.211201
0.95, 0.213195, 0.19, 0.81, 0.21638
0.95, 0.210782, 0.19, 0.81, 0.210578
0.95, 0.214258, 0.19, 0.81, 0.215316
0.95, 0.226988, 0.2, 0.8, 0.229774
0.95, 0.224511, 0.2, 0.8, 0.222202
0.95, 0.216505, 0.2, 0.8, 0.224938
0.95, 0.214922, 0.2, 0.8, 0.220693
0.95, 0.209782, 0.2, 0.8, 0.218833
0.95, 0.225208, 0.2, 0.8, 0.228349
0.95, 0.224701, 0.2, 0.8, 0.224665
0.95, 0.221064, 0.2, 0.8, 0.225297
0.95, 0.218777, 0.2, 0.8, 0.224626
0.95, 0.229048, 0.2, 0.8, 0.228453
0.95, 0.220802, 0.2, 0.8, 0.223509
0.95, 0.225216, 0.2, 0.8, 0.23197
0.95, 0.217681, 0.2, 0.8, 0.221812
0.95, 0.220073, 0.2, 0.8, 0.216334
0.95, 0.223495, 0.2, 0.8, 0.224272
0.95, 0.22393, 0.2, 0.8, 0.219631
0.95, 0.216088, 0.2, 0.8, 0.217776
0.95, 0.214218, 0.2, 0.8, 0.213718
0.95, 0.221971, 0.2, 0.8, 0.22319
0.95, 0.214936, 0.2, 0.8, 0.221099
0.95, 0.221063, 0.2, 0.8, 0.225453
0.95, 0.222625, 0.2, 0.8, 0.224477
0.95, 0.220432, 0.2, 0.8, 0.224187
0.95, 0.211262, 0.2, 0.8, 0.218077
0.95, 0.217461, 0.2, 0.8, 0.220908
0.95, 0.228882, 0.21, 0.79, 0.231419
0.95, 0.235031, 0.21, 0.79, 0.238887
0.95, 0.223953, 0.21, 0.79, 0.230206
0.95, 0.23507, 0.21, 0.79, 0.237624
0.95, 0.233618, 0.21, 0.79, 0.234522
0.95, 0.226741, 0.21, 0.79, 0.231991
0.95, 0.243486, 0.21, 0.79, 0.244879
0.95, 0.235255, 0.21, 0.79, 0.240621
0.95, 0.231479, 0.21, 0.79, 0.236491
0.95, 0.239522, 0.21, 0.79, 0.24073
0.95, 0.240333, 0.21, 0.79, 0.24045
0.95, 0.239103, 0.21, 0.79, 0.241312
0.95, 0.236212, 0.21, 0.79, 0.238672
0.95, 0.222742, 0.21, 0.79, 0.227575
0.95, 0.238171, 0.21, 0.79, 0.240658
0.95, 0.238069, 0.21, 0.79, 0.235433
0.95, 0.229872, 0.21, 0.79, 0.232819
0.95, 0.238339, 0.21, 0.79, 0.238149
0.95, 0.237814, 0.21, 0.79, 0.236121
0.95, 0.226828, 0.21, 0.79, 0.231668
0.95, 0.239104, 0.21, 0.79, 0.239157
0.95, 0.231506, 0.21, 0.79, 0.231919
0.95, 0.233612, 0.21, 0.79, 0.238338
0.95, 0.235839, 0.21, 0.79, 0.234604
0.95, 0.234353, 0.21, 0.79, 0.240294
0.95, 0.248115, 0.22, 0.78, 0.247844
0.95, 0.253139, 0.22, 0.78, 0.253213
0.95, 0.242758, 0.22, 0.78, 0.245306
0.95, 0.2437, 0.22, 0.78, 0.245936
0.95, 0.243217, 0.22, 0.78, 0.248826
0.95, 0.251192, 0.22, 0.78, 0.255207
0.95, 0.253639, 0.22, 0.78, 0.253501
0.95, 0.248736, 0.22, 0.78, 0.248242
0.95, 0.247768, 0.22, 0.78, 0.249954
0.95, 0.243825, 0.22, 0.78, 0.247287
0.95, 0.242606, 0.22, 0.78, 0.248374
0.95, 0.250034, 0.22, 0.78, 0.255617
0.95, 0.254222, 0.22, 0.78, 0.248543
0.95, 0.243414, 0.22, 0.78, 0.249594
0.95, 0.256029, 0.22, 0.78, 0.255911
0.95, 0.247015, 0.22, 0.78, 0.254353
0.95, 0.251968, 0.22, 0.78, 0.255749
0.95, 0.246086, 0.22, 0.78, 0.242848
0.95, 0.250546, 0.22, 0.78, 0.248503
0.95, 0.236234, 0.22, 0.78, 0.245009
0.95, 0.248285, 0.22, 0.78, 0.254393
0.95, 0.256239, 0.22, 0.78, 0.253726
0.95, 0.246198, 0.22, 0.78, 0.250795
0.95, 0.248699, 0.22, 0.78, 0.249472
0.95, 0.2402, 0.22, 0.78, 0.250076
0.95, 0.260694, 0.23, 0.77, 0.262891
0.95, 0.262893, 0.23, 0.77, 0.268013
0.95, 0.248228, 0.23, 0.77, 0.255835
0.95, 0.267485, 0.23, 0.77, 0.263948
0.95, 0.246154, 0.23, 0.77, 0.253525
0.95, 0.263254, 0.23, 0.77, 0.265252
0.95, 0.259525, 0.23, 0.77, 0.264908
0.95, 0.259121, 0.23, 0.77, 0.261949
0.95, 0.259633, 0.23, 0.77, 0.260802
0.95, 0.258598, 0.23, 0.77, 0.262361
0.95, 0.265947, 0.23, 0.77, 0.270782
0.95, 0.252561, 0.23, 0.77, 0.255386
0.95, 0.252592, 0.23, 0.77, 0.258498
0.95, 0.265198, 0.23, 0.77, 0.265072
0.95, 0.263317, 0.23, 0.77, 0.263651
0.95, 0.259272, 0.23, 0.77, 0.265015
0.95, 0.263155, 0.23, 0.77, 0.266603
0.95, 0.25828, 0.23, 0.77, 0.264748
0.95, 0.269827, 0.23, 0.77, 0.27127
0.95, 0.257837, 0.23, 0.77, 0.265287
0.95, 0.263864, 0.23, 0.77, 0.266571
0.95, 0.257248, 0.23, 0.77, 0.259701
0.95, 0.266313, 0.23, 0.77, 0.269518
0.95, 0.25776, 0.23, 0.77, 0.258914
0.95, 0.25876, 0.23, 0.77, 0.265552
0.95, 0.271686, 0.24, 0.76, 0.272891
0.95, 0.271716, 0.24, 0.76, 0.274312
0.95, 0.274234, 0.24, 0.76, 0.278873
0.95, 0.278773, 0.24, 0.76, 0.276465
0.95, 0.264514, 0.24, 0.76, 0.273886
0.95, 0.27147, 0.24, 0.76, 0.278797
0.95, 0.27714, 0.24, 0.76, 0.274337
0.95, 0.274784, 0.24, 0.76, 0.274089
0.95, 0.277158, 0.24, 0.76, 0.279809
0.95, 0.272576, 0.24, 0.76, 0.273706
0.95, 0.27564, 0.24, 0.76, 0.273115
0.95, 0.273227, 0.24, 0.76, 0.273639
0.95, 0.270046, 0.24, 0.76, 0.27759
0.95, 0.27237, 0.24, 0.76, 0.27204
0.95, 0.274586, 0.24, 0.76, 0.276968
0.95, 0.271883, 0.24, 0.76, 0.277892
0.95, 0.276308, 0.24, 0.76, 0.277894
0.95, 0.27886, 0.24, 0.76, 0.279229
0.95, 0.27105, 0.24, 0.76, 0.27048
0.95, 0.268201, 0.24, 0.76, 0.273688
0.95, 0.275538, 0.24, 0.76, 0.282078
0.95, 0.272365, 0.24, 0.76, 0.276454
0.95, 0.272544, 0.24, 0.76, 0.27831
0.95, 0.269001, 0.24, 0.76, 0.270887
0.95, 0.273996, 0.24, 0.76, 0.280249
0.95, 0.279013, 0.25, 0.75, 0.28981
0.95, 0.272521, 0.25, 0.75, 0.282503
0.95, 0.282292, 0.25, 0.75, 0.28791
0.95, 0.283388, 0.25, 0.75, 0.28685
0.95, 0.291733, 0.25, 0.75, 0.297124
0.95, 0.291114, 0.25, 0.75, 0.290064
0.95, 0.288171, 0.25, 0.75, 0.294265
0.95, 0.285795, 0.25, 0.75, 0.297137
0.95, 0.28694, 0.25, 0.75, 0.290752
0.95, 0.293871, 0.25, 0.75, 0.296999
0.95, 0.28854, 0.25, 0.75, 0.289437
0.95, 0.294678, 0.25, 0.75, 0.296498
0.95, 0.294509, 0.25, 0.75, 0.291733
0.95, 0.288116, 0.25, 0.75, 0.294699
0.95, 0.282311, 0.25, 0.75, 0.288473
0.95, 0.296321, 0.25, 0.75, 0.29547
0.95, 0.289104, 0.25, 0.75, 0.290973
0.95, 0.290668, 0.25, 0.75, 0.29711
0.95, 0.283952, 0.25, 0.75, 0.289738
0.95, 0.283162, 0.25, 0.75, 0.289342
0.95, 0.300779, 0.25, 0.75, 0.299174
0.95, 0.289968, 0.25, 0.75, 0.285196
0.95, 0.280871, 0.25, 0.75, 0.28922
0.95, 0.281502, 0.25, 0.75, 0.286095
0.95, 0.292462, 0.25, 0.75, 0.291252
0.95, 0.302658, 0.26, 0.74, 0.311328
0.95, 0.301044, 0.26, 0.74, 0.307361
0.95, 0.302015, 0.26, 0.74, 0.304884
0.95, 0.309636, 0.26, 0.74, 0.310766
0.95, 0.311384, 0.26, 0.74, 0.309074
0.95, 0.296692, 0.26, 0.74, 0.301913
0.95, 0.298019, 0.26, 0.74, 0.304512
0.95, 0.300869, 0.26, 0.74, 0.305685
0.95, 0.296265, 0.26, 0.74, 0.304489
0.95, 0.306325, 0.26, 0.74, 0.308118
0.95, 0.297385, 0.26, 0.74, 0.300442
0.95, 0.303938, 0.26, 0.74, 0.308683
0.95, 0.301845, 0.26, 0.74, 0.308871
0.95, 0.302608, 0.26, 0.74, 0.303195
0.95, 0.29602, 0.26, 0.74, 0.302625
0.95, 0.309393, 0.26, 0.74, 0.309913
0.95, 0.303703, 0.26, 0.74, 0.307151
0.95, 0.310962, 0.26, 0.74, 0.313801
0.95, 0.301166, 0.26, 0.74, 0.305085
0.95, 0.317535, 0.26, 0.74, 0.312012
0.95, 0.313842, 0.26, 0.74, 0.314732
0.95, 0.311488, 0.26, 0.74, 0.313084
0.95, 0.300874, 0.26, 0.74, 0.302992
0.95, 0.308173, 0.26, 0.74, 0.307309
0.95, 0.301443, 0.26, 0.74, 0.302806
0.95, 0.318027, 0.27, 0.73, 0.321496
0.95, 0.309923, 0.27, 0.73, 0.31876
0.95, 0.322154, 0.27, 0.73, 0.322714
0.95, 0.31649, 0.27, 0.73, 0.319062
0.95, 0.315181, 0.27, 0.73, 0.319077
0.95, 0.324771, 0.27, 0.73, 0.324905
0.95, 0.306663, 0.27, 0.73, 0.314851
0.95, 0.315078, 0.27, 0.73, 0.316879
0.95, 0.320218, 0.27, 0.73, 0.319254
0.95, 0.310944, 0.27, 0.73, 0.317418
0.95, 0.311813, 0.27, 0.73, 0.315789
0.95, 0.321004, 0.27, 0.73, 0.318559
0.95, 0.321716, 0.27, 0.73, 0.322557
0.95, 0.319842, 0.27, 0.73, 0.323395
0.95, 0.320201, 0.27, 0.73, 0.317817
0.95, 0.314516, 0.27, 0.73, 0.325909
0.95, 0.321574, 0.27, 0.73, 0.327578
0.95, 0.327089, 0.27, 0.73, 0.33063
0.95, 0.325683, 0.27, 0.73, 0.326485
0.95, 0.312921, 0.27, 0.73, 0.317381
0.95, 0.31098, 0.27, 0.73, 0.317
0.95, 0.312165, 0.27, 0.73, 0.318095
0.95, 0.309919, 0.27, 0.73, 0.315255
0.95, 0.307318, 0.27, 0.73, 0.316413
0.95, 0.319343, 0.27, 0.73, 0.323718
0.95, 0.328009, 0.28, 0.72, 0.334984
0.95, 0.339188, 0.28, 0.72, 0.345225
0.95, 0.328686, 0.28, 0.72, 0.332056
0.95, 0.342044, 0.28, 0.72, 0.345638
0.95, 0.325227, 0.28, 0.72, 0.336961
0.95, 0.33064, 0.28, 0.72, 0.339186
0.95, 0.32726, 0.28, 0.72, 0.332777
0.95, 0.333053, 0.28, 0.72, 0.335006
0.95, 0.329567, 0.28, 0.72, 0.331802
0.95, 0.334781, 0.28, 0.72, 0.339933
0.95, 0.329203, 0.28, 0.72, 0.336246
0.95, 0.330105, 0.28, 0.72, 0.337053
0.95, 0.334077, 0.28, 0.72, 0.33468
0.95, 0.334005, 0.28, 0.72, 0.339688
0.95, 0.319659, 0.28, 0.72, 0.323086
0.95, 0.337864, 0.28, 0.72, 0.336639
0.95, 0.324289, 0.28, 0.72, 0.3319
0.95, 0.331462, 0.28, 0.72, 0.336218
0.95, 0.336452, 0.28, 0.72, 0.342107
0.95, 0.341957, 0.28, 0.72, 0.341917
0.95, 0.331009, 0.28, 0.72, 0.334961
0.95, 0.328626, 0.28, 0.72, 0.330048
0.95, 0.343859, 0.28, 0.72, 0.342617
0.95, 0.321427, 0.28, 0.72, 0.326389
0.95, 0.346092, 0.28, 0.72, 0.344051
0.95, 0.342626, 0.29, 0.71, 0.350824
0.95, 0.345404, 0.29, 0.71, 0.354373
0.95, 0.341622, 0.29, 0.71, 0.348465
0.95, 0.358682, 0.29, 0.71, 0.358175
0.95, 0.346902, 0.29, 0.71, 0.350179
0.95, 0.359168, 0.29, 0.71, 0.360377
0.95, 0.350596, 0.29, 0.71, 0.348399
0.95, 0.350058, 0.29, 0.71, 0.353327
0.95, 0.359216, 0.29, 0.71, 0.365478
0.95, 0.338582, 0.29, 0.71, 0.345677
0.95, 0.342281, 0.29, 0.71, 0.349215
0.95, 0.344407, 0.29, 0.71, 0.343825
0.95, 0.350167, 0.29, 0.71, 0.351434
0.95, 0.354478, 0.29, 0.71, 0.353584
0.95, 0.335613, 0.29, 0.71, 0.339326
0.95, 0.3442, 0.29, 0.71, 0.353282
0.95, 0.351885, 0.29, 0.71, 0.353527
0.95, 0.34661, 0.29, 0.71, 0.354547
0.95, 0.344521, 0.29, 0.71, 0.34634
0.95, 0.339101, 0.29, 0.71, 0.350897
0.95, 0.345, 0.29, 0.71, 0.345252
0.95, 0.343383, 0.29, 0.71, 0.348066
0.95, 0.35716, 0.29, 0.71, 0.358047
0.95, 0.344339, 0.29, 0.71, 0.354626
0.95, 0.347949, 0.29, 0.71, 0.350812
0.95, 0.358912, 0.3, 0.7, 0.368025
0.95, 0.369919, 0.3, 0.7, 0.367743
0.95, 0.365037, 0.3, 0.7, 0.368602
0.95, 0.363621, 0.3, 0.7, 0.36727
0.95, 0.366165, 0.3, 0.7, 0.368762
0.95, 0.373938, 0.3, 0.7, 0.374897
0.95, 0.366749, 0.3, 0.7, 0.369777
0.95, 0.364848, 0.3, 0.7, 0.369953
0.95, 0.36319, 0.3, 0.7, 0.367355
0.95, 0.359393, 0.3, 0.7, 0.365537
0.95, 0.366168, 0.3, 0.7, 0.36963
0.95, 0.36901, 0.3, 0.7, 0.371124
0.95, 0.368819, 0.3, 0.7, 0.372168
0.95, 0.372136, 0.3, 0.7, 0.37766
0.95, 0.369633, 0.3, 0.7, 0.374568
0.95, 0.366307, 0.3, 0.7, 0.373356
0.95, 0.36492, 0.3, 0.7, 0.367089
0.95, 0.364427, 0.3, 0.7, 0.369392
0.95, 0.358883, 0.3, 0.7, 0.369834
0.95, 0.380436, 0.3, 0.7, 0.38084
0.95, 0.362118, 0.3, 0.7, 0.369702
0.95, 0.360724, 0.3, 0.7, 0.366273
0.95, 0.354423, 0.3, 0.7, 0.363995
0.95, 0.37247, 0.3, 0.7, 0.375008
0.95, 0.363129, 0.3, 0.7, 0.359588
