# B5 Focused Dynamic Strategy Switching Simulation Results
# Schedule file: schedule_b5_pure_honest.txt
# Gamma (connectivity) range: 0.8 - 1.0 in 0.05 increments
# Hash rate range: 0.15 - 0.3 (15% - 30%) in 0.01 increments
Gamma, Miner0_ProfitFraction, Miner0_HashRate, Miner1_HashRate, Miner0_BlockFraction
0.8, 0.151928, 0.15, 0.85, 0.150867
0.8, 0.15086, 0.15, 0.85, 0.151929
0.8, 0.149813, 0.15, 0.85, 0.148643
0.8, 0.154884, 0.15, 0.85, 0.150406
0.8, 0.149979, 0.15, 0.85, 0.150329
0.8, 0.151348, 0.15, 0.85, 0.152014
0.8, 0.148057, 0.15, 0.85, 0.149796
0.8, 0.156575, 0.15, 0.85, 0.151058
0.8, 0.148382, 0.15, 0.85, 0.147019
0.8, 0.150193, 0.15, 0.85, 0.151984
0.8, 0.153146, 0.15, 0.85, 0.151066
0.8, 0.144414, 0.15, 0.85, 0.148378
0.8, 0.144036, 0.15, 0.85, 0.146793
0.8, 0.151866, 0.15, 0.85, 0.147504
0.8, 0.145498, 0.15, 0.85, 0.148423
0.8, 0.145003, 0.15, 0.85, 0.145376
0.8, 0.150241, 0.15, 0.85, 0.148288
0.8, 0.146273, 0.15, 0.85, 0.150055
0.8, 0.145985, 0.15, 0.85, 0.148251
0.8, 0.149094, 0.15, 0.85, 0.148991
0.8, 0.147506, 0.15, 0.85, 0.148534
0.8, 0.147279, 0.15, 0.85, 0.146581
0.8, 0.151655, 0.15, 0.85, 0.150229
0.8, 0.154036, 0.15, 0.85, 0.149673
0.8, 0.152486, 0.15, 0.85, 0.15272
0.8, 0.163725, 0.16, 0.84, 0.162762
0.8, 0.162418, 0.16, 0.84, 0.159254
0.8, 0.162967, 0.16, 0.84, 0.162022
0.8, 0.154237, 0.16, 0.84, 0.15854
0.8, 0.158296, 0.16, 0.84, 0.160495
0.8, 0.158833, 0.16, 0.84, 0.15931
0.8, 0.158798, 0.16, 0.84, 0.156969
0.8, 0.157712, 0.16, 0.84, 0.158509
0.8, 0.156861, 0.16, 0.84, 0.162912
0.8, 0.158448, 0.16, 0.84, 0.160792
0.8, 0.15588, 0.16, 0.84, 0.158164
0.8, 0.161162, 0.16, 0.84, 0.162296
0.8, 0.16277, 0.16, 0.84, 0.162251
0.8, 0.163866, 0.16, 0.84, 0.161627
0.8, 0.159383, 0.16, 0.84, 0.159049
0.8, 0.159487, 0.16, 0.84, 0.157842
0.8, 0.156752, 0.16, 0.84, 0.157671
0.8, 0.16275, 0.16, 0.84, 0.161056
0.8, 0.160269, 0.16, 0.84, 0.156606
0.8, 0.162601, 0.16, 0.84, 0.162479
0.8, 0.161231, 0.16, 0.84, 0.16279
0.8, 0.161901, 0.16, 0.84, 0.162434
0.8, 0.162632, 0.16, 0.84, 0.163948
0.8, 0.164526, 0.16, 0.84, 0.16218
0.8, 0.158502, 0.16, 0.84, 0.160459
0.8, 0.169024, 0.17, 0.83, 0.170726
0.8, 0.169751, 0.17, 0.83, 0.169478
0.8, 0.168595, 0.17, 0.83, 0.168489
0.8, 0.168111, 0.17, 0.83, 0.171903
0.8, 0.17686, 0.17, 0.83, 0.174977
0.8, 0.169923, 0.17, 0.83, 0.169045
0.8, 0.170873, 0.17, 0.83, 0.169723
0.8, 0.176187, 0.17, 0.83, 0.175649
0.8, 0.173557, 0.17, 0.83, 0.173065
0.8, 0.173938, 0.17, 0.83, 0.172065
0.8, 0.176432, 0.17, 0.83, 0.176586
0.8, 0.167417, 0.17, 0.83, 0.169512
0.8, 0.167093, 0.17, 0.83, 0.166153
0.8, 0.167386, 0.17, 0.83, 0.167954
0.8, 0.174192, 0.17, 0.83, 0.175938
0.8, 0.172486, 0.17, 0.83, 0.172711
0.8, 0.168885, 0.17, 0.83, 0.169981
0.8, 0.168776, 0.17, 0.83, 0.171585
0.8, 0.172692, 0.17, 0.83, 0.17106
0.8, 0.172318, 0.17, 0.83, 0.172416
0.8, 0.177582, 0.17, 0.83, 0.174853
0.8, 0.169132, 0.17, 0.83, 0.170131
0.8, 0.17486, 0.17, 0.83, 0.170802
0.8, 0.173697, 0.17, 0.83, 0.172734
0.8, 0.166983, 0.17, 0.83, 0.167868
0.8, 0.184339, 0.18, 0.82, 0.184517
0.8, 0.188088, 0.18, 0.82, 0.185111
0.8, 0.17748, 0.18, 0.82, 0.176429
0.8, 0.181508, 0.18, 0.82, 0.185142
0.8, 0.179246, 0.18, 0.82, 0.178296
0.8, 0.184628, 0.18, 0.82, 0.18149
0.8, 0.183516, 0.18, 0.82, 0.183338
0.8, 0.178708, 0.18, 0.82, 0.177447
0.8, 0.185393, 0.18, 0.82, 0.183534
0.8, 0.169599, 0.18, 0.82, 0.174422
0.8, 0.174486, 0.18, 0.82, 0.179536
0.8, 0.178578, 0.18, 0.82, 0.18003
0.8, 0.181724, 0.18, 0.82, 0.179147
0.8, 0.174139, 0.18, 0.82, 0.177716
0.8, 0.177539, 0.18, 0.82, 0.178354
0.8, 0.182089, 0.18, 0.82, 0.181302
0.8, 0.176459, 0.18, 0.82, 0.177323
0.8, 0.183915, 0.18, 0.82, 0.18149
0.8, 0.183368, 0.18, 0.82, 0.180863
0.8, 0.179405, 0.18, 0.82, 0.179602
0.8, 0.178639, 0.18, 0.82, 0.178607
0.8, 0.185591, 0.18, 0.82, 0.18624
0.8, 0.182559, 0.18, 0.82, 0.181671
0.8, 0.180955, 0.18, 0.82, 0.180987
0.8, 0.174234, 0.18, 0.82, 0.175215
0.8, 0.190204, 0.19, 0.81, 0.192821
0.8, 0.194072, 0.19, 0.81, 0.19223
0.8, 0.19129, 0.19, 0.81, 0.190595
0.8, 0.188161, 0.19, 0.81, 0.189705
0.8, 0.192167, 0.19, 0.81, 0.192166
0.8, 0.193987, 0.19, 0.81, 0.19445
0.8, 0.189507, 0.19, 0.81, 0.18987
0.8, 0.191083, 0.19, 0.81, 0.190243
0.8, 0.187604, 0.19, 0.81, 0.189305
0.8, 0.192116, 0.19, 0.81, 0.191713
0.8, 0.194791, 0.19, 0.81, 0.19183
0.8, 0.193634, 0.19, 0.81, 0.192575
0.8, 0.19538, 0.19, 0.81, 0.195166
0.8, 0.189381, 0.19, 0.81, 0.188072
0.8, 0.192493, 0.19, 0.81, 0.192078
0.8, 0.200542, 0.19, 0.81, 0.196961
0.8, 0.190927, 0.19, 0.81, 0.190963
0.8, 0.195607, 0.19, 0.81, 0.190008
0.8, 0.191434, 0.19, 0.81, 0.190792
0.8, 0.188997, 0.19, 0.81, 0.190866
0.8, 0.186722, 0.19, 0.81, 0.185915
0.8, 0.187968, 0.19, 0.81, 0.191613
0.8, 0.191425, 0.19, 0.81, 0.190512
0.8, 0.199764, 0.19, 0.81, 0.190916
0.8, 0.195046, 0.19, 0.81, 0.194606
0.8, 0.194246, 0.2, 0.8, 0.198714
0.8, 0.204311, 0.2, 0.8, 0.202232
0.8, 0.197253, 0.2, 0.8, 0.198413
0.8, 0.199148, 0.2, 0.8, 0.202004
0.8, 0.197658, 0.2, 0.8, 0.198921
0.8, 0.201652, 0.2, 0.8, 0.199467
0.8, 0.206991, 0.2, 0.8, 0.206302
0.8, 0.203979, 0.2, 0.8, 0.201
0.8, 0.201201, 0.2, 0.8, 0.200734
0.8, 0.205335, 0.2, 0.8, 0.204624
0.8, 0.198345, 0.2, 0.8, 0.200423
0.8, 0.197292, 0.2, 0.8, 0.198292
0.8, 0.195864, 0.2, 0.8, 0.200323
0.8, 0.20094, 0.2, 0.8, 0.203252
0.8, 0.194193, 0.2, 0.8, 0.195303
0.8, 0.194681, 0.2, 0.8, 0.19962
0.8, 0.189305, 0.2, 0.8, 0.195701
0.8, 0.204444, 0.2, 0.8, 0.202406
0.8, 0.198777, 0.2, 0.8, 0.201546
0.8, 0.206061, 0.2, 0.8, 0.201728
0.8, 0.207486, 0.2, 0.8, 0.205611
0.8, 0.202602, 0.2, 0.8, 0.199317
0.8, 0.198814, 0.2, 0.8, 0.198692
0.8, 0.204602, 0.2, 0.8, 0.202907
0.8, 0.198529, 0.2, 0.8, 0.200333
0.8, 0.205667, 0.21, 0.79, 0.209373
0.8, 0.213044, 0.21, 0.79, 0.210529
0.8, 0.213326, 0.21, 0.79, 0.212697
0.8, 0.210545, 0.21, 0.79, 0.207842
0.8, 0.216302, 0.21, 0.79, 0.213763
0.8, 0.204568, 0.21, 0.79, 0.207048
0.8, 0.213389, 0.21, 0.79, 0.214821
0.8, 0.209121, 0.21, 0.79, 0.20691
0.8, 0.210421, 0.21, 0.79, 0.212053
0.8, 0.210887, 0.21, 0.79, 0.212054
0.8, 0.209489, 0.21, 0.79, 0.207302
0.8, 0.216011, 0.21, 0.79, 0.210828
0.8, 0.20313, 0.21, 0.79, 0.208744
0.8, 0.213688, 0.21, 0.79, 0.211167
0.8, 0.212962, 0.21, 0.79, 0.21434
0.8, 0.204289, 0.21, 0.79, 0.20828
0.8, 0.210169, 0.21, 0.79, 0.210466
0.8, 0.20773, 0.21, 0.79, 0.205785
0.8, 0.205683, 0.21, 0.79, 0.209579
0.8, 0.217682, 0.21, 0.79, 0.213566
0.8, 0.212739, 0.21, 0.79, 0.210237
0.8, 0.210267, 0.21, 0.79, 0.209136
0.8, 0.200621, 0.21, 0.79, 0.20308
0.8, 0.207938, 0.21, 0.79, 0.209387
0.8, 0.205178, 0.21, 0.79, 0.205737
0.8, 0.218366, 0.22, 0.78, 0.222763
0.8, 0.222848, 0.22, 0.78, 0.220698
0.8, 0.216096, 0.22, 0.78, 0.217596
0.8, 0.221068, 0.22, 0.78, 0.221474
0.8, 0.222788, 0.22, 0.78, 0.220735
0.8, 0.221878, 0.22, 0.78, 0.221234
0.8, 0.214696, 0.22, 0.78, 0.218412
0.8, 0.224858, 0.22, 0.78, 0.224546
0.8, 0.2141, 0.22, 0.78, 0.217159
0.8, 0.225912, 0.22, 0.78, 0.222656
0.8, 0.215507, 0.22, 0.78, 0.218748
0.8, 0.220906, 0.22, 0.78, 0.223255
0.8, 0.213903, 0.22, 0.78, 0.218171
0.8, 0.219454, 0.22, 0.78, 0.220336
0.8, 0.216309, 0.22, 0.78, 0.219807
0.8, 0.219914, 0.22, 0.78, 0.220401
0.8, 0.21254, 0.22, 0.78, 0.212567
0.8, 0.216739, 0.22, 0.78, 0.217105
0.8, 0.223193, 0.22, 0.78, 0.221286
0.8, 0.214231, 0.22, 0.78, 0.215349
0.8, 0.222361, 0.22, 0.78, 0.219605
0.8, 0.217873, 0.22, 0.78, 0.219047
0.8, 0.225435, 0.22, 0.78, 0.223672
0.8, 0.217453, 0.22, 0.78, 0.219376
0.8, 0.226619, 0.22, 0.78, 0.22608
0.8, 0.230985, 0.23, 0.77, 0.233743
0.8, 0.227925, 0.23, 0.77, 0.233
0.8, 0.227106, 0.23, 0.77, 0.232351
0.8, 0.232435, 0.23, 0.77, 0.23291
0.8, 0.233049, 0.23, 0.77, 0.230131
0.8, 0.236089, 0.23, 0.77, 0.232947
0.8, 0.229338, 0.23, 0.77, 0.232006
0.8, 0.239875, 0.23, 0.77, 0.233554
0.8, 0.230259, 0.23, 0.77, 0.22848
0.8, 0.227813, 0.23, 0.77, 0.228875
0.8, 0.231663, 0.23, 0.77, 0.232087
0.8, 0.226091, 0.23, 0.77, 0.228476
0.8, 0.227326, 0.23, 0.77, 0.22625
0.8, 0.224312, 0.23, 0.77, 0.22989
0.8, 0.237656, 0.23, 0.77, 0.230988
0.8, 0.229042, 0.23, 0.77, 0.229422
0.8, 0.231094, 0.23, 0.77, 0.231852
0.8, 0.230664, 0.23, 0.77, 0.23054
0.8, 0.230458, 0.23, 0.77, 0.231252
0.8, 0.225012, 0.23, 0.77, 0.224906
0.8, 0.240414, 0.23, 0.77, 0.235604
0.8, 0.230394, 0.23, 0.77, 0.231144
0.8, 0.22637, 0.23, 0.77, 0.228844
0.8, 0.236138, 0.23, 0.77, 0.233187
0.8, 0.223344, 0.23, 0.77, 0.222172
0.8, 0.234387, 0.24, 0.76, 0.239127
0.8, 0.236257, 0.24, 0.76, 0.241436
0.8, 0.235784, 0.24, 0.76, 0.235294
0.8, 0.241076, 0.24, 0.76, 0.241398
0.8, 0.23667, 0.24, 0.76, 0.237629
0.8, 0.235978, 0.24, 0.76, 0.23837
0.8, 0.235168, 0.24, 0.76, 0.23741
0.8, 0.241639, 0.24, 0.76, 0.236799
0.8, 0.242149, 0.24, 0.76, 0.245779
0.8, 0.239521, 0.24, 0.76, 0.239201
0.8, 0.240754, 0.24, 0.76, 0.238228
0.8, 0.239001, 0.24, 0.76, 0.241391
0.8, 0.24612, 0.24, 0.76, 0.242311
0.8, 0.240776, 0.24, 0.76, 0.242622
0.8, 0.242834, 0.24, 0.76, 0.240647
0.8, 0.237693, 0.24, 0.76, 0.239003
0.8, 0.242588, 0.24, 0.76, 0.241041
0.8, 0.236801, 0.24, 0.76, 0.237197
0.8, 0.242787, 0.24, 0.76, 0.240943
0.8, 0.24231, 0.24, 0.76, 0.243021
0.8, 0.24038, 0.24, 0.76, 0.238506
0.8, 0.243082, 0.24, 0.76, 0.245783
0.8, 0.237572, 0.24, 0.76, 0.237946
0.8, 0.243442, 0.24, 0.76, 0.241806
0.8, 0.245413, 0.24, 0.76, 0.241736
0.8, 0.25483, 0.25, 0.75, 0.252278
0.8, 0.256938, 0.25, 0.75, 0.257218
0.8, 0.246537, 0.25, 0.75, 0.248768
0.8, 0.252665, 0.25, 0.75, 0.253224
0.8, 0.257465, 0.25, 0.75, 0.252808
0.8, 0.247446, 0.25, 0.75, 0.251177
0.8, 0.247272, 0.25, 0.75, 0.247121
0.8, 0.255023, 0.25, 0.75, 0.25073
0.8, 0.258121, 0.25, 0.75, 0.254733
0.8, 0.251833, 0.25, 0.75, 0.249499
0.8, 0.246028, 0.25, 0.75, 0.246732
0.8, 0.25183, 0.25, 0.75, 0.254159
0.8, 0.24859, 0.25, 0.75, 0.249206
0.8, 0.248844, 0.25, 0.75, 0.248271
0.8, 0.253913, 0.25, 0.75, 0.252605
0.8, 0.248993, 0.25, 0.75, 0.25029
0.8, 0.24589, 0.25, 0.75, 0.246549
0.8, 0.251006, 0.25, 0.75, 0.24583
0.8, 0.258729, 0.25, 0.75, 0.25728
0.8, 0.249369, 0.25, 0.75, 0.247474
0.8, 0.247232, 0.25, 0.75, 0.250323
0.8, 0.253495, 0.25, 0.75, 0.252285
0.8, 0.247919, 0.25, 0.75, 0.251034
0.8, 0.245037, 0.25, 0.75, 0.247992
0.8, 0.240262, 0.25, 0.75, 0.246365
0.8, 0.258297, 0.26, 0.74, 0.262672
0.8, 0.260559, 0.26, 0.74, 0.259427
0.8, 0.257007, 0.26, 0.74, 0.2568
0.8, 0.264744, 0.26, 0.74, 0.263507
0.8, 0.258296, 0.26, 0.74, 0.255461
0.8, 0.263613, 0.26, 0.74, 0.259539
0.8, 0.266072, 0.26, 0.74, 0.257741
0.8, 0.263008, 0.26, 0.74, 0.264275
0.8, 0.263321, 0.26, 0.74, 0.260636
0.8, 0.262849, 0.26, 0.74, 0.262927
0.8, 0.265822, 0.26, 0.74, 0.259891
0.8, 0.252208, 0.26, 0.74, 0.253497
0.8, 0.265038, 0.26, 0.74, 0.257935
0.8, 0.260602, 0.26, 0.74, 0.2584
0.8, 0.255276, 0.26, 0.74, 0.256098
0.8, 0.261865, 0.26, 0.74, 0.258964
0.8, 0.25461, 0.26, 0.74, 0.258313
0.8, 0.259792, 0.26, 0.74, 0.263397
0.8, 0.260289, 0.26, 0.74, 0.264956
0.8, 0.260161, 0.26, 0.74, 0.259482
0.8, 0.256595, 0.26, 0.74, 0.258994
0.8, 0.260982, 0.26, 0.74, 0.257925
0.8, 0.256967, 0.26, 0.74, 0.259239
0.8, 0.26425, 0.26, 0.74, 0.259535
0.8, 0.26179, 0.26, 0.74, 0.261871
0.8, 0.269478, 0.27, 0.73, 0.271679
0.8, 0.270505, 0.27, 0.73, 0.27
0.8, 0.274974, 0.27, 0.73, 0.271639
0.8, 0.276237, 0.27, 0.73, 0.273722
0.8, 0.265068, 0.27, 0.73, 0.268384
0.8, 0.260785, 0.27, 0.73, 0.263834
0.8, 0.259962, 0.27, 0.73, 0.268474
0.8, 0.266806, 0.27, 0.73, 0.266127
0.8, 0.270614, 0.27, 0.73, 0.268327
0.8, 0.271036, 0.27, 0.73, 0.270071
0.8, 0.270071, 0.27, 0.73, 0.27068
0.8, 0.274531, 0.27, 0.73, 0.269968
0.8, 0.266014, 0.27, 0.73, 0.265342
0.8, 0.274054, 0.27, 0.73, 0.273818
0.8, 0.275982, 0.27, 0.73, 0.268862
0.8, 0.265438, 0.27, 0.73, 0.26791
0.8, 0.276142, 0.27, 0.73, 0.269435
0.8, 0.266619, 0.27, 0.73, 0.271381
0.8, 0.268548, 0.27, 0.73, 0.268173
0.8, 0.268274, 0.27, 0.73, 0.266653
0.8, 0.274521, 0.27, 0.73, 0.273606
0.8, 0.271565, 0.27, 0.73, 0.27465
0.8, 0.270293, 0.27, 0.73, 0.26614
0.8, 0.268849, 0.27, 0.73, 0.26622
0.8, 0.265403, 0.27, 0.73, 0.26448
0.8, 0.280954, 0.28, 0.72, 0.281907
0.8, 0.284246, 0.28, 0.72, 0.280708
0.8, 0.274526, 0.28, 0.72, 0.276714
0.8, 0.271994, 0.28, 0.72, 0.277825
0.8, 0.280495, 0.28, 0.72, 0.279084
0.8, 0.279404, 0.28, 0.72, 0.282181
0.8, 0.279001, 0.28, 0.72, 0.282178
0.8, 0.271904, 0.28, 0.72, 0.276798
0.8, 0.280687, 0.28, 0.72, 0.280048
0.8, 0.278279, 0.28, 0.72, 0.281132
0.8, 0.282429, 0.28, 0.72, 0.273758
0.8, 0.274864, 0.28, 0.72, 0.27468
0.8, 0.281358, 0.28, 0.72, 0.282172
0.8, 0.281751, 0.28, 0.72, 0.280205
0.8, 0.274033, 0.28, 0.72, 0.281541
0.8, 0.281168, 0.28, 0.72, 0.283156
0.8, 0.275086, 0.28, 0.72, 0.276504
0.8, 0.282155, 0.28, 0.72, 0.279724
0.8, 0.276391, 0.28, 0.72, 0.275939
0.8, 0.29337, 0.28, 0.72, 0.289993
0.8, 0.281934, 0.28, 0.72, 0.281313
0.8, 0.275118, 0.28, 0.72, 0.278092
0.8, 0.273475, 0.28, 0.72, 0.275229
0.8, 0.281303, 0.28, 0.72, 0.284526
0.8, 0.278928, 0.28, 0.72, 0.282132
0.8, 0.289712, 0.29, 0.71, 0.291162
0.8, 0.287483, 0.29, 0.71, 0.291482
0.8, 0.292601, 0.29, 0.71, 0.293179
0.8, 0.289351, 0.29, 0.71, 0.287968
0.8, 0.287193, 0.29, 0.71, 0.286418
0.8, 0.291152, 0.29, 0.71, 0.289786
0.8, 0.290902, 0.29, 0.71, 0.290509
0.8, 0.292752, 0.29, 0.71, 0.287486
0.8, 0.284487, 0.29, 0.71, 0.285557
0.8, 0.295613, 0.29, 0.71, 0.294594
0.8, 0.288757, 0.29, 0.71, 0.288187
0.8, 0.29036, 0.29, 0.71, 0.292342
0.8, 0.288131, 0.29, 0.71, 0.2893
0.8, 0.29281, 0.29, 0.71, 0.287471
0.8, 0.291539, 0.29, 0.71, 0.287717
0.8, 0.296581, 0.29, 0.71, 0.294112
0.8, 0.283858, 0.29, 0.71, 0.289277
0.8, 0.293077, 0.29, 0.71, 0.292701
0.8, 0.288097, 0.29, 0.71, 0.288311
0.8, 0.289207, 0.29, 0.71, 0.292146
0.8, 0.293103, 0.29, 0.71, 0.289559
0.8, 0.297144, 0.29, 0.71, 0.294339
0.8, 0.291966, 0.29, 0.71, 0.289551
0.8, 0.290319, 0.29, 0.71, 0.285921
0.8, 0.296685, 0.29, 0.71, 0.291673
0.8, 0.29603, 0.3, 0.7, 0.296014
0.8, 0.298171, 0.3, 0.7, 0.300307
0.8, 0.303047, 0.3, 0.7, 0.301271
0.8, 0.300538, 0.3, 0.7, 0.301901
0.8, 0.301732, 0.3, 0.7, 0.299483
0.8, 0.289454, 0.3, 0.7, 0.299316
0.8, 0.29329, 0.3, 0.7, 0.296855
0.8, 0.299676, 0.3, 0.7, 0.29832
0.8, 0.303097, 0.3, 0.7, 0.302802
0.8, 0.300963, 0.3, 0.7, 0.300025
0.8, 0.305026, 0.3, 0.7, 0.302998
0.8, 0.303723, 0.3, 0.7, 0.302507
0.8, 0.298169, 0.3, 0.7, 0.296435
0.8, 0.29882, 0.3, 0.7, 0.298339
0.8, 0.293288, 0.3, 0.7, 0.296124
0.8, 0.295393, 0.3, 0.7, 0.29205
0.8, 0.298573, 0.3, 0.7, 0.301132
0.8, 0.304156, 0.3, 0.7, 0.300895
0.8, 0.303267, 0.3, 0.7, 0.298798
0.8, 0.301813, 0.3, 0.7, 0.301986
0.8, 0.302674, 0.3, 0.7, 0.300456
0.8, 0.297038, 0.3, 0.7, 0.29672
0.8, 0.299696, 0.3, 0.7, 0.301925
0.8, 0.301846, 0.3, 0.7, 0.301054
0.8, 0.295456, 0.3, 0.7, 0.302486
0.85, 0.148264, 0.15, 0.85, 0.152864
0.85, 0.149857, 0.15, 0.85, 0.149057
0.85, 0.155425, 0.15, 0.85, 0.152354
0.85, 0.152506, 0.15, 0.85, 0.153349
0.85, 0.150285, 0.15, 0.85, 0.149328
0.85, 0.144922, 0.15, 0.85, 0.147187
0.85, 0.152078, 0.15, 0.85, 0.14876
0.85, 0.142128, 0.15, 0.85, 0.145768
0.85, 0.150426, 0.15, 0.85, 0.152718
0.85, 0.154097, 0.15, 0.85, 0.150525
0.85, 0.15469, 0.15, 0.85, 0.155098
0.85, 0.149357, 0.15, 0.85, 0.150093
0.85, 0.143871, 0.15, 0.85, 0.145767
0.85, 0.149804, 0.15, 0.85, 0.151875
0.85, 0.149089, 0.15, 0.85, 0.150494
0.85, 0.153414, 0.15, 0.85, 0.154575
0.85, 0.150273, 0.15, 0.85, 0.14969
0.85, 0.148771, 0.15, 0.85, 0.147829
0.85, 0.148897, 0.15, 0.85, 0.14894
0.85, 0.149974, 0.15, 0.85, 0.151506
0.85, 0.149224, 0.15, 0.85, 0.149471
0.85, 0.148355, 0.15, 0.85, 0.148271
0.85, 0.149653, 0.15, 0.85, 0.147231
0.85, 0.146329, 0.15, 0.85, 0.147885
0.85, 0.15218, 0.15, 0.85, 0.150129
0.85, 0.160836, 0.16, 0.84, 0.159373
0.85, 0.155164, 0.16, 0.84, 0.158305
0.85, 0.165547, 0.16, 0.84, 0.165446
0.85, 0.163645, 0.16, 0.84, 0.1642
0.85, 0.161271, 0.16, 0.84, 0.160236
0.85, 0.162107, 0.16, 0.84, 0.164101
0.85, 0.16277, 0.16, 0.84, 0.159148
0.85, 0.162052, 0.16, 0.84, 0.160267
0.85, 0.156179, 0.16, 0.84, 0.157308
0.85, 0.162506, 0.16, 0.84, 0.161935
0.85, 0.155933, 0.16, 0.84, 0.154295
0.85, 0.170218, 0.16, 0.84, 0.166276
0.85, 0.16302, 0.16, 0.84, 0.164954
0.85, 0.161248, 0.16, 0.84, 0.159415
0.85, 0.161083, 0.16, 0.84, 0.158312
0.85, 0.165365, 0.16, 0.84, 0.161199
0.85, 0.163492, 0.16, 0.84, 0.163192
0.85, 0.160718, 0.16, 0.84, 0.161891
0.85, 0.157367, 0.16, 0.84, 0.158689
0.85, 0.159837, 0.16, 0.84, 0.157829
0.85, 0.159268, 0.16, 0.84, 0.158164
0.85, 0.152977, 0.16, 0.84, 0.155144
0.85, 0.164215, 0.16, 0.84, 0.160635
0.85, 0.166244, 0.16, 0.84, 0.163752
0.85, 0.156141, 0.16, 0.84, 0.155599
0.85, 0.173773, 0.17, 0.83, 0.170248
0.85, 0.16815, 0.17, 0.83, 0.169908
0.85, 0.169612, 0.17, 0.83, 0.169039
0.85, 0.169792, 0.17, 0.83, 0.16979
0.85, 0.16722, 0.17, 0.83, 0.169952
0.85, 0.166339, 0.17, 0.83, 0.168876
0.85, 0.1685, 0.17, 0.83, 0.171956
0.85, 0.171147, 0.17, 0.83, 0.171511
0.85, 0.164376, 0.17, 0.83, 0.162826
0.85, 0.174785, 0.17, 0.83, 0.17167
0.85, 0.172301, 0.17, 0.83, 0.169877
0.85, 0.165092, 0.17, 0.83, 0.169846
0.85, 0.171866, 0.17, 0.83, 0.172355
0.85, 0.171636, 0.17, 0.83, 0.173744
0.85, 0.161788, 0.17, 0.83, 0.163505
0.85, 0.163855, 0.17, 0.83, 0.164527
0.85, 0.174383, 0.17, 0.83, 0.172837
0.85, 0.165642, 0.17, 0.83, 0.164207
0.85, 0.165094, 0.17, 0.83, 0.170313
0.85, 0.167558, 0.17, 0.83, 0.170839
0.85, 0.164415, 0.17, 0.83, 0.172531
0.85, 0.171646, 0.17, 0.83, 0.172765
0.85, 0.16995, 0.17, 0.83, 0.170559
0.85, 0.173834, 0.17, 0.83, 0.174089
0.85, 0.171283, 0.17, 0.83, 0.167666
0.85, 0.185534, 0.18, 0.82, 0.181918
0.85, 0.16707, 0.18, 0.82, 0.173848
0.85, 0.176005, 0.18, 0.82, 0.18062
0.85, 0.180038, 0.18, 0.82, 0.178773
0.85, 0.181344, 0.18, 0.82, 0.181437
0.85, 0.186187, 0.18, 0.82, 0.18295
0.85, 0.180072, 0.18, 0.82, 0.175806
0.85, 0.181337, 0.18, 0.82, 0.179624
0.85, 0.183305, 0.18, 0.82, 0.183597
0.85, 0.174243, 0.18, 0.82, 0.175837
0.85, 0.182681, 0.18, 0.82, 0.178186
0.85, 0.183432, 0.18, 0.82, 0.180027
0.85, 0.175949, 0.18, 0.82, 0.179516
0.85, 0.178849, 0.18, 0.82, 0.177634
0.85, 0.180549, 0.18, 0.82, 0.181586
0.85, 0.178339, 0.18, 0.82, 0.177091
0.85, 0.181901, 0.18, 0.82, 0.181654
0.85, 0.176666, 0.18, 0.82, 0.177762
0.85, 0.176587, 0.18, 0.82, 0.176774
0.85, 0.180981, 0.18, 0.82, 0.18081
0.85, 0.182857, 0.18, 0.82, 0.18089
0.85, 0.186708, 0.18, 0.82, 0.187817
0.85, 0.181476, 0.18, 0.82, 0.182495
0.85, 0.176661, 0.18, 0.82, 0.175922
0.85, 0.180254, 0.18, 0.82, 0.180187
0.85, 0.185668, 0.19, 0.81, 0.188579
0.85, 0.182468, 0.19, 0.81, 0.190874
0.85, 0.187039, 0.19, 0.81, 0.188327
0.85, 0.183967, 0.19, 0.81, 0.191312
0.85, 0.190897, 0.19, 0.81, 0.188731
0.85, 0.189587, 0.19, 0.81, 0.189288
0.85, 0.189601, 0.19, 0.81, 0.190251
0.85, 0.183592, 0.19, 0.81, 0.184381
0.85, 0.186863, 0.19, 0.81, 0.192952
0.85, 0.18432, 0.19, 0.81, 0.186124
0.85, 0.192751, 0.19, 0.81, 0.188527
0.85, 0.186881, 0.19, 0.81, 0.188863
0.85, 0.189815, 0.19, 0.81, 0.188095
0.85, 0.187995, 0.19, 0.81, 0.189783
0.85, 0.19134, 0.19, 0.81, 0.191003
0.85, 0.189982, 0.19, 0.81, 0.193005
0.85, 0.184895, 0.19, 0.81, 0.185874
0.85, 0.192449, 0.19, 0.81, 0.189291
0.85, 0.191986, 0.19, 0.81, 0.192171
0.85, 0.178087, 0.19, 0.81, 0.183075
0.85, 0.191538, 0.19, 0.81, 0.191718
0.85, 0.185548, 0.19, 0.81, 0.18654
0.85, 0.195274, 0.19, 0.81, 0.19343
0.85, 0.189336, 0.19, 0.81, 0.191252
0.85, 0.189559, 0.19, 0.81, 0.190266
0.85, 0.199426, 0.2, 0.8, 0.19608
0.85, 0.201961, 0.2, 0.8, 0.20041
0.85, 0.207553, 0.2, 0.8, 0.202764
0.85, 0.200323, 0.2, 0.8, 0.199399
0.85, 0.19772, 0.2, 0.8, 0.200946
0.85, 0.198488, 0.2, 0.8, 0.199305
0.85, 0.193931, 0.2, 0.8, 0.194908
0.85, 0.207864, 0.2, 0.8, 0.204889
0.85, 0.190661, 0.2, 0.8, 0.190079
0.85, 0.204266, 0.2, 0.8, 0.202608
0.85, 0.203637, 0.2, 0.8, 0.200571
0.85, 0.20436, 0.2, 0.8, 0.201927
0.85, 0.199227, 0.2, 0.8, 0.203698
0.85, 0.206635, 0.2, 0.8, 0.203833
0.85, 0.196167, 0.2, 0.8, 0.200615
0.85, 0.201585, 0.2, 0.8, 0.202583
0.85, 0.198391, 0.2, 0.8, 0.198195
0.85, 0.198278, 0.2, 0.8, 0.198983
0.85, 0.204292, 0.2, 0.8, 0.202402
0.85, 0.204656, 0.2, 0.8, 0.201296
0.85, 0.199064, 0.2, 0.8, 0.200786
0.85, 0.195255, 0.2, 0.8, 0.198804
0.85, 0.206253, 0.2, 0.8, 0.20393
0.85, 0.20105, 0.2, 0.8, 0.201034
0.85, 0.204213, 0.2, 0.8, 0.204232
0.85, 0.217859, 0.21, 0.79, 0.216326
0.85, 0.206485, 0.21, 0.79, 0.205654
0.85, 0.206262, 0.21, 0.79, 0.209477
0.85, 0.211393, 0.21, 0.79, 0.208063
0.85, 0.201544, 0.21, 0.79, 0.206044
0.85, 0.213846, 0.21, 0.79, 0.212636
0.85, 0.205759, 0.21, 0.79, 0.210219
0.85, 0.207273, 0.21, 0.79, 0.2104
0.85, 0.206128, 0.21, 0.79, 0.211033
0.85, 0.208963, 0.21, 0.79, 0.210664
0.85, 0.202953, 0.21, 0.79, 0.20402
0.85, 0.212705, 0.21, 0.79, 0.211859
0.85, 0.218437, 0.21, 0.79, 0.215112
0.85, 0.215559, 0.21, 0.79, 0.213937
0.85, 0.209438, 0.21, 0.79, 0.208787
0.85, 0.214041, 0.21, 0.79, 0.212597
0.85, 0.208175, 0.21, 0.79, 0.209151
0.85, 0.215313, 0.21, 0.79, 0.206214
0.85, 0.208139, 0.21, 0.79, 0.209533
0.85, 0.210316, 0.21, 0.79, 0.211238
0.85, 0.213664, 0.21, 0.79, 0.210066
0.85, 0.206684, 0.21, 0.79, 0.210401
0.85, 0.212696, 0.21, 0.79, 0.210981
0.85, 0.21106, 0.21, 0.79, 0.211709
0.85, 0.208718, 0.21, 0.79, 0.209545
0.85, 0.219346, 0.22, 0.78, 0.217878
0.85, 0.221845, 0.22, 0.78, 0.221131
0.85, 0.222178, 0.22, 0.78, 0.222925
0.85, 0.218393, 0.22, 0.78, 0.219696
0.85, 0.223248, 0.22, 0.78, 0.218361
0.85, 0.223705, 0.22, 0.78, 0.222624
0.85, 0.21784, 0.22, 0.78, 0.217006
0.85, 0.221724, 0.22, 0.78, 0.220335
0.85, 0.223434, 0.22, 0.78, 0.22325
0.85, 0.221416, 0.22, 0.78, 0.221027
0.85, 0.217085, 0.22, 0.78, 0.216118
0.85, 0.223287, 0.22, 0.78, 0.220943
0.85, 0.222778, 0.22, 0.78, 0.220148
0.85, 0.22369, 0.22, 0.78, 0.220211
0.85, 0.21813, 0.22, 0.78, 0.218241
0.85, 0.217445, 0.22, 0.78, 0.218154
0.85, 0.218912, 0.22, 0.78, 0.219953
0.85, 0.213418, 0.22, 0.78, 0.21526
0.85, 0.233841, 0.22, 0.78, 0.226931
0.85, 0.22303, 0.22, 0.78, 0.222317
0.85, 0.220874, 0.22, 0.78, 0.220076
0.85, 0.219241, 0.22, 0.78, 0.220738
0.85, 0.220111, 0.22, 0.78, 0.222101
0.85, 0.218575, 0.22, 0.78, 0.222379
0.85, 0.220718, 0.22, 0.78, 0.22235
0.85, 0.229014, 0.23, 0.77, 0.230922
0.85, 0.232185, 0.23, 0.77, 0.23251
0.85, 0.232793, 0.23, 0.77, 0.232852
0.85, 0.229425, 0.23, 0.77, 0.229356
0.85, 0.233486, 0.23, 0.77, 0.233661
0.85, 0.229556, 0.23, 0.77, 0.228266
0.85, 0.231714, 0.23, 0.77, 0.2259
0.85, 0.230507, 0.23, 0.77, 0.231999
0.85, 0.233095, 0.23, 0.77, 0.231437
0.85, 0.228744, 0.23, 0.77, 0.232316
0.85, 0.231623, 0.23, 0.77, 0.229543
0.85, 0.228069, 0.23, 0.77, 0.229693
0.85, 0.232347, 0.23, 0.77, 0.23153
0.85, 0.228518, 0.23, 0.77, 0.232132
0.85, 0.228171, 0.23, 0.77, 0.23175
0.85, 0.22678, 0.23, 0.77, 0.228906
0.85, 0.243878, 0.23, 0.77, 0.238468
0.85, 0.228117, 0.23, 0.77, 0.227807
0.85, 0.231039, 0.23, 0.77, 0.235265
0.85, 0.229647, 0.23, 0.77, 0.230208
0.85, 0.227417, 0.23, 0.77, 0.231887
0.85, 0.236937, 0.23, 0.77, 0.237661
0.85, 0.230784, 0.23, 0.77, 0.230023
0.85, 0.227747, 0.23, 0.77, 0.229792
0.85, 0.233606, 0.23, 0.77, 0.230317
0.85, 0.236812, 0.24, 0.76, 0.23908
0.85, 0.249549, 0.24, 0.76, 0.243689
0.85, 0.243831, 0.24, 0.76, 0.240319
0.85, 0.23942, 0.24, 0.76, 0.241338
0.85, 0.234331, 0.24, 0.76, 0.236301
0.85, 0.237885, 0.24, 0.76, 0.242628
0.85, 0.237742, 0.24, 0.76, 0.243585
0.85, 0.249747, 0.24, 0.76, 0.243749
0.85, 0.228803, 0.24, 0.76, 0.23551
0.85, 0.244568, 0.24, 0.76, 0.245006
0.85, 0.243556, 0.24, 0.76, 0.243422
0.85, 0.242436, 0.24, 0.76, 0.240805
0.85, 0.242101, 0.24, 0.76, 0.24597
0.85, 0.24128, 0.24, 0.76, 0.243049
0.85, 0.24231, 0.24, 0.76, 0.241812
0.85, 0.242061, 0.24, 0.76, 0.240561
0.85, 0.240872, 0.24, 0.76, 0.242978
0.85, 0.245602, 0.24, 0.76, 0.23918
0.85, 0.239488, 0.24, 0.76, 0.234688
0.85, 0.242556, 0.24, 0.76, 0.236529
0.85, 0.232212, 0.24, 0.76, 0.240083
0.85, 0.238694, 0.24, 0.76, 0.239677
0.85, 0.239763, 0.24, 0.76, 0.238738
0.85, 0.235529, 0.24, 0.76, 0.237419
0.85, 0.246055, 0.24, 0.76, 0.241229
0.85, 0.249597, 0.25, 0.75, 0.246483
0.85, 0.249009, 0.25, 0.75, 0.24954
0.85, 0.252944, 0.25, 0.75, 0.248012
0.85, 0.254638, 0.25, 0.75, 0.254573
0.85, 0.247178, 0.25, 0.75, 0.247957
0.85, 0.25038, 0.25, 0.75, 0.250718
0.85, 0.245245, 0.25, 0.75, 0.245017
0.85, 0.249489, 0.25, 0.75, 0.251128
0.85, 0.241183, 0.25, 0.75, 0.243828
0.85, 0.245587, 0.25, 0.75, 0.247825
0.85, 0.246719, 0.25, 0.75, 0.248034
0.85, 0.241372, 0.25, 0.75, 0.247477
0.85, 0.252098, 0.25, 0.75, 0.252112
0.85, 0.242024, 0.25, 0.75, 0.248518
0.85, 0.246043, 0.25, 0.75, 0.251897
0.85, 0.248734, 0.25, 0.75, 0.248423
0.85, 0.251737, 0.25, 0.75, 0.249526
0.85, 0.248171, 0.25, 0.75, 0.251261
0.85, 0.253112, 0.25, 0.75, 0.25081
0.85, 0.248253, 0.25, 0.75, 0.247373
0.85, 0.2422, 0.25, 0.75, 0.248559
0.85, 0.253899, 0.25, 0.75, 0.248336
0.85, 0.254793, 0.25, 0.75, 0.24938
0.85, 0.245532, 0.25, 0.75, 0.251021
0.85, 0.243629, 0.25, 0.75, 0.244577
0.85, 0.271202, 0.26, 0.74, 0.263475
0.85, 0.254598, 0.26, 0.74, 0.256903
0.85, 0.263943, 0.26, 0.74, 0.260181
0.85, 0.259688, 0.26, 0.74, 0.261846
0.85, 0.258471, 0.26, 0.74, 0.262889
0.85, 0.260139, 0.26, 0.74, 0.261451
0.85, 0.261021, 0.26, 0.74, 0.262291
0.85, 0.260054, 0.26, 0.74, 0.261171
0.85, 0.256807, 0.26, 0.74, 0.256825
0.85, 0.257296, 0.26, 0.74, 0.25836
0.85, 0.26405, 0.26, 0.74, 0.261886
0.85, 0.2607, 0.26, 0.74, 0.257687
0.85, 0.264704, 0.26, 0.74, 0.265298
0.85, 0.251422, 0.26, 0.74, 0.25838
0.85, 0.260735, 0.26, 0.74, 0.262021
0.85, 0.262116, 0.26, 0.74, 0.263137
0.85, 0.259091, 0.26, 0.74, 0.258131
0.85, 0.256887, 0.26, 0.74, 0.254015
0.85, 0.26605, 0.26, 0.74, 0.263969
0.85, 0.258634, 0.26, 0.74, 0.257909
0.85, 0.259498, 0.26, 0.74, 0.259203
0.85, 0.265499, 0.26, 0.74, 0.260852
0.85, 0.259174, 0.26, 0.74, 0.260192
0.85, 0.259415, 0.26, 0.74, 0.26016
0.85, 0.257398, 0.26, 0.74, 0.258439
0.85, 0.276192, 0.27, 0.73, 0.275715
0.85, 0.268139, 0.27, 0.73, 0.270537
0.85, 0.27432, 0.27, 0.73, 0.271583
0.85, 0.266642, 0.27, 0.73, 0.270341
0.85, 0.270992, 0.27, 0.73, 0.273532
0.85, 0.272108, 0.27, 0.73, 0.267302
0.85, 0.269268, 0.27, 0.73, 0.2705
0.85, 0.274628, 0.27, 0.73, 0.271826
0.85, 0.274141, 0.27, 0.73, 0.27022
0.85, 0.271202, 0.27, 0.73, 0.268426
0.85, 0.267332, 0.27, 0.73, 0.272561
0.85, 0.262979, 0.27, 0.73, 0.265984
0.85, 0.273559, 0.27, 0.73, 0.271832
0.85, 0.271088, 0.27, 0.73, 0.271033
0.85, 0.271773, 0.27, 0.73, 0.268072
0.85, 0.268048, 0.27, 0.73, 0.270821
0.85, 0.270537, 0.27, 0.73, 0.272131
0.85, 0.265174, 0.27, 0.73, 0.264571
0.85, 0.276018, 0.27, 0.73, 0.271711
0.85, 0.272093, 0.27, 0.73, 0.269906
0.85, 0.268348, 0.27, 0.73, 0.265875
0.85, 0.267851, 0.27, 0.73, 0.263607
0.85, 0.269714, 0.27, 0.73, 0.265551
0.85, 0.260784, 0.27, 0.73, 0.265121
0.85, 0.267875, 0.27, 0.73, 0.265746
0.85, 0.283899, 0.28, 0.72, 0.278531
0.85, 0.276873, 0.28, 0.72, 0.279106
0.85, 0.280789, 0.28, 0.72, 0.28438
0.85, 0.284846, 0.28, 0.72, 0.28099
0.85, 0.281504, 0.28, 0.72, 0.283764
0.85, 0.278235, 0.28, 0.72, 0.278533
0.85, 0.276319, 0.28, 0.72, 0.277717
0.85, 0.274423, 0.28, 0.72, 0.275061
0.85, 0.277034, 0.28, 0.72, 0.278994
0.85, 0.281435, 0.28, 0.72, 0.280442
0.85, 0.28441, 0.28, 0.72, 0.281427
0.85, 0.276518, 0.28, 0.72, 0.280378
0.85, 0.277051, 0.28, 0.72, 0.285127
0.85, 0.284299, 0.28, 0.72, 0.280638
0.85, 0.28105, 0.28, 0.72, 0.278647
0.85, 0.28632, 0.28, 0.72, 0.282792
0.85, 0.283462, 0.28, 0.72, 0.281945
0.85, 0.274624, 0.28, 0.72, 0.278729
0.85, 0.274566, 0.28, 0.72, 0.276945
0.85, 0.273538, 0.28, 0.72, 0.274896
0.85, 0.279692, 0.28, 0.72, 0.281768
0.85, 0.280224, 0.28, 0.72, 0.279577
0.85, 0.277598, 0.28, 0.72, 0.278085
0.85, 0.273836, 0.28, 0.72, 0.272682
0.85, 0.279573, 0.28, 0.72, 0.281725
0.85, 0.288798, 0.29, 0.71, 0.285103
0.85, 0.284677, 0.29, 0.71, 0.28824
0.85, 0.289062, 0.29, 0.71, 0.288819
0.85, 0.294731, 0.29, 0.71, 0.287376
0.85, 0.292401, 0.29, 0.71, 0.294842
0.85, 0.284672, 0.29, 0.71, 0.287555
0.85, 0.287069, 0.29, 0.71, 0.286088
0.85, 0.286432, 0.29, 0.71, 0.290067
0.85, 0.288911, 0.29, 0.71, 0.288131
0.85, 0.287928, 0.29, 0.71, 0.287929
0.85, 0.291053, 0.29, 0.71, 0.290508
0.85, 0.295404, 0.29, 0.71, 0.293529
0.85, 0.293877, 0.29, 0.71, 0.290077
0.85, 0.300406, 0.29, 0.71, 0.292728
0.85, 0.290686, 0.29, 0.71, 0.289381
0.85, 0.292789, 0.29, 0.71, 0.293185
0.85, 0.287584, 0.29, 0.71, 0.289587
0.85, 0.285676, 0.29, 0.71, 0.29013
0.85, 0.291556, 0.29, 0.71, 0.292175
0.85, 0.28992, 0.29, 0.71, 0.287971
0.85, 0.29293, 0.29, 0.71, 0.290613
0.85, 0.282968, 0.29, 0.71, 0.288111
0.85, 0.294531, 0.29, 0.71, 0.291163
0.85, 0.286829, 0.29, 0.71, 0.286756
0.85, 0.296507, 0.29, 0.71, 0.294564
0.85, 0.303093, 0.3, 0.7, 0.302644
0.85, 0.30183, 0.3, 0.7, 0.302038
0.85, 0.306163, 0.3, 0.7, 0.301719
0.85, 0.307435, 0.3, 0.7, 0.308471
0.85, 0.302187, 0.3, 0.7, 0.299703
0.85, 0.302052, 0.3, 0.7, 0.304633
0.85, 0.289261, 0.3, 0.7, 0.296074
0.85, 0.296885, 0.3, 0.7, 0.299985
0.85, 0.304315, 0.3, 0.7, 0.297533
0.85, 0.300517, 0.3, 0.7, 0.302866
0.85, 0.298837, 0.3, 0.7, 0.299432
0.85, 0.303085, 0.3, 0.7, 0.298964
0.85, 0.297118, 0.3, 0.7, 0.295579
0.85, 0.294927, 0.3, 0.7, 0.298697
0.85, 0.301348, 0.3, 0.7, 0.298055
0.85, 0.300522, 0.3, 0.7, 0.297156
0.85, 0.301548, 0.3, 0.7, 0.301297
0.85, 0.300702, 0.3, 0.7, 0.29828
0.85, 0.295048, 0.3, 0.7, 0.29993
0.85, 0.294302, 0.3, 0.7, 0.298003
0.85, 0.292387, 0.3, 0.7, 0.295412
0.85, 0.298686, 0.3, 0.7, 0.293637
0.85, 0.300621, 0.3, 0.7, 0.301902
0.85, 0.299419, 0.3, 0.7, 0.299582
0.85, 0.30143, 0.3, 0.7, 0.304859
0.9, 0.151198, 0.15, 0.85, 0.151358
0.9, 0.15267, 0.15, 0.85, 0.151581
0.9, 0.148444, 0.15, 0.85, 0.147181
0.9, 0.149025, 0.15, 0.85, 0.14891
0.9, 0.15534, 0.15, 0.85, 0.155862
0.9, 0.149487, 0.15, 0.85, 0.149597
0.9, 0.151649, 0.15, 0.85, 0.15013
0.9, 0.151986, 0.15, 0.85, 0.152198
0.9, 0.14574, 0.15, 0.85, 0.148081
0.9, 0.150619, 0.15, 0.85, 0.1515
0.9, 0.146124, 0.15, 0.85, 0.149607
0.9, 0.149867, 0.15, 0.85, 0.150105
0.9, 0.150744, 0.15, 0.85, 0.151127
0.9, 0.146358, 0.15, 0.85, 0.149714
0.9, 0.14942, 0.15, 0.85, 0.147407
0.9, 0.15016, 0.15, 0.85, 0.15147
0.9, 0.146883, 0.15, 0.85, 0.148491
0.9, 0.146634, 0.15, 0.85, 0.147879
0.9, 0.155254, 0.15, 0.85, 0.1539
0.9, 0.152541, 0.15, 0.85, 0.149102
0.9, 0.148925, 0.15, 0.85, 0.148102
0.9, 0.151308, 0.15, 0.85, 0.151972
0.9, 0.146008, 0.15, 0.85, 0.148969
0.9, 0.151992, 0.15, 0.85, 0.150865
0.9, 0.146011, 0.15, 0.85, 0.146826
0.9, 0.159653, 0.16, 0.84, 0.1617
0.9, 0.1652, 0.16, 0.84, 0.1609
0.9, 0.154787, 0.16, 0.84, 0.156913
0.9, 0.160953, 0.16, 0.84, 0.160318
0.9, 0.167062, 0.16, 0.84, 0.165412
0.9, 0.160018, 0.16, 0.84, 0.159795
0.9, 0.16006, 0.16, 0.84, 0.159343
0.9, 0.162215, 0.16, 0.84, 0.163397
0.9, 0.156879, 0.16, 0.84, 0.159245
0.9, 0.159298, 0.16, 0.84, 0.157203
0.9, 0.152925, 0.16, 0.84, 0.157287
0.9, 0.160361, 0.16, 0.84, 0.16191
0.9, 0.164375, 0.16, 0.84, 0.159998
0.9, 0.158758, 0.16, 0.84, 0.159475
0.9, 0.15837, 0.16, 0.84, 0.158939
0.9, 0.160114, 0.16, 0.84, 0.161518
0.9, 0.164128, 0.16, 0.84, 0.163579
0.9, 0.158138, 0.16, 0.84, 0.159495
0.9, 0.162868, 0.16, 0.84, 0.163735
0.9, 0.156839, 0.16, 0.84, 0.158926
0.9, 0.164238, 0.16, 0.84, 0.161332
0.9, 0.160993, 0.16, 0.84, 0.159315
0.9, 0.16324, 0.16, 0.84, 0.161289
0.9, 0.155017, 0.16, 0.84, 0.156378
0.9, 0.157592, 0.16, 0.84, 0.157129
0.9, 0.169295, 0.17, 0.83, 0.168303
0.9, 0.172765, 0.17, 0.83, 0.168434
0.9, 0.168684, 0.17, 0.83, 0.171179
0.9, 0.172945, 0.17, 0.83, 0.175063
0.9, 0.176696, 0.17, 0.83, 0.171594
0.9, 0.167398, 0.17, 0.83, 0.168407
0.9, 0.163903, 0.17, 0.83, 0.170147
0.9, 0.173327, 0.17, 0.83, 0.16959
0.9, 0.164712, 0.17, 0.83, 0.165967
0.9, 0.172293, 0.17, 0.83, 0.170716
0.9, 0.17171, 0.17, 0.83, 0.169339
0.9, 0.16828, 0.17, 0.83, 0.17015
0.9, 0.169232, 0.17, 0.83, 0.17066
0.9, 0.168642, 0.17, 0.83, 0.171353
0.9, 0.16542, 0.17, 0.83, 0.166403
0.9, 0.168461, 0.17, 0.83, 0.168645
0.9, 0.164563, 0.17, 0.83, 0.166297
0.9, 0.175368, 0.17, 0.83, 0.172708
0.9, 0.17325, 0.17, 0.83, 0.172932
0.9, 0.167474, 0.17, 0.83, 0.166135
0.9, 0.169008, 0.17, 0.83, 0.169318
0.9, 0.165797, 0.17, 0.83, 0.169729
0.9, 0.171325, 0.17, 0.83, 0.170411
0.9, 0.173797, 0.17, 0.83, 0.172906
0.9, 0.168138, 0.17, 0.83, 0.170905
0.9, 0.175527, 0.18, 0.82, 0.179344
0.9, 0.182364, 0.18, 0.82, 0.184095
0.9, 0.181804, 0.18, 0.82, 0.180333
0.9, 0.182503, 0.18, 0.82, 0.182287
0.9, 0.174043, 0.18, 0.82, 0.17679
0.9, 0.176233, 0.18, 0.82, 0.17787
0.9, 0.178461, 0.18, 0.82, 0.178886
0.9, 0.178384, 0.18, 0.82, 0.180853
0.9, 0.182238, 0.18, 0.82, 0.182088
0.9, 0.176279, 0.18, 0.82, 0.176054
0.9, 0.187342, 0.18, 0.82, 0.183096
0.9, 0.181385, 0.18, 0.82, 0.181227
0.9, 0.183872, 0.18, 0.82, 0.182564
0.9, 0.179873, 0.18, 0.82, 0.180558
0.9, 0.184031, 0.18, 0.82, 0.184185
0.9, 0.175288, 0.18, 0.82, 0.175881
0.9, 0.183866, 0.18, 0.82, 0.18458
0.9, 0.179142, 0.18, 0.82, 0.182829
0.9, 0.181956, 0.18, 0.82, 0.178623
0.9, 0.178327, 0.18, 0.82, 0.17614
0.9, 0.186766, 0.18, 0.82, 0.182046
0.9, 0.177991, 0.18, 0.82, 0.180722
0.9, 0.188295, 0.18, 0.82, 0.182352
0.9, 0.183023, 0.18, 0.82, 0.181026
0.9, 0.187258, 0.18, 0.82, 0.181288
0.9, 0.18741, 0.19, 0.81, 0.188934
0.9, 0.196426, 0.19, 0.81, 0.191408
0.9, 0.192941, 0.19, 0.81, 0.190931
0.9, 0.186419, 0.19, 0.81, 0.184505
0.9, 0.194059, 0.19, 0.81, 0.194885
0.9, 0.188016, 0.19, 0.81, 0.187739
0.9, 0.186234, 0.19, 0.81, 0.187177
0.9, 0.190052, 0.19, 0.81, 0.1908
0.9, 0.187577, 0.19, 0.81, 0.190346
0.9, 0.194947, 0.19, 0.81, 0.19217
0.9, 0.189213, 0.19, 0.81, 0.189954
0.9, 0.198334, 0.19, 0.81, 0.191137
0.9, 0.192027, 0.19, 0.81, 0.189781
0.9, 0.187696, 0.19, 0.81, 0.182937
0.9, 0.189983, 0.19, 0.81, 0.190229
0.9, 0.19391, 0.19, 0.81, 0.194143
0.9, 0.195992, 0.19, 0.81, 0.192691
0.9, 0.188651, 0.19, 0.81, 0.191647
0.9, 0.190141, 0.19, 0.81, 0.188574
0.9, 0.192013, 0.19, 0.81, 0.188107
0.9, 0.188361, 0.19, 0.81, 0.188217
0.9, 0.193761, 0.19, 0.81, 0.189083
0.9, 0.189939, 0.19, 0.81, 0.187716
0.9, 0.195467, 0.19, 0.81, 0.192728
0.9, 0.196142, 0.19, 0.81, 0.191111
0.9, 0.201417, 0.2, 0.8, 0.198223
0.9, 0.21033, 0.2, 0.8, 0.206546
0.9, 0.193191, 0.2, 0.8, 0.196956
0.9, 0.203812, 0.2, 0.8, 0.204714
0.9, 0.207715, 0.2, 0.8, 0.203029
0.9, 0.196018, 0.2, 0.8, 0.197153
0.9, 0.201942, 0.2, 0.8, 0.203169
0.9, 0.199734, 0.2, 0.8, 0.198771
0.9, 0.194525, 0.2, 0.8, 0.199149
0.9, 0.197479, 0.2, 0.8, 0.194919
0.9, 0.200479, 0.2, 0.8, 0.200782
0.9, 0.199917, 0.2, 0.8, 0.196091
0.9, 0.200169, 0.2, 0.8, 0.198749
0.9, 0.193119, 0.2, 0.8, 0.202165
0.9, 0.204188, 0.2, 0.8, 0.201916
0.9, 0.195532, 0.2, 0.8, 0.196147
0.9, 0.199755, 0.2, 0.8, 0.198881
0.9, 0.197964, 0.2, 0.8, 0.197389
0.9, 0.204968, 0.2, 0.8, 0.20187
0.9, 0.202096, 0.2, 0.8, 0.203207
0.9, 0.195449, 0.2, 0.8, 0.199431
0.9, 0.201126, 0.2, 0.8, 0.201571
0.9, 0.198713, 0.2, 0.8, 0.200901
0.9, 0.198282, 0.2, 0.8, 0.198491
0.9, 0.201322, 0.2, 0.8, 0.202534
0.9, 0.221502, 0.21, 0.79, 0.216779
0.9, 0.206422, 0.21, 0.79, 0.20882
0.9, 0.207909, 0.21, 0.79, 0.211293
0.9, 0.210529, 0.21, 0.79, 0.209712
0.9, 0.212614, 0.21, 0.79, 0.215092
0.9, 0.206974, 0.21, 0.79, 0.208704
0.9, 0.20527, 0.21, 0.79, 0.208806
0.9, 0.210338, 0.21, 0.79, 0.210737
0.9, 0.217504, 0.21, 0.79, 0.214125
0.9, 0.209361, 0.21, 0.79, 0.208626
0.9, 0.213823, 0.21, 0.79, 0.209946
0.9, 0.215975, 0.21, 0.79, 0.214039
0.9, 0.205497, 0.21, 0.79, 0.204845
0.9, 0.207329, 0.21, 0.79, 0.208028
0.9, 0.215349, 0.21, 0.79, 0.215885
0.9, 0.205809, 0.21, 0.79, 0.208704
0.9, 0.204244, 0.21, 0.79, 0.209008
0.9, 0.202354, 0.21, 0.79, 0.207904
0.9, 0.216617, 0.21, 0.79, 0.216026
0.9, 0.212164, 0.21, 0.79, 0.211922
0.9, 0.210801, 0.21, 0.79, 0.211162
0.9, 0.207812, 0.21, 0.79, 0.211423
0.9, 0.220945, 0.21, 0.79, 0.214043
0.9, 0.206118, 0.21, 0.79, 0.20567
0.9, 0.206315, 0.21, 0.79, 0.211241
0.9, 0.210239, 0.22, 0.78, 0.213485
0.9, 0.22314, 0.22, 0.78, 0.223789
0.9, 0.223634, 0.22, 0.78, 0.224355
0.9, 0.211841, 0.22, 0.78, 0.215615
0.9, 0.220094, 0.22, 0.78, 0.220319
0.9, 0.222031, 0.22, 0.78, 0.225358
0.9, 0.210329, 0.22, 0.78, 0.218532
0.9, 0.212387, 0.22, 0.78, 0.216438
0.9, 0.214135, 0.22, 0.78, 0.214321
0.9, 0.219548, 0.22, 0.78, 0.216389
0.9, 0.216491, 0.22, 0.78, 0.219121
0.9, 0.21581, 0.22, 0.78, 0.217313
0.9, 0.220987, 0.22, 0.78, 0.217846
0.9, 0.217633, 0.22, 0.78, 0.219451
0.9, 0.220559, 0.22, 0.78, 0.219207
0.9, 0.219774, 0.22, 0.78, 0.221039
0.9, 0.208502, 0.22, 0.78, 0.212452
0.9, 0.222057, 0.22, 0.78, 0.22486
0.9, 0.215952, 0.22, 0.78, 0.219205
0.9, 0.223289, 0.22, 0.78, 0.220923
0.9, 0.219276, 0.22, 0.78, 0.220195
0.9, 0.221956, 0.22, 0.78, 0.221028
0.9, 0.216724, 0.22, 0.78, 0.217258
0.9, 0.2265, 0.22, 0.78, 0.220573
0.9, 0.211377, 0.22, 0.78, 0.212902
0.9, 0.217448, 0.23, 0.77, 0.220788
0.9, 0.230038, 0.23, 0.77, 0.229024
0.9, 0.228752, 0.23, 0.77, 0.230452
0.9, 0.227175, 0.23, 0.77, 0.226581
0.9, 0.23239, 0.23, 0.77, 0.23103
0.9, 0.225597, 0.23, 0.77, 0.23215
0.9, 0.23565, 0.23, 0.77, 0.232851
0.9, 0.234719, 0.23, 0.77, 0.231577
0.9, 0.230006, 0.23, 0.77, 0.225852
0.9, 0.231591, 0.23, 0.77, 0.227176
0.9, 0.2327, 0.23, 0.77, 0.22808
0.9, 0.223766, 0.23, 0.77, 0.227323
0.9, 0.230752, 0.23, 0.77, 0.231969
0.9, 0.227509, 0.23, 0.77, 0.228476
0.9, 0.227417, 0.23, 0.77, 0.229449
0.9, 0.232032, 0.23, 0.77, 0.23181
0.9, 0.230287, 0.23, 0.77, 0.230907
0.9, 0.230269, 0.23, 0.77, 0.23434
0.9, 0.226979, 0.23, 0.77, 0.232207
0.9, 0.228213, 0.23, 0.77, 0.229358
0.9, 0.225004, 0.23, 0.77, 0.228418
0.9, 0.230381, 0.23, 0.77, 0.2308
0.9, 0.2315, 0.23, 0.77, 0.232251
0.9, 0.227959, 0.23, 0.77, 0.23036
0.9, 0.231403, 0.23, 0.77, 0.235386
0.9, 0.239509, 0.24, 0.76, 0.239328
0.9, 0.230189, 0.24, 0.76, 0.232576
0.9, 0.246862, 0.24, 0.76, 0.239748
0.9, 0.242412, 0.24, 0.76, 0.239879
0.9, 0.236358, 0.24, 0.76, 0.239334
0.9, 0.246831, 0.24, 0.76, 0.246666
0.9, 0.239834, 0.24, 0.76, 0.239134
0.9, 0.241488, 0.24, 0.76, 0.239583
0.9, 0.245035, 0.24, 0.76, 0.24145
0.9, 0.246978, 0.24, 0.76, 0.245932
0.9, 0.243667, 0.24, 0.76, 0.243383
0.9, 0.240469, 0.24, 0.76, 0.243687
0.9, 0.247411, 0.24, 0.76, 0.242589
0.9, 0.245022, 0.24, 0.76, 0.243838
0.9, 0.238581, 0.24, 0.76, 0.237792
0.9, 0.247129, 0.24, 0.76, 0.246275
0.9, 0.232542, 0.24, 0.76, 0.236052
0.9, 0.242779, 0.24, 0.76, 0.239761
0.9, 0.244178, 0.24, 0.76, 0.238554
0.9, 0.239146, 0.24, 0.76, 0.242007
0.9, 0.244598, 0.24, 0.76, 0.242052
0.9, 0.234956, 0.24, 0.76, 0.23867
0.9, 0.235293, 0.24, 0.76, 0.238361
0.9, 0.241467, 0.24, 0.76, 0.241661
0.9, 0.239058, 0.24, 0.76, 0.238284
0.9, 0.254392, 0.25, 0.75, 0.25264
0.9, 0.260863, 0.25, 0.75, 0.259564
0.9, 0.254562, 0.25, 0.75, 0.251613
0.9, 0.246608, 0.25, 0.75, 0.245255
0.9, 0.245794, 0.25, 0.75, 0.24666
0.9, 0.245305, 0.25, 0.75, 0.24225
0.9, 0.24866, 0.25, 0.75, 0.251756
0.9, 0.242554, 0.25, 0.75, 0.242271
0.9, 0.247749, 0.25, 0.75, 0.250188
0.9, 0.247841, 0.25, 0.75, 0.248502
0.9, 0.251577, 0.25, 0.75, 0.25122
0.9, 0.244479, 0.25, 0.75, 0.247545
0.9, 0.248955, 0.25, 0.75, 0.25066
0.9, 0.250833, 0.25, 0.75, 0.250326
0.9, 0.247938, 0.25, 0.75, 0.246668
0.9, 0.254261, 0.25, 0.75, 0.251763
0.9, 0.250823, 0.25, 0.75, 0.246718
0.9, 0.250668, 0.25, 0.75, 0.249123
0.9, 0.240036, 0.25, 0.75, 0.245373
0.9, 0.250427, 0.25, 0.75, 0.250474
0.9, 0.256011, 0.25, 0.75, 0.251806
0.9, 0.252419, 0.25, 0.75, 0.245884
0.9, 0.252696, 0.25, 0.75, 0.253275
0.9, 0.248213, 0.25, 0.75, 0.249123
0.9, 0.254183, 0.25, 0.75, 0.252337
0.9, 0.267965, 0.26, 0.74, 0.264936
0.9, 0.257017, 0.26, 0.74, 0.260661
0.9, 0.253732, 0.26, 0.74, 0.255891
0.9, 0.253984, 0.26, 0.74, 0.256463
0.9, 0.261282, 0.26, 0.74, 0.25888
0.9, 0.255447, 0.26, 0.74, 0.260965
0.9, 0.262115, 0.26, 0.74, 0.263396
0.9, 0.267673, 0.26, 0.74, 0.265976
0.9, 0.258894, 0.26, 0.74, 0.262025
0.9, 0.257454, 0.26, 0.74, 0.259829
0.9, 0.252464, 0.26, 0.74, 0.256404
0.9, 0.257762, 0.26, 0.74, 0.259392
0.9, 0.253032, 0.26, 0.74, 0.254624
0.9, 0.256945, 0.26, 0.74, 0.260915
0.9, 0.254073, 0.26, 0.74, 0.25466
0.9, 0.255928, 0.26, 0.74, 0.258229
0.9, 0.258429, 0.26, 0.74, 0.259457
0.9, 0.261481, 0.26, 0.74, 0.257321
0.9, 0.260136, 0.26, 0.74, 0.258465
0.9, 0.24988, 0.26, 0.74, 0.250774
0.9, 0.260266, 0.26, 0.74, 0.25889
0.9, 0.263819, 0.26, 0.74, 0.265005
0.9, 0.258064, 0.26, 0.74, 0.257059
0.9, 0.266693, 0.26, 0.74, 0.262394
0.9, 0.261799, 0.26, 0.74, 0.260491
0.9, 0.270582, 0.27, 0.73, 0.267028
0.9, 0.269094, 0.27, 0.73, 0.271213
0.9, 0.269025, 0.27, 0.73, 0.271689
0.9, 0.276783, 0.27, 0.73, 0.270115
0.9, 0.265146, 0.27, 0.73, 0.26575
0.9, 0.267506, 0.27, 0.73, 0.271655
0.9, 0.271021, 0.27, 0.73, 0.270301
0.9, 0.264287, 0.27, 0.73, 0.265974
0.9, 0.266482, 0.27, 0.73, 0.26863
0.9, 0.265249, 0.27, 0.73, 0.267654
0.9, 0.268526, 0.27, 0.73, 0.265912
0.9, 0.266292, 0.27, 0.73, 0.267281
0.9, 0.264729, 0.27, 0.73, 0.262789
0.9, 0.265446, 0.27, 0.73, 0.270216
0.9, 0.273894, 0.27, 0.73, 0.272705
0.9, 0.26501, 0.27, 0.73, 0.268026
0.9, 0.271139, 0.27, 0.73, 0.268552
0.9, 0.261904, 0.27, 0.73, 0.264462
0.9, 0.276059, 0.27, 0.73, 0.27078
0.9, 0.272831, 0.27, 0.73, 0.275829
0.9, 0.261619, 0.27, 0.73, 0.269135
0.9, 0.273461, 0.27, 0.73, 0.272401
0.9, 0.264839, 0.27, 0.73, 0.267943
0.9, 0.270085, 0.27, 0.73, 0.270694
0.9, 0.27098, 0.27, 0.73, 0.273628
0.9, 0.281331, 0.28, 0.72, 0.279759
0.9, 0.277209, 0.28, 0.72, 0.280053
0.9, 0.276226, 0.28, 0.72, 0.276415
0.9, 0.279252, 0.28, 0.72, 0.27792
0.9, 0.284565, 0.28, 0.72, 0.281828
0.9, 0.277014, 0.28, 0.72, 0.278585
0.9, 0.280004, 0.28, 0.72, 0.283725
0.9, 0.278895, 0.28, 0.72, 0.276713
0.9, 0.281933, 0.28, 0.72, 0.276779
0.9, 0.276761, 0.28, 0.72, 0.282826
0.9, 0.278784, 0.28, 0.72, 0.282192
0.9, 0.276791, 0.28, 0.72, 0.27861
0.9, 0.279365, 0.28, 0.72, 0.282814
0.9, 0.273595, 0.28, 0.72, 0.272342
0.9, 0.279463, 0.28, 0.72, 0.277043
0.9, 0.274518, 0.28, 0.72, 0.276838
0.9, 0.284004, 0.28, 0.72, 0.282998
0.9, 0.2863, 0.28, 0.72, 0.283726
0.9, 0.28321, 0.28, 0.72, 0.28162
0.9, 0.276009, 0.28, 0.72, 0.274587
0.9, 0.277668, 0.28, 0.72, 0.279514
0.9, 0.28038, 0.28, 0.72, 0.279077
0.9, 0.279194, 0.28, 0.72, 0.275872
0.9, 0.288788, 0.28, 0.72, 0.283477
0.9, 0.282307, 0.28, 0.72, 0.282696
0.9, 0.292289, 0.29, 0.71, 0.288549
0.9, 0.289299, 0.29, 0.71, 0.289244
0.9, 0.279879, 0.29, 0.71, 0.287945
0.9, 0.289403, 0.29, 0.71, 0.28978
0.9, 0.298384, 0.29, 0.71, 0.293252
0.9, 0.290051, 0.29, 0.71, 0.292056
0.9, 0.295113, 0.29, 0.71, 0.294427
0.9, 0.29068, 0.29, 0.71, 0.288736
0.9, 0.287892, 0.29, 0.71, 0.287104
0.9, 0.2948, 0.29, 0.71, 0.28877
0.9, 0.287884, 0.29, 0.71, 0.291084
0.9, 0.283082, 0.29, 0.71, 0.287032
0.9, 0.292121, 0.29, 0.71, 0.290257
0.9, 0.284722, 0.29, 0.71, 0.282294
0.9, 0.287178, 0.29, 0.71, 0.285188
0.9, 0.294769, 0.29, 0.71, 0.292798
0.9, 0.295524, 0.29, 0.71, 0.291667
0.9, 0.287716, 0.29, 0.71, 0.292746
0.9, 0.296096, 0.29, 0.71, 0.291862
0.9, 0.298071, 0.29, 0.71, 0.293972
0.9, 0.281143, 0.29, 0.71, 0.28623
0.9, 0.290286, 0.29, 0.71, 0.293533
0.9, 0.285097, 0.29, 0.71, 0.287576
0.9, 0.297056, 0.29, 0.71, 0.289729
0.9, 0.284195, 0.29, 0.71, 0.288048
0.9, 0.303709, 0.3, 0.7, 0.297552
0.9, 0.300199, 0.3, 0.7, 0.301489
0.9, 0.307044, 0.3, 0.7, 0.306798
0.9, 0.302518, 0.3, 0.7, 0.300045
0.9, 0.30282, 0.3, 0.7, 0.29922
0.9, 0.30672, 0.3, 0.7, 0.300831
0.9, 0.296599, 0.3, 0.7, 0.298795
0.9, 0.302273, 0.3, 0.7, 0.299393
0.9, 0.29607, 0.3, 0.7, 0.298853
0.9, 0.294731, 0.3, 0.7, 0.299749
0.9, 0.292818, 0.3, 0.7, 0.297287
0.9, 0.304803, 0.3, 0.7, 0.305333
0.9, 0.29645, 0.3, 0.7, 0.300213
0.9, 0.302451, 0.3, 0.7, 0.299548
0.9, 0.302051, 0.3, 0.7, 0.300967
0.9, 0.293195, 0.3, 0.7, 0.296048
0.9, 0.295228, 0.3, 0.7, 0.29893
0.9, 0.291941, 0.3, 0.7, 0.295444
0.9, 0.304129, 0.3, 0.7, 0.299219
0.9, 0.299515, 0.3, 0.7, 0.301329
0.9, 0.299562, 0.3, 0.7, 0.298944
0.9, 0.301615, 0.3, 0.7, 0.302184
0.9, 0.29536, 0.3, 0.7, 0.298199
0.9, 0.295922, 0.3, 0.7, 0.297004
0.9, 0.297236, 0.3, 0.7, 0.299378
0.95, 0.147803, 0.15, 0.85, 0.146968
0.95, 0.151214, 0.15, 0.85, 0.152048
0.95, 0.14634, 0.15, 0.85, 0.152173
0.95, 0.148405, 0.15, 0.85, 0.151362
0.95, 0.146878, 0.15, 0.85, 0.148123
0.95, 0.153243, 0.15, 0.85, 0.153344
0.95, 0.151315, 0.15, 0.85, 0.151541
0.95, 0.152608, 0.15, 0.85, 0.150201
0.95, 0.157419, 0.15, 0.85, 0.15368
0.95, 0.148485, 0.15, 0.85, 0.145837
0.95, 0.150019, 0.15, 0.85, 0.151661
0.95, 0.150697, 0.15, 0.85, 0.151719
0.95, 0.148717, 0.15, 0.85, 0.150114
0.95, 0.147547, 0.15, 0.85, 0.15138
0.95, 0.147065, 0.15, 0.85, 0.149908
0.95, 0.146438, 0.15, 0.85, 0.14939
0.95, 0.156919, 0.15, 0.85, 0.153007
0.95, 0.149632, 0.15, 0.85, 0.149281
0.95, 0.153122, 0.15, 0.85, 0.152186
0.95, 0.151082, 0.15, 0.85, 0.150522
0.95, 0.150213, 0.15, 0.85, 0.150773
0.95, 0.151217, 0.15, 0.85, 0.150444
0.95, 0.147818, 0.15, 0.85, 0.153451
0.95, 0.14689, 0.15, 0.85, 0.146041
0.95, 0.153652, 0.15, 0.85, 0.153713
0.95, 0.162527, 0.16, 0.84, 0.159659
0.95, 0.156577, 0.16, 0.84, 0.158688
0.95, 0.157109, 0.16, 0.84, 0.157037
0.95, 0.15284, 0.16, 0.84, 0.154046
0.95, 0.156127, 0.16, 0.84, 0.153985
0.95, 0.159863, 0.16, 0.84, 0.158258
0.95, 0.161635, 0.16, 0.84, 0.159407
0.95, 0.161166, 0.16, 0.84, 0.161379
0.95, 0.16008, 0.16, 0.84, 0.160841
0.95, 0.165737, 0.16, 0.84, 0.16017
0.95, 0.157868, 0.16, 0.84, 0.156664
0.95, 0.162354, 0.16, 0.84, 0.159597
0.95, 0.160589, 0.16, 0.84, 0.15736
0.95, 0.16104, 0.16, 0.84, 0.159459
0.95, 0.158277, 0.16, 0.84, 0.157897
0.95, 0.154959, 0.16, 0.84, 0.15974
0.95, 0.160699, 0.16, 0.84, 0.160243
0.95, 0.155053, 0.16, 0.84, 0.157234
0.95, 0.161748, 0.16, 0.84, 0.163324
0.95, 0.155725, 0.16, 0.84, 0.157924
0.95, 0.160269, 0.16, 0.84, 0.160871
0.95, 0.155752, 0.16, 0.84, 0.157725
0.95, 0.162704, 0.16, 0.84, 0.156964
0.95, 0.158272, 0.16, 0.84, 0.161287
0.95, 0.158174, 0.16, 0.84, 0.157406
0.95, 0.17228, 0.17, 0.83, 0.172348
0.95, 0.175646, 0.17, 0.83, 0.173408
0.95, 0.170057, 0.17, 0.83, 0.17075
0.95, 0.172762, 0.17, 0.83, 0.169502
0.95, 0.180455, 0.17, 0.83, 0.174156
0.95, 0.177506, 0.17, 0.83, 0.176535
0.95, 0.168083, 0.17, 0.83, 0.167791
0.95, 0.172883, 0.17, 0.83, 0.173718
0.95, 0.16435, 0.17, 0.83, 0.170273
0.95, 0.164253, 0.17, 0.83, 0.168214
0.95, 0.165096, 0.17, 0.83, 0.167573
0.95, 0.165766, 0.17, 0.83, 0.166068
0.95, 0.169469, 0.17, 0.83, 0.171711
0.95, 0.172167, 0.17, 0.83, 0.171728
0.95, 0.162974, 0.17, 0.83, 0.166207
0.95, 0.17066, 0.17, 0.83, 0.170455
0.95, 0.162646, 0.17, 0.83, 0.162307
0.95, 0.173968, 0.17, 0.83, 0.169739
0.95, 0.169888, 0.17, 0.83, 0.168365
0.95, 0.174314, 0.17, 0.83, 0.171659
0.95, 0.175216, 0.17, 0.83, 0.173511
0.95, 0.171839, 0.17, 0.83, 0.171893
0.95, 0.172935, 0.17, 0.83, 0.17272
0.95, 0.171569, 0.17, 0.83, 0.172041
0.95, 0.1613, 0.17, 0.83, 0.163604
0.95, 0.175722, 0.18, 0.82, 0.178012
0.95, 0.18277, 0.18, 0.82, 0.1819
0.95, 0.180766, 0.18, 0.82, 0.181366
0.95, 0.18019, 0.18, 0.82, 0.18086
0.95, 0.176804, 0.18, 0.82, 0.179501
0.95, 0.187603, 0.18, 0.82, 0.180572
0.95, 0.188765, 0.18, 0.82, 0.18545
0.95, 0.173583, 0.18, 0.82, 0.179462
0.95, 0.17829, 0.18, 0.82, 0.178051
0.95, 0.185735, 0.18, 0.82, 0.183046
0.95, 0.185827, 0.18, 0.82, 0.185215
0.95, 0.177941, 0.18, 0.82, 0.179613
0.95, 0.180882, 0.18, 0.82, 0.182349
0.95, 0.183882, 0.18, 0.82, 0.18081
0.95, 0.176315, 0.18, 0.82, 0.178954
0.95, 0.182459, 0.18, 0.82, 0.183287
0.95, 0.18557, 0.18, 0.82, 0.182843
0.95, 0.180932, 0.18, 0.82, 0.180837
0.95, 0.176202, 0.18, 0.82, 0.180344
0.95, 0.173172, 0.18, 0.82, 0.175789
0.95, 0.173835, 0.18, 0.82, 0.178304
0.95, 0.176489, 0.18, 0.82, 0.177486
0.95, 0.174732, 0.18, 0.82, 0.177514
0.95, 0.175299, 0.18, 0.82, 0.180651
0.95, 0.183208, 0.18, 0.82, 0.183003
0.95, 0.19372, 0.19, 0.81, 0.191739
0.95, 0.185425, 0.19, 0.81, 0.186634
0.95, 0.188004, 0.19, 0.81, 0.190963
0.95, 0.186698, 0.19, 0.81, 0.189766
0.95, 0.189364, 0.19, 0.81, 0.191099
0.95, 0.195435, 0.19, 0.81, 0.192871
0.95, 0.187005, 0.19, 0.81, 0.188954
0.95, 0.192339, 0.19, 0.81, 0.189885
0.95, 0.185867, 0.19, 0.81, 0.185867
0.95, 0.183858, 0.19, 0.81, 0.190385
0.95, 0.190117, 0.19, 0.81, 0.189484
0.95, 0.195733, 0.19, 0.81, 0.194945
0.95, 0.185867, 0.19, 0.81, 0.186001
0.95, 0.186427, 0.19, 0.81, 0.189528
0.95, 0.193712, 0.19, 0.81, 0.192133
0.95, 0.196351, 0.19, 0.81, 0.192079
0.95, 0.186245, 0.19, 0.81, 0.187678
0.95, 0.189785, 0.19, 0.81, 0.192806
0.95, 0.189764, 0.19, 0.81, 0.190314
0.95, 0.193687, 0.19, 0.81, 0.193013
0.95, 0.184896, 0.19, 0.81, 0.188657
0.95, 0.191801, 0.19, 0.81, 0.191359
0.95, 0.18781, 0.19, 0.81, 0.19046
0.95, 0.187016, 0.19, 0.81, 0.189086
0.95, 0.184684, 0.19, 0.81, 0.185755
0.95, 0.203937, 0.2, 0.8, 0.20206
0.95, 0.197581, 0.2, 0.8, 0.200986
0.95, 0.21141, 0.2, 0.8, 0.205669
0.95, 0.19732, 0.2, 0.8, 0.202244
0.95, 0.200602, 0.2, 0.8, 0.202323
0.95, 0.202465, 0.2, 0.8, 0.201349
0.95, 0.195457, 0.2, 0.8, 0.192496
0.95, 0.197918, 0.2, 0.8, 0.200701
0.95, 0.20492, 0.2, 0.8, 0.203704
0.95, 0.195879, 0.2, 0.8, 0.193761
0.95, 0.203694, 0.2, 0.8, 0.203528
0.95, 0.203442, 0.2, 0.8, 0.200864
0.95, 0.195025, 0.2, 0.8, 0.196585
0.95, 0.197757, 0.2, 0.8, 0.19833
0.95, 0.202137, 0.2, 0.8, 0.201118
0.95, 0.204584, 0.2, 0.8, 0.20172
0.95, 0.204505, 0.2, 0.8, 0.201848
0.95, 0.206066, 0.2, 0.8, 0.203798
0.95, 0.199583, 0.2, 0.8, 0.197991
0.95, 0.193582, 0.2, 0.8, 0.197981
0.95, 0.199692, 0.2, 0.8, 0.2
0.95, 0.199835, 0.2, 0.8, 0.195342
0.95, 0.193667, 0.2, 0.8, 0.197466
0.95, 0.195763, 0.2, 0.8, 0.198875
0.95, 0.200881, 0.2, 0.8, 0.200251
0.95, 0.213795, 0.21, 0.79, 0.212242
0.95, 0.209509, 0.21, 0.79, 0.214376
0.95, 0.209223, 0.21, 0.79, 0.208014
0.95, 0.212054, 0.21, 0.79, 0.211578
0.95, 0.206348, 0.21, 0.79, 0.210224
0.95, 0.207305, 0.21, 0.79, 0.206218
0.95, 0.210365, 0.21, 0.79, 0.211471
0.95, 0.208025, 0.21, 0.79, 0.2078
0.95, 0.209367, 0.21, 0.79, 0.21175
0.95, 0.212079, 0.21, 0.79, 0.214177
0.95, 0.210444, 0.21, 0.79, 0.207589
0.95, 0.207376, 0.21, 0.79, 0.207316
0.95, 0.213271, 0.21, 0.79, 0.208832
0.95, 0.215021, 0.21, 0.79, 0.21397
0.95, 0.209089, 0.21, 0.79, 0.206839
0.95, 0.204699, 0.21, 0.79, 0.207471
0.95, 0.209676, 0.21, 0.79, 0.211908
0.95, 0.214096, 0.21, 0.79, 0.210481
0.95, 0.209978, 0.21, 0.79, 0.210263
0.95, 0.207056, 0.21, 0.79, 0.208141
0.95, 0.208773, 0.21, 0.79, 0.208199
0.95, 0.215089, 0.21, 0.79, 0.209368
0.95, 0.215257, 0.21, 0.79, 0.21477
0.95, 0.209704, 0.21, 0.79, 0.209852
0.95, 0.213115, 0.21, 0.79, 0.209964
0.95, 0.217406, 0.22, 0.78, 0.2163
0.95, 0.220278, 0.22, 0.78, 0.217698
0.95, 0.214712, 0.22, 0.78, 0.216848
0.95, 0.223159, 0.22, 0.78, 0.222305
0.95, 0.215991, 0.22, 0.78, 0.217656
0.95, 0.22115, 0.22, 0.78, 0.21969
0.95, 0.218542, 0.22, 0.78, 0.2189
0.95, 0.222066, 0.22, 0.78, 0.222598
0.95, 0.220356, 0.22, 0.78, 0.215642
0.95, 0.219771, 0.22, 0.78, 0.221338
0.95, 0.224133, 0.22, 0.78, 0.222139
0.95, 0.215914, 0.22, 0.78, 0.214574
0.95, 0.218708, 0.22, 0.78, 0.217062
0.95, 0.220111, 0.22, 0.78, 0.218998
0.95, 0.224759, 0.22, 0.78, 0.221019
0.95, 0.224361, 0.22, 0.78, 0.221235
0.95, 0.227405, 0.22, 0.78, 0.223027
0.95, 0.219858, 0.22, 0.78, 0.221222
0.95, 0.223628, 0.22, 0.78, 0.220704
0.95, 0.218738, 0.22, 0.78, 0.2161
0.95, 0.220532, 0.22, 0.78, 0.21941
0.95, 0.221251, 0.22, 0.78, 0.221339
0.95, 0.216938, 0.22, 0.78, 0.219433
0.95, 0.223974, 0.22, 0.78, 0.220335
0.95, 0.223789, 0.22, 0.78, 0.22456
0.95, 0.231077, 0.23, 0.77, 0.230623
0.95, 0.239035, 0.23, 0.77, 0.233906
0.95, 0.226694, 0.23, 0.77, 0.227618
0.95, 0.229831, 0.23, 0.77, 0.232655
0.95, 0.231433, 0.23, 0.77, 0.229098
0.95, 0.225802, 0.23, 0.77, 0.229889
0.95, 0.227234, 0.23, 0.77, 0.228847
0.95, 0.235289, 0.23, 0.77, 0.233705
0.95, 0.237167, 0.23, 0.77, 0.238804
0.95, 0.232662, 0.23, 0.77, 0.23049
0.95, 0.233744, 0.23, 0.77, 0.232748
0.95, 0.230243, 0.23, 0.77, 0.22769
0.95, 0.239366, 0.23, 0.77, 0.236219
0.95, 0.227966, 0.23, 0.77, 0.228768
0.95, 0.230306, 0.23, 0.77, 0.23188
0.95, 0.239537, 0.23, 0.77, 0.235051
0.95, 0.228557, 0.23, 0.77, 0.227986
0.95, 0.233182, 0.23, 0.77, 0.232767
0.95, 0.230691, 0.23, 0.77, 0.232197
0.95, 0.233818, 0.23, 0.77, 0.233139
0.95, 0.226932, 0.23, 0.77, 0.224981
0.95, 0.222913, 0.23, 0.77, 0.226417
0.95, 0.234447, 0.23, 0.77, 0.23325
0.95, 0.23335, 0.23, 0.77, 0.233149
0.95, 0.231373, 0.23, 0.77, 0.231873
0.95, 0.234176, 0.24, 0.76, 0.239036
0.95, 0.237448, 0.24, 0.76, 0.240556
0.95, 0.239502, 0.24, 0.76, 0.239178
0.95, 0.237783, 0.24, 0.76, 0.237162
0.95, 0.237059, 0.24, 0.76, 0.236142
0.95, 0.238658, 0.24, 0.76, 0.23806
0.95, 0.235999, 0.24, 0.76, 0.236671
0.95, 0.236673, 0.24, 0.76, 0.236624
0.95, 0.247274, 0.24, 0.76, 0.246482
0.95, 0.234003, 0.24, 0.76, 0.23493
0.95, 0.242323, 0.24, 0.76, 0.239576
0.95, 0.242474, 0.24, 0.76, 0.243739
0.95, 0.235334, 0.24, 0.76, 0.23805
0.95, 0.23877, 0.24, 0.76, 0.23667
0.95, 0.23625, 0.24, 0.76, 0.238067
0.95, 0.239688, 0.24, 0.76, 0.241498
0.95, 0.240236, 0.24, 0.76, 0.239495
0.95, 0.238933, 0.24, 0.76, 0.239132
0.95, 0.239428, 0.24, 0.76, 0.238974
0.95, 0.235734, 0.24, 0.76, 0.241015
0.95, 0.230745, 0.24, 0.76, 0.232861
0.95, 0.242924, 0.24, 0.76, 0.240615
0.95, 0.234134, 0.24, 0.76, 0.236397
0.95, 0.234493, 0.24, 0.76, 0.23617
0.95, 0.234606, 0.24, 0.76, 0.236195
0.95, 0.252317, 0.25, 0.75, 0.248284
0.95, 0.248678, 0.25, 0.75, 0.248732
0.95, 0.245527, 0.25, 0.75, 0.246801
0.95, 0.245128, 0.25, 0.75, 0.2484
0.95, 0.251709, 0.25, 0.75, 0.250487
0.95, 0.248387, 0.25, 0.75, 0.24892
0.95, 0.248042, 0.25, 0.75, 0.247582
0.95, 0.253389, 0.25, 0.75, 0.254162
0.95, 0.252787, 0.25, 0.75, 0.252286
0.95, 0.25067, 0.25, 0.75, 0.250639
0.95, 0.245276, 0.25, 0.75, 0.249514
0.95, 0.254234, 0.25, 0.75, 0.251259
0.95, 0.251311, 0.25, 0.75, 0.250957
0.95, 0.245926, 0.25, 0.75, 0.250876
0.95, 0.247104, 0.25, 0.75, 0.245318
0.95, 0.249529, 0.25, 0.75, 0.248853
0.95, 0.252966, 0.25, 0.75, 0.248824
0.95, 0.242145, 0.25, 0.75, 0.248448
0.95, 0.243788, 0.25, 0.75, 0.24866
0.95, 0.250968, 0.25, 0.75, 0.25117
0.95, 0.253401, 0.25, 0.75, 0.254165
0.95, 0.254282, 0.25, 0.75, 0.250152
0.95, 0.253634, 0.25, 0.75, 0.254829
0.95, 0.246821, 0.25, 0.75, 0.24732
0.95, 0.250321, 0.25, 0.75, 0.246773
0.95, 0.261711, 0.26, 0.74, 0.256847
0.95, 0.252399, 0.26, 0.74, 0.253495
0.95, 0.271589, 0.26, 0.74, 0.263534
0.95, 0.256928, 0.26, 0.74, 0.261099
0.95, 0.260318, 0.26, 0.74, 0.25862
0.95, 0.262893, 0.26, 0.74, 0.260889
0.95, 0.258917, 0.26, 0.74, 0.260467
0.95, 0.258069, 0.26, 0.74, 0.255612
0.95, 0.261123, 0.26, 0.74, 0.258364
0.95, 0.257486, 0.26, 0.74, 0.260084
0.95, 0.256701, 0.26, 0.74, 0.260389
0.95, 0.25613, 0.26, 0.74, 0.256341
0.95, 0.264837, 0.26, 0.74, 0.263916
0.95, 0.260188, 0.26, 0.74, 0.261406
0.95, 0.261963, 0.26, 0.74, 0.261188
0.95, 0.25881, 0.26, 0.74, 0.25752
0.95, 0.259178, 0.26, 0.74, 0.259809
0.95, 0.262327, 0.26, 0.74, 0.260726
0.95, 0.264234, 0.26, 0.74, 0.258377
0.95, 0.251618, 0.26, 0.74, 0.260337
0.95, 0.255546, 0.26, 0.74, 0.256137
0.95, 0.258029, 0.26, 0.74, 0.261848
0.95, 0.259121, 0.26, 0.74, 0.261259
0.95, 0.259345, 0.26, 0.74, 0.262411
0.95, 0.272968, 0.26, 0.74, 0.261944
0.95, 0.269312, 0.27, 0.73, 0.269593
0.95, 0.269681, 0.27, 0.73, 0.271665
0.95, 0.265455, 0.27, 0.73, 0.268736
0.95, 0.26743, 0.27, 0.73, 0.265874
0.95, 0.274683, 0.27, 0.73, 0.272714
0.95, 0.265214, 0.27, 0.73, 0.264776
0.95, 0.263538, 0.27, 0.73, 0.268833
0.95, 0.274231, 0.27, 0.73, 0.275399
0.95, 0.264014, 0.27, 0.73, 0.266887
0.95, 0.273322, 0.27, 0.73, 0.273359
0.95, 0.269717, 0.27, 0.73, 0.269271
0.95, 0.268274, 0.27, 0.73, 0.267997
0.95, 0.270875, 0.27, 0.73, 0.272241
0.95, 0.265143, 0.27, 0.73, 0.268139
0.95, 0.259537, 0.27, 0.73, 0.264826
0.95, 0.272735, 0.27, 0.73, 0.271937
0.95, 0.273958, 0.27, 0.73, 0.272977
0.95, 0.271634, 0.27, 0.73, 0.272445
0.95, 0.264199, 0.27, 0.73, 0.265676
0.95, 0.268651, 0.27, 0.73, 0.272363
0.95, 0.264689, 0.27, 0.73, 0.27027
0.95, 0.270051, 0.27, 0.73, 0.269293
0.95, 0.267968, 0.27, 0.73, 0.273341
0.95, 0.272559, 0.27, 0.73, 0.270282
0.95, 0.265575, 0.27, 0.73, 0.26526
0.95, 0.274904, 0.28, 0.72, 0.279418
0.95, 0.281882, 0.28, 0.72, 0.279291
0.95, 0.275809, 0.28, 0.72, 0.276945
0.95, 0.28338, 0.28, 0.72, 0.281099
0.95, 0.281465, 0.28, 0.72, 0.281434
0.95, 0.2743, 0.28, 0.72, 0.276538
0.95, 0.27366, 0.28, 0.72, 0.27582
0.95, 0.287295, 0.28, 0.72, 0.28737
0.95, 0.276474, 0.28, 0.72, 0.27591
0.95, 0.281559, 0.28, 0.72, 0.282133
0.95, 0.279309, 0.28, 0.72, 0.281797
0.95, 0.276758, 0.28, 0.72, 0.278816
0.95, 0.291583, 0.28, 0.72, 0.283845
0.95, 0.277365, 0.28, 0.72, 0.27692
0.95, 0.279487, 0.28, 0.72, 0.279324
0.95, 0.279584, 0.28, 0.72, 0.280493
0.95, 0.274568, 0.28, 0.72, 0.276131
0.95, 0.280799, 0.28, 0.72, 0.280699
0.95, 0.281587, 0.28, 0.72, 0.282216
0.95, 0.28892, 0.28, 0.72, 0.280659
0.95, 0.285658, 0.28, 0.72, 0.286147
0.95, 0.284024, 0.28, 0.72, 0.284023
0.95, 0.271987, 0.28, 0.72, 0.273728
0.95, 0.277203, 0.28, 0.72, 0.280779
0.95, 0.280904, 0.28, 0.72, 0.28547
0.95, 0.293667, 0.29, 0.71, 0.295168
0.95, 0.286501, 0.29, 0.71, 0.290124
0.95, 0.296809, 0.29, 0.71, 0.28976
0.95, 0.291985, 0.29, 0.71, 0.290578
0.95, 0.290408, 0.29, 0.71, 0.289037
0.95, 0.298564, 0.29, 0.71, 0.294396
0.95, 0.29477, 0.29, 0.71, 0.290405
0.95, 0.29613, 0.29, 0.71, 0.292944
0.95, 0.285566, 0.29, 0.71, 0.289489
0.95, 0.295262, 0.29, 0.71, 0.290201
0.95, 0.296467, 0.29, 0.71, 0.293024
0.95, 0.287211, 0.29, 0.71, 0.292052
0.95, 0.289674, 0.29, 0.71, 0.29078
0.95, 0.28975, 0.29, 0.71, 0.287819
0.95, 0.292947, 0.29, 0.71, 0.293902
0.95, 0.284151, 0.29, 0.71, 0.289616
0.95, 0.296014, 0.29, 0.71, 0.293907
0.95, 0.285775, 0.29, 0.71, 0.289739
0.95, 0.2873, 0.29, 0.71, 0.290219
0.95, 0.286217, 0.29, 0.71, 0.289851
0.95, 0.288069, 0.29, 0.71, 0.288763
0.95, 0.293615, 0.29, 0.71, 0.291785
0.95, 0.289281, 0.29, 0.71, 0.288263
0.95, 0.292255, 0.29, 0.71, 0.289035
0.95, 0.289501, 0.29, 0.71, 0.291002
0.95, 0.303352, 0.3, 0.7, 0.30554
0.95, 0.301569, 0.3, 0.7, 0.299058
0.95, 0.303758, 0.3, 0.7, 0.303899
0.95, 0.297773, 0.3, 0.7, 0.30201
0.95, 0.298192, 0.3, 0.7, 0.297949
0.95, 0.299738, 0.3, 0.7, 0.298457
0.95, 0.301061, 0.3, 0.7, 0.296755
0.95, 0.296133, 0.3, 0.7, 0.295446
0.95, 0.300953, 0.3, 0.7, 0.301953
0.95, 0.303192, 0.3, 0.7, 0.301172
0.95, 0.295942, 0.3, 0.7, 0.299421
0.95, 0.295625, 0.3, 0.7, 0.300199
0.95, 0.301951, 0.3, 0.7, 0.297966
0.95, 0.295436, 0.3, 0.7, 0.296757
0.95, 0.298705, 0.3, 0.7, 0.2971
0.95, 0.299025, 0.3, 0.7, 0.298217
0.95, 0.301058, 0.3, 0.7, 0.298075
0.95, 0.298064, 0.3, 0.7, 0.298338
0.95, 0.302198, 0.3, 0.7, 0.301179
0.95, 0.301719, 0.3, 0.7, 0.301598
0.95, 0.301431, 0.3, 0.7, 0.301282
0.95, 0.294636, 0.3, 0.7, 0.298365
0.95, 0.303182, 0.3, 0.7, 0.300962
0.95, 0.289604, 0.3, 0.7, 0.294545
0.95, 0.30052, 0.3, 0.7, 0.300433
1, 0.149551, 0.15, 0.85, 0.150102
1, 0.153397, 0.15, 0.85, 0.151389
1, 0.151343, 0.15, 0.85, 0.15219
1, 0.151492, 0.15, 0.85, 0.151314
1, 0.146654, 0.15, 0.85, 0.147511
1, 0.14939, 0.15, 0.85, 0.153613
1, 0.150278, 0.15, 0.85, 0.150434
1, 0.153557, 0.15, 0.85, 0.151543
1, 0.155102, 0.15, 0.85, 0.151674
1, 0.15139, 0.15, 0.85, 0.151897
1, 0.149249, 0.15, 0.85, 0.148749
1, 0.148311, 0.15, 0.85, 0.14919
1, 0.151853, 0.15, 0.85, 0.151183
1, 0.154706, 0.15, 0.85, 0.154315
1, 0.14798, 0.15, 0.85, 0.147016
1, 0.149392, 0.15, 0.85, 0.150834
1, 0.149928, 0.15, 0.85, 0.148234
1, 0.144217, 0.15, 0.85, 0.143863
1, 0.15366, 0.15, 0.85, 0.150656
1, 0.157883, 0.15, 0.85, 0.151369
1, 0.157189, 0.15, 0.85, 0.152555
1, 0.148988, 0.15, 0.85, 0.148804
1, 0.1498, 0.15, 0.85, 0.149552
1, 0.147098, 0.15, 0.85, 0.148666
1, 0.152027, 0.15, 0.85, 0.147023
1, 0.161608, 0.16, 0.84, 0.163534
1, 0.162505, 0.16, 0.84, 0.162565
1, 0.168938, 0.16, 0.84, 0.163067
1, 0.153962, 0.16, 0.84, 0.157626
1, 0.159514, 0.16, 0.84, 0.162593
1, 0.161804, 0.16, 0.84, 0.161067
1, 0.164853, 0.16, 0.84, 0.15916
1, 0.163535, 0.16, 0.84, 0.16436
1, 0.158389, 0.16, 0.84, 0.158436
1, 0.15822, 0.16, 0.84, 0.159525
1, 0.166906, 0.16, 0.84, 0.165394
1, 0.162597, 0.16, 0.84, 0.162408
1, 0.157504, 0.16, 0.84, 0.15695
1, 0.155641, 0.16, 0.84, 0.158074
1, 0.154255, 0.16, 0.84, 0.155808
1, 0.163724, 0.16, 0.84, 0.15953
1, 0.16587, 0.16, 0.84, 0.158747
1, 0.167947, 0.16, 0.84, 0.161557
1, 0.157206, 0.16, 0.84, 0.15396
1, 0.158259, 0.16, 0.84, 0.157368
1, 0.157948, 0.16, 0.84, 0.15981
1, 0.163407, 0.16, 0.84, 0.161
1, 0.16168, 0.16, 0.84, 0.162941
1, 0.161842, 0.16, 0.84, 0.163209
1, 0.160693, 0.16, 0.84, 0.159178
1, 0.166384, 0.17, 0.83, 0.170888
1, 0.166565, 0.17, 0.83, 0.170118
1, 0.17584, 0.17, 0.83, 0.173623
1, 0.172441, 0.17, 0.83, 0.172196
1, 0.171376, 0.17, 0.83, 0.168965
1, 0.16899, 0.17, 0.83, 0.170862
1, 0.162192, 0.17, 0.83, 0.167719
1, 0.174348, 0.17, 0.83, 0.172129
1, 0.171749, 0.17, 0.83, 0.168738
1, 0.168707, 0.17, 0.83, 0.169683
1, 0.164791, 0.17, 0.83, 0.165725
1, 0.168747, 0.17, 0.83, 0.166834
1, 0.177443, 0.17, 0.83, 0.170684
1, 0.174916, 0.17, 0.83, 0.171289
1, 0.163702, 0.17, 0.83, 0.163893
1, 0.175287, 0.17, 0.83, 0.173227
1, 0.168898, 0.17, 0.83, 0.167611
1, 0.1705, 0.17, 0.83, 0.168356
1, 0.170508, 0.17, 0.83, 0.168305
1, 0.172181, 0.17, 0.83, 0.17077
1, 0.170114, 0.17, 0.83, 0.168782
1, 0.163422, 0.17, 0.83, 0.166575
1, 0.16578, 0.17, 0.83, 0.166154
1, 0.170187, 0.17, 0.83, 0.170886
1, 0.171504, 0.17, 0.83, 0.173994
1, 0.17632, 0.18, 0.82, 0.179617
1, 0.183845, 0.18, 0.82, 0.18386
1, 0.180654, 0.18, 0.82, 0.185029
1, 0.177768, 0.18, 0.82, 0.176465
1, 0.173959, 0.18, 0.82, 0.178438
1, 0.182614, 0.18, 0.82, 0.179429
1, 0.176209, 0.18, 0.82, 0.180337
1, 0.179513, 0.18, 0.82, 0.183882
1, 0.184635, 0.18, 0.82, 0.180385
1, 0.183456, 0.18, 0.82, 0.183363
1, 0.180961, 0.18, 0.82, 0.18164
1, 0.180671, 0.18, 0.82, 0.179515
1, 0.17349, 0.18, 0.82, 0.176686
1, 0.175276, 0.18, 0.82, 0.176374
1, 0.174664, 0.18, 0.82, 0.175883
1, 0.180157, 0.18, 0.82, 0.181056
1, 0.184432, 0.18, 0.82, 0.181213
1, 0.174481, 0.18, 0.82, 0.17706
1, 0.185562, 0.18, 0.82, 0.181366
1, 0.180553, 0.18, 0.82, 0.180114
1, 0.176902, 0.18, 0.82, 0.179469
1, 0.186625, 0.18, 0.82, 0.185254
1, 0.176388, 0.18, 0.82, 0.17863
1, 0.185658, 0.18, 0.82, 0.185604
1, 0.181674, 0.18, 0.82, 0.180138
1, 0.192113, 0.19, 0.81, 0.193949
1, 0.193819, 0.19, 0.81, 0.190656
1, 0.189333, 0.19, 0.81, 0.18912
1, 0.19252, 0.19, 0.81, 0.190349
1, 0.194952, 0.19, 0.81, 0.193084
1, 0.18825, 0.19, 0.81, 0.18966
1, 0.187658, 0.19, 0.81, 0.188067
1, 0.185199, 0.19, 0.81, 0.188508
1, 0.188984, 0.19, 0.81, 0.186438
1, 0.183527, 0.19, 0.81, 0.183512
1, 0.191635, 0.19, 0.81, 0.189231
1, 0.198142, 0.19, 0.81, 0.196885
1, 0.188071, 0.19, 0.81, 0.189677
1, 0.187406, 0.19, 0.81, 0.185254
1, 0.188672, 0.19, 0.81, 0.186238
1, 0.192164, 0.19, 0.81, 0.190881
1, 0.19352, 0.19, 0.81, 0.193564
1, 0.191915, 0.19, 0.81, 0.1909
1, 0.196806, 0.19, 0.81, 0.19393
1, 0.1931, 0.19, 0.81, 0.189512
1, 0.196334, 0.19, 0.81, 0.189819
1, 0.19444, 0.19, 0.81, 0.191545
1, 0.188262, 0.19, 0.81, 0.190665
1, 0.193906, 0.19, 0.81, 0.191834
1, 0.188886, 0.19, 0.81, 0.193358
1, 0.199818, 0.2, 0.8, 0.199335
1, 0.201589, 0.2, 0.8, 0.198068
1, 0.190574, 0.2, 0.8, 0.195947
1, 0.198034, 0.2, 0.8, 0.200846
1, 0.198743, 0.2, 0.8, 0.201534
1, 0.202527, 0.2, 0.8, 0.199839
1, 0.200027, 0.2, 0.8, 0.197675
1, 0.208396, 0.2, 0.8, 0.197944
1, 0.202023, 0.2, 0.8, 0.202674
1, 0.205525, 0.2, 0.8, 0.202315
1, 0.192014, 0.2, 0.8, 0.197901
1, 0.196809, 0.2, 0.8, 0.198769
1, 0.201337, 0.2, 0.8, 0.199649
1, 0.199998, 0.2, 0.8, 0.200261
1, 0.200283, 0.2, 0.8, 0.199679
1, 0.199942, 0.2, 0.8, 0.200793
1, 0.199232, 0.2, 0.8, 0.198779
1, 0.201312, 0.2, 0.8, 0.201916
1, 0.20433, 0.2, 0.8, 0.202246
1, 0.204205, 0.2, 0.8, 0.19953
1, 0.201544, 0.2, 0.8, 0.202082
1, 0.199867, 0.2, 0.8, 0.198324
1, 0.194634, 0.2, 0.8, 0.198326
1, 0.202325, 0.2, 0.8, 0.19983
1, 0.193824, 0.2, 0.8, 0.194905
1, 0.214976, 0.21, 0.79, 0.210926
1, 0.205408, 0.21, 0.79, 0.20342
1, 0.209084, 0.21, 0.79, 0.207899
1, 0.204683, 0.21, 0.79, 0.20705
1, 0.20639, 0.21, 0.79, 0.207233
1, 0.210006, 0.21, 0.79, 0.212326
1, 0.205587, 0.21, 0.79, 0.203297
1, 0.20985, 0.21, 0.79, 0.213682
1, 0.206767, 0.21, 0.79, 0.211404
1, 0.209701, 0.21, 0.79, 0.212453
1, 0.20506, 0.21, 0.79, 0.207574
1, 0.210496, 0.21, 0.79, 0.205378
1, 0.210858, 0.21, 0.79, 0.208442
1, 0.21472, 0.21, 0.79, 0.216448
1, 0.209909, 0.21, 0.79, 0.210178
1, 0.205619, 0.21, 0.79, 0.209639
1, 0.204889, 0.21, 0.79, 0.208131
1, 0.213296, 0.21, 0.79, 0.208501
1, 0.208687, 0.21, 0.79, 0.213067
1, 0.209336, 0.21, 0.79, 0.208638
1, 0.213192, 0.21, 0.79, 0.212346
1, 0.211758, 0.21, 0.79, 0.21124
1, 0.213812, 0.21, 0.79, 0.210208
1, 0.205431, 0.21, 0.79, 0.202643
1, 0.207605, 0.21, 0.79, 0.208838
1, 0.218303, 0.22, 0.78, 0.217471
1, 0.217299, 0.22, 0.78, 0.223998
1, 0.216049, 0.22, 0.78, 0.218756
1, 0.226405, 0.22, 0.78, 0.223147
1, 0.220175, 0.22, 0.78, 0.219358
1, 0.216767, 0.22, 0.78, 0.221646
1, 0.219741, 0.22, 0.78, 0.216231
1, 0.219359, 0.22, 0.78, 0.217832
1, 0.225864, 0.22, 0.78, 0.225339
1, 0.221626, 0.22, 0.78, 0.218613
1, 0.21503, 0.22, 0.78, 0.217714
1, 0.221097, 0.22, 0.78, 0.219869
1, 0.219481, 0.22, 0.78, 0.218431
1, 0.226008, 0.22, 0.78, 0.224067
1, 0.221342, 0.22, 0.78, 0.219159
1, 0.215113, 0.22, 0.78, 0.216568
1, 0.224629, 0.22, 0.78, 0.223289
1, 0.218466, 0.22, 0.78, 0.219495
1, 0.207751, 0.22, 0.78, 0.213839
1, 0.219664, 0.22, 0.78, 0.222024
1, 0.221669, 0.22, 0.78, 0.220899
1, 0.215895, 0.22, 0.78, 0.214968
1, 0.226369, 0.22, 0.78, 0.220026
1, 0.224608, 0.22, 0.78, 0.223814
1, 0.219469, 0.22, 0.78, 0.220204
1, 0.223602, 0.23, 0.77, 0.22932
1, 0.226059, 0.23, 0.77, 0.225149
1, 0.228244, 0.23, 0.77, 0.224226
1, 0.231817, 0.23, 0.77, 0.230084
1, 0.22449, 0.23, 0.77, 0.227858
1, 0.232445, 0.23, 0.77, 0.233498
1, 0.232205, 0.23, 0.77, 0.232208
1, 0.225385, 0.23, 0.77, 0.22957
1, 0.224051, 0.23, 0.77, 0.226036
1, 0.226452, 0.23, 0.77, 0.230962
1, 0.222347, 0.23, 0.77, 0.225743
1, 0.232995, 0.23, 0.77, 0.2326
1, 0.23192, 0.23, 0.77, 0.22947
1, 0.23299, 0.23, 0.77, 0.228718
1, 0.228031, 0.23, 0.77, 0.228991
1, 0.231843, 0.23, 0.77, 0.232829
1, 0.229224, 0.23, 0.77, 0.227957
1, 0.227199, 0.23, 0.77, 0.229193
1, 0.23544, 0.23, 0.77, 0.232866
1, 0.22912, 0.23, 0.77, 0.231398
1, 0.226903, 0.23, 0.77, 0.232593
1, 0.237721, 0.23, 0.77, 0.233498
1, 0.229832, 0.23, 0.77, 0.229682
1, 0.238113, 0.23, 0.77, 0.236659
1, 0.231702, 0.23, 0.77, 0.233651
1, 0.237781, 0.24, 0.76, 0.238772
1, 0.238098, 0.24, 0.76, 0.237127
1, 0.240869, 0.24, 0.76, 0.23909
1, 0.237602, 0.24, 0.76, 0.237543
1, 0.238075, 0.24, 0.76, 0.240012
1, 0.243753, 0.24, 0.76, 0.24072
1, 0.240923, 0.24, 0.76, 0.242493
1, 0.244257, 0.24, 0.76, 0.241783
1, 0.233568, 0.24, 0.76, 0.23347
1, 0.247383, 0.24, 0.76, 0.243895
1, 0.246332, 0.24, 0.76, 0.244637
1, 0.237225, 0.24, 0.76, 0.237656
1, 0.243154, 0.24, 0.76, 0.244235
1, 0.235247, 0.24, 0.76, 0.242585
1, 0.239946, 0.24, 0.76, 0.240035
1, 0.240453, 0.24, 0.76, 0.242333
1, 0.25304, 0.24, 0.76, 0.247169
1, 0.246288, 0.24, 0.76, 0.242777
1, 0.243464, 0.24, 0.76, 0.241706
1, 0.236562, 0.24, 0.76, 0.238683
1, 0.239904, 0.24, 0.76, 0.242732
1, 0.241502, 0.24, 0.76, 0.237533
1, 0.236781, 0.24, 0.76, 0.235088
1, 0.243646, 0.24, 0.76, 0.23809
1, 0.250366, 0.24, 0.76, 0.247007
1, 0.254377, 0.25, 0.75, 0.251546
1, 0.24725, 0.25, 0.75, 0.248109
1, 0.25306, 0.25, 0.75, 0.25188
1, 0.253721, 0.25, 0.75, 0.25296
1, 0.252544, 0.25, 0.75, 0.248615
1, 0.252916, 0.25, 0.75, 0.248937
1, 0.255099, 0.25, 0.75, 0.258986
1, 0.242188, 0.25, 0.75, 0.241799
1, 0.249517, 0.25, 0.75, 0.248634
1, 0.245365, 0.25, 0.75, 0.249612
1, 0.255601, 0.25, 0.75, 0.255835
1, 0.243882, 0.25, 0.75, 0.25005
1, 0.257615, 0.25, 0.75, 0.254305
1, 0.255864, 0.25, 0.75, 0.256528
1, 0.246479, 0.25, 0.75, 0.245969
1, 0.250229, 0.25, 0.75, 0.251688
1, 0.254201, 0.25, 0.75, 0.250903
1, 0.254683, 0.25, 0.75, 0.250411
1, 0.253889, 0.25, 0.75, 0.249826
1, 0.247406, 0.25, 0.75, 0.246848
1, 0.241879, 0.25, 0.75, 0.247543
1, 0.254247, 0.25, 0.75, 0.252519
1, 0.252425, 0.25, 0.75, 0.247913
1, 0.245048, 0.25, 0.75, 0.248371
1, 0.253547, 0.25, 0.75, 0.251492
1, 0.259637, 0.26, 0.74, 0.257978
1, 0.261266, 0.26, 0.74, 0.260082
1, 0.263561, 0.26, 0.74, 0.264786
1, 0.265065, 0.26, 0.74, 0.26397
1, 0.25931, 0.26, 0.74, 0.259146
1, 0.256284, 0.26, 0.74, 0.258952
1, 0.261899, 0.26, 0.74, 0.26521
1, 0.255999, 0.26, 0.74, 0.256546
1, 0.250831, 0.26, 0.74, 0.252083
1, 0.250965, 0.26, 0.74, 0.256759
1, 0.261468, 0.26, 0.74, 0.26124
1, 0.253326, 0.26, 0.74, 0.257232
1, 0.262144, 0.26, 0.74, 0.25775
1, 0.265485, 0.26, 0.74, 0.263063
1, 0.258526, 0.26, 0.74, 0.257163
1, 0.258083, 0.26, 0.74, 0.258121
1, 0.260102, 0.26, 0.74, 0.258268
1, 0.26561, 0.26, 0.74, 0.263679
1, 0.251775, 0.26, 0.74, 0.256675
1, 0.261219, 0.26, 0.74, 0.264091
1, 0.258693, 0.26, 0.74, 0.259864
1, 0.259535, 0.26, 0.74, 0.263426
1, 0.258141, 0.26, 0.74, 0.260991
1, 0.257644, 0.26, 0.74, 0.258073
1, 0.259487, 0.26, 0.74, 0.257305
1, 0.267924, 0.27, 0.73, 0.267825
1, 0.261158, 0.27, 0.73, 0.268688
1, 0.265428, 0.27, 0.73, 0.270882
1, 0.268786, 0.27, 0.73, 0.27188
1, 0.267152, 0.27, 0.73, 0.268512
1, 0.265086, 0.27, 0.73, 0.269395
1, 0.270772, 0.27, 0.73, 0.273317
1, 0.2643, 0.27, 0.73, 0.263774
1, 0.268646, 0.27, 0.73, 0.268589
1, 0.269695, 0.27, 0.73, 0.268625
1, 0.269228, 0.27, 0.73, 0.269998
1, 0.264247, 0.27, 0.73, 0.269014
1, 0.271087, 0.27, 0.73, 0.268617
1, 0.265825, 0.27, 0.73, 0.266404
1, 0.266361, 0.27, 0.73, 0.269784
1, 0.268976, 0.27, 0.73, 0.271948
1, 0.272771, 0.27, 0.73, 0.271786
1, 0.27248, 0.27, 0.73, 0.269287
1, 0.265777, 0.27, 0.73, 0.269993
1, 0.266319, 0.27, 0.73, 0.268585
1, 0.274985, 0.27, 0.73, 0.269723
1, 0.268944, 0.27, 0.73, 0.271088
1, 0.263158, 0.27, 0.73, 0.266224
1, 0.269352, 0.27, 0.73, 0.270979
1, 0.277634, 0.27, 0.73, 0.274594
1, 0.285913, 0.28, 0.72, 0.286833
1, 0.274172, 0.28, 0.72, 0.278588
1, 0.279817, 0.28, 0.72, 0.275379
1, 0.279161, 0.28, 0.72, 0.280314
1, 0.284432, 0.28, 0.72, 0.280251
1, 0.286689, 0.28, 0.72, 0.283013
1, 0.278753, 0.28, 0.72, 0.278866
1, 0.275838, 0.28, 0.72, 0.276932
1, 0.286348, 0.28, 0.72, 0.281373
1, 0.279149, 0.28, 0.72, 0.279102
1, 0.28864, 0.28, 0.72, 0.283309
1, 0.273884, 0.28, 0.72, 0.275804
1, 0.286044, 0.28, 0.72, 0.283177
1, 0.282195, 0.28, 0.72, 0.285001
1, 0.285203, 0.28, 0.72, 0.278217
1, 0.28561, 0.28, 0.72, 0.281225
1, 0.285833, 0.28, 0.72, 0.282385
1, 0.282506, 0.28, 0.72, 0.284472
1, 0.278912, 0.28, 0.72, 0.275869
1, 0.275124, 0.28, 0.72, 0.274148
1, 0.276988, 0.28, 0.72, 0.277235
1, 0.285142, 0.28, 0.72, 0.278569
1, 0.270439, 0.28, 0.72, 0.279023
1, 0.285374, 0.28, 0.72, 0.28416
1, 0.289119, 0.28, 0.72, 0.284793
1, 0.284767, 0.29, 0.71, 0.283898
1, 0.290586, 0.29, 0.71, 0.291755
1, 0.284465, 0.29, 0.71, 0.286575
1, 0.291883, 0.29, 0.71, 0.29403
1, 0.281532, 0.29, 0.71, 0.285261
1, 0.28889, 0.29, 0.71, 0.287978
1, 0.288972, 0.29, 0.71, 0.291828
1, 0.287399, 0.29, 0.71, 0.283268
1, 0.295727, 0.29, 0.71, 0.294088
1, 0.292075, 0.29, 0.71, 0.288262
1, 0.293895, 0.29, 0.71, 0.29443
1, 0.287651, 0.29, 0.71, 0.287305
1, 0.287327, 0.29, 0.71, 0.284808
1, 0.290409, 0.29, 0.71, 0.290812
1, 0.294769, 0.29, 0.71, 0.293023
1, 0.294627, 0.29, 0.71, 0.294298
1, 0.292064, 0.29, 0.71, 0.294736
1, 0.285843, 0.29, 0.71, 0.285901
1, 0.286867, 0.29, 0.71, 0.290624
1, 0.295851, 0.29, 0.71, 0.290269
1, 0.289261, 0.29, 0.71, 0.290811
1, 0.293411, 0.29, 0.71, 0.290695
1, 0.285169, 0.29, 0.71, 0.289359
1, 0.287623, 0.29, 0.71, 0.291144
1, 0.292693, 0.29, 0.71, 0.29094
1, 0.299409, 0.3, 0.7, 0.300232
1, 0.3031, 0.3, 0.7, 0.297473
1, 0.302092, 0.3, 0.7, 0.301158
1, 0.306587, 0.3, 0.7, 0.301123
1, 0.297447, 0.3, 0.7, 0.298588
1, 0.293325, 0.3, 0.7, 0.295066
1, 0.296493, 0.3, 0.7, 0.298141
1, 0.299777, 0.3, 0.7, 0.299683
1, 0.297529, 0.3, 0.7, 0.293649
1, 0.30054, 0.3, 0.7, 0.303055
1, 0.29523, 0.3, 0.7, 0.296957
1, 0.294704, 0.3, 0.7, 0.299102
1, 0.306616, 0.3, 0.7, 0.303965
1, 0.294629, 0.3, 0.7, 0.295821
1, 0.293045, 0.3, 0.7, 0.293549
1, 0.29344, 0.3, 0.7, 0.296622
1, 0.297963, 0.3, 0.7, 0.300345
1, 0.29651, 0.3, 0.7, 0.300142
1, 0.296748, 0.3, 0.7, 0.297419
1, 0.298219, 0.3, 0.7, 0.298567
1, 0.298664, 0.3, 0.7, 0.300714
1, 0.292882, 0.3, 0.7, 0.292365
1, 0.302391, 0.3, 0.7, 0.300205
1, 0.298722, 0.3, 0.7, 0.298815
1, 0.305489, 0.3, 0.7, 0.308262
