# B5 Focused Dynamic Strategy Switching Simulation Results
# Schedule file: schedules/schedule_b5_honest_selfish_asymmetric_1000_3000.txt
# Gamma (connectivity) range: 0.8 - 1.0 in 0.05 increments
# Hash rate range: 0.15 - 0.3 (15% - 30%) in 0.01 increments
Gamma, Miner0_ProfitFraction, Miner0_HashRate, Miner1_HashRate, Miner0_BlockFraction
0.8, 0.150872, 0.15, 0.85, 0.149701
0.8, 0.158781, 0.15, 0.85, 0.154162
0.8, 0.153604, 0.15, 0.85, 0.15032
0.8, 0.154824, 0.15, 0.85, 0.151186
0.8, 0.146445, 0.15, 0.85, 0.150371
0.8, 0.154359, 0.15, 0.85, 0.15546
0.8, 0.145074, 0.15, 0.85, 0.149702
0.8, 0.152719, 0.15, 0.85, 0.151054
0.8, 0.150559, 0.15, 0.85, 0.150667
0.8, 0.146221, 0.15, 0.85, 0.149899
0.8, 0.150582, 0.15, 0.85, 0.150624
0.8, 0.145591, 0.15, 0.85, 0.146016
0.8, 0.146908, 0.15, 0.85, 0.149538
0.8, 0.155754, 0.15, 0.85, 0.151302
0.8, 0.154203, 0.15, 0.85, 0.149684
0.8, 0.149943, 0.15, 0.85, 0.151423
0.8, 0.143749, 0.15, 0.85, 0.143883
0.8, 0.156927, 0.15, 0.85, 0.155475
0.8, 0.154688, 0.15, 0.85, 0.153112
0.8, 0.150225, 0.15, 0.85, 0.149635
0.8, 0.153085, 0.15, 0.85, 0.154767
0.8, 0.155091, 0.15, 0.85, 0.150691
0.8, 0.152384, 0.15, 0.85, 0.152838
0.8, 0.147793, 0.15, 0.85, 0.148289
0.8, 0.147057, 0.15, 0.85, 0.149488
0.8, 0.161025, 0.16, 0.84, 0.156822
0.8, 0.154676, 0.16, 0.84, 0.158117
0.8, 0.157645, 0.16, 0.84, 0.159453
0.8, 0.157944, 0.16, 0.84, 0.160789
0.8, 0.160388, 0.16, 0.84, 0.159391
0.8, 0.155394, 0.16, 0.84, 0.15687
0.8, 0.161419, 0.16, 0.84, 0.16177
0.8, 0.160869, 0.16, 0.84, 0.156253
0.8, 0.169304, 0.16, 0.84, 0.16563
0.8, 0.158277, 0.16, 0.84, 0.158659
0.8, 0.1594, 0.16, 0.84, 0.159988
0.8, 0.156889, 0.16, 0.84, 0.155855
0.8, 0.165609, 0.16, 0.84, 0.161035
0.8, 0.159462, 0.16, 0.84, 0.161973
0.8, 0.159015, 0.16, 0.84, 0.159263
0.8, 0.157874, 0.16, 0.84, 0.161565
0.8, 0.164362, 0.16, 0.84, 0.160434
0.8, 0.158796, 0.16, 0.84, 0.163176
0.8, 0.161115, 0.16, 0.84, 0.16298
0.8, 0.159435, 0.16, 0.84, 0.162015
0.8, 0.161633, 0.16, 0.84, 0.160165
0.8, 0.157378, 0.16, 0.84, 0.157321
0.8, 0.160712, 0.16, 0.84, 0.160166
0.8, 0.161408, 0.16, 0.84, 0.159578
0.8, 0.16211, 0.16, 0.84, 0.164551
0.8, 0.173709, 0.17, 0.83, 0.170438
0.8, 0.172986, 0.17, 0.83, 0.172446
0.8, 0.17451, 0.17, 0.83, 0.171193
0.8, 0.171651, 0.17, 0.83, 0.17221
0.8, 0.174953, 0.17, 0.83, 0.174312
0.8, 0.175011, 0.17, 0.83, 0.173667
0.8, 0.169029, 0.17, 0.83, 0.170694
0.8, 0.176778, 0.17, 0.83, 0.174261
0.8, 0.169463, 0.17, 0.83, 0.167808
0.8, 0.171096, 0.17, 0.83, 0.172305
0.8, 0.170674, 0.17, 0.83, 0.171278
0.8, 0.164103, 0.17, 0.83, 0.169019
0.8, 0.175725, 0.17, 0.83, 0.171714
0.8, 0.170837, 0.17, 0.83, 0.169507
0.8, 0.175425, 0.17, 0.83, 0.171544
0.8, 0.17149, 0.17, 0.83, 0.172505
0.8, 0.171264, 0.17, 0.83, 0.171976
0.8, 0.166426, 0.17, 0.83, 0.169851
0.8, 0.169839, 0.17, 0.83, 0.172424
0.8, 0.171667, 0.17, 0.83, 0.169525
0.8, 0.173102, 0.17, 0.83, 0.17104
0.8, 0.174022, 0.17, 0.83, 0.17413
0.8, 0.173728, 0.17, 0.83, 0.172966
0.8, 0.171304, 0.17, 0.83, 0.171199
0.8, 0.174593, 0.17, 0.83, 0.174874
0.8, 0.179793, 0.18, 0.82, 0.185972
0.8, 0.188385, 0.18, 0.82, 0.189418
0.8, 0.180814, 0.18, 0.82, 0.182848
0.8, 0.180535, 0.18, 0.82, 0.181212
0.8, 0.1768, 0.18, 0.82, 0.176021
0.8, 0.187317, 0.18, 0.82, 0.188689
0.8, 0.181265, 0.18, 0.82, 0.183443
0.8, 0.181851, 0.18, 0.82, 0.179919
0.8, 0.186426, 0.18, 0.82, 0.184676
0.8, 0.178223, 0.18, 0.82, 0.179937
0.8, 0.186916, 0.18, 0.82, 0.180877
0.8, 0.183056, 0.18, 0.82, 0.182192
0.8, 0.186199, 0.18, 0.82, 0.183949
0.8, 0.18784, 0.18, 0.82, 0.18316
0.8, 0.183444, 0.18, 0.82, 0.182154
0.8, 0.17617, 0.18, 0.82, 0.177257
0.8, 0.180315, 0.18, 0.82, 0.182747
0.8, 0.174529, 0.18, 0.82, 0.178199
0.8, 0.184087, 0.18, 0.82, 0.179699
0.8, 0.182855, 0.18, 0.82, 0.181233
0.8, 0.184517, 0.18, 0.82, 0.178479
0.8, 0.190857, 0.18, 0.82, 0.187906
0.8, 0.183197, 0.18, 0.82, 0.181631
0.8, 0.184251, 0.18, 0.82, 0.182801
0.8, 0.183538, 0.18, 0.82, 0.181611
0.8, 0.191957, 0.19, 0.81, 0.193962
0.8, 0.187014, 0.19, 0.81, 0.192703
0.8, 0.192818, 0.19, 0.81, 0.193879
0.8, 0.191013, 0.19, 0.81, 0.191767
0.8, 0.198373, 0.19, 0.81, 0.194287
0.8, 0.191104, 0.19, 0.81, 0.190241
0.8, 0.189741, 0.19, 0.81, 0.189898
0.8, 0.186951, 0.19, 0.81, 0.189496
0.8, 0.19607, 0.19, 0.81, 0.193003
0.8, 0.192405, 0.19, 0.81, 0.193533
0.8, 0.193892, 0.19, 0.81, 0.193116
0.8, 0.186628, 0.19, 0.81, 0.187716
0.8, 0.193568, 0.19, 0.81, 0.187902
0.8, 0.190775, 0.19, 0.81, 0.190873
0.8, 0.182498, 0.19, 0.81, 0.1857
0.8, 0.194346, 0.19, 0.81, 0.19349
0.8, 0.194954, 0.19, 0.81, 0.198505
0.8, 0.190782, 0.19, 0.81, 0.191612
0.8, 0.199385, 0.19, 0.81, 0.195532
0.8, 0.186671, 0.19, 0.81, 0.19216
0.8, 0.199174, 0.19, 0.81, 0.198121
0.8, 0.192442, 0.19, 0.81, 0.19443
0.8, 0.19495, 0.19, 0.81, 0.1957
0.8, 0.191974, 0.19, 0.81, 0.195415
0.8, 0.190395, 0.19, 0.81, 0.19237
0.8, 0.201157, 0.2, 0.8, 0.201772
0.8, 0.201255, 0.2, 0.8, 0.197772
0.8, 0.205096, 0.2, 0.8, 0.206676
0.8, 0.200863, 0.2, 0.8, 0.200316
0.8, 0.200912, 0.2, 0.8, 0.202114
0.8, 0.207962, 0.2, 0.8, 0.203212
0.8, 0.198121, 0.2, 0.8, 0.200781
0.8, 0.207376, 0.2, 0.8, 0.203172
0.8, 0.196585, 0.2, 0.8, 0.197052
0.8, 0.200504, 0.2, 0.8, 0.202939
0.8, 0.202005, 0.2, 0.8, 0.203696
0.8, 0.20641, 0.2, 0.8, 0.203329
0.8, 0.206358, 0.2, 0.8, 0.206205
0.8, 0.202912, 0.2, 0.8, 0.207004
0.8, 0.199482, 0.2, 0.8, 0.199875
0.8, 0.21052, 0.2, 0.8, 0.209651
0.8, 0.198983, 0.2, 0.8, 0.200644
0.8, 0.201716, 0.2, 0.8, 0.201971
0.8, 0.212296, 0.2, 0.8, 0.209295
0.8, 0.20532, 0.2, 0.8, 0.206768
0.8, 0.20158, 0.2, 0.8, 0.204791
0.8, 0.203124, 0.2, 0.8, 0.204831
0.8, 0.201911, 0.2, 0.8, 0.20178
0.8, 0.209373, 0.2, 0.8, 0.211243
0.8, 0.20249, 0.2, 0.8, 0.20442
0.8, 0.215848, 0.21, 0.79, 0.215867
0.8, 0.215222, 0.21, 0.79, 0.217234
0.8, 0.201332, 0.21, 0.79, 0.203807
0.8, 0.213628, 0.21, 0.79, 0.214673
0.8, 0.214156, 0.21, 0.79, 0.214331
0.8, 0.212376, 0.21, 0.79, 0.209735
0.8, 0.22206, 0.21, 0.79, 0.217621
0.8, 0.217399, 0.21, 0.79, 0.212615
0.8, 0.213171, 0.21, 0.79, 0.214048
0.8, 0.206464, 0.21, 0.79, 0.209262
0.8, 0.211411, 0.21, 0.79, 0.213991
0.8, 0.2209, 0.21, 0.79, 0.217494
0.8, 0.213556, 0.21, 0.79, 0.210911
0.8, 0.217624, 0.21, 0.79, 0.214476
0.8, 0.211669, 0.21, 0.79, 0.215519
0.8, 0.214396, 0.21, 0.79, 0.21797
0.8, 0.214953, 0.21, 0.79, 0.214113
0.8, 0.21435, 0.21, 0.79, 0.211639
0.8, 0.219234, 0.21, 0.79, 0.215414
0.8, 0.219711, 0.21, 0.79, 0.213406
0.8, 0.214872, 0.21, 0.79, 0.214301
0.8, 0.219948, 0.21, 0.79, 0.218663
0.8, 0.219451, 0.21, 0.79, 0.220495
0.8, 0.220676, 0.21, 0.79, 0.216931
0.8, 0.2149, 0.21, 0.79, 0.21887
0.8, 0.225042, 0.22, 0.78, 0.224663
0.8, 0.227346, 0.22, 0.78, 0.22584
0.8, 0.22852, 0.22, 0.78, 0.229197
0.8, 0.226632, 0.22, 0.78, 0.222222
0.8, 0.22422, 0.22, 0.78, 0.225699
0.8, 0.22348, 0.22, 0.78, 0.223465
0.8, 0.223449, 0.22, 0.78, 0.226287
0.8, 0.230871, 0.22, 0.78, 0.227609
0.8, 0.216886, 0.22, 0.78, 0.221979
0.8, 0.220146, 0.22, 0.78, 0.221286
0.8, 0.224162, 0.22, 0.78, 0.223534
0.8, 0.231811, 0.22, 0.78, 0.229281
0.8, 0.229025, 0.22, 0.78, 0.23052
0.8, 0.227436, 0.22, 0.78, 0.222946
0.8, 0.215203, 0.22, 0.78, 0.220756
0.8, 0.228554, 0.22, 0.78, 0.228349
0.8, 0.229201, 0.22, 0.78, 0.223766
0.8, 0.226245, 0.22, 0.78, 0.227498
0.8, 0.220015, 0.22, 0.78, 0.221718
0.8, 0.224564, 0.22, 0.78, 0.227933
0.8, 0.222413, 0.22, 0.78, 0.221038
0.8, 0.223274, 0.22, 0.78, 0.2238
0.8, 0.230449, 0.22, 0.78, 0.22727
0.8, 0.233756, 0.22, 0.78, 0.229909
0.8, 0.23011, 0.22, 0.78, 0.224676
0.8, 0.247151, 0.23, 0.77, 0.238439
0.8, 0.231348, 0.23, 0.77, 0.231152
0.8, 0.232036, 0.23, 0.77, 0.235658
0.8, 0.231006, 0.23, 0.77, 0.233937
0.8, 0.235281, 0.23, 0.77, 0.23432
0.8, 0.242209, 0.23, 0.77, 0.242415
0.8, 0.234145, 0.23, 0.77, 0.232614
0.8, 0.233782, 0.23, 0.77, 0.233083
0.8, 0.236307, 0.23, 0.77, 0.235518
0.8, 0.235999, 0.23, 0.77, 0.238045
0.8, 0.227461, 0.23, 0.77, 0.229267
0.8, 0.246289, 0.23, 0.77, 0.244498
0.8, 0.247165, 0.23, 0.77, 0.242986
0.8, 0.238848, 0.23, 0.77, 0.238775
0.8, 0.238657, 0.23, 0.77, 0.238252
0.8, 0.242542, 0.23, 0.77, 0.239885
0.8, 0.230212, 0.23, 0.77, 0.230547
0.8, 0.239808, 0.23, 0.77, 0.239964
0.8, 0.23967, 0.23, 0.77, 0.236461
0.8, 0.240734, 0.23, 0.77, 0.238284
0.8, 0.235082, 0.23, 0.77, 0.233123
0.8, 0.243135, 0.23, 0.77, 0.244359
0.8, 0.230593, 0.23, 0.77, 0.233523
0.8, 0.227069, 0.23, 0.77, 0.22934
0.8, 0.232785, 0.23, 0.77, 0.234289
0.8, 0.249102, 0.24, 0.76, 0.249559
0.8, 0.254488, 0.24, 0.76, 0.249697
0.8, 0.248816, 0.24, 0.76, 0.250093
0.8, 0.247259, 0.24, 0.76, 0.244604
0.8, 0.244253, 0.24, 0.76, 0.24268
0.8, 0.243064, 0.24, 0.76, 0.246229
0.8, 0.247943, 0.24, 0.76, 0.247677
0.8, 0.25051, 0.24, 0.76, 0.251701
0.8, 0.248465, 0.24, 0.76, 0.246008
0.8, 0.245265, 0.24, 0.76, 0.249655
0.8, 0.25365, 0.24, 0.76, 0.249542
0.8, 0.240978, 0.24, 0.76, 0.24662
0.8, 0.251001, 0.24, 0.76, 0.247139
0.8, 0.254371, 0.24, 0.76, 0.251813
0.8, 0.251177, 0.24, 0.76, 0.244853
0.8, 0.247998, 0.24, 0.76, 0.249398
0.8, 0.248667, 0.24, 0.76, 0.25
0.8, 0.247931, 0.24, 0.76, 0.243344
0.8, 0.247895, 0.24, 0.76, 0.249895
0.8, 0.250327, 0.24, 0.76, 0.246676
0.8, 0.24943, 0.24, 0.76, 0.245532
0.8, 0.25208, 0.24, 0.76, 0.246615
0.8, 0.243711, 0.24, 0.76, 0.243169
0.8, 0.245076, 0.24, 0.76, 0.247456
0.8, 0.249277, 0.24, 0.76, 0.246083
0.8, 0.256331, 0.25, 0.75, 0.258264
0.8, 0.264973, 0.25, 0.75, 0.258786
0.8, 0.253256, 0.25, 0.75, 0.253992
0.8, 0.249859, 0.25, 0.75, 0.255347
0.8, 0.2517, 0.25, 0.75, 0.260426
0.8, 0.260271, 0.25, 0.75, 0.257596
0.8, 0.266975, 0.25, 0.75, 0.26358
0.8, 0.254984, 0.25, 0.75, 0.256961
0.8, 0.254628, 0.25, 0.75, 0.255534
0.8, 0.26142, 0.25, 0.75, 0.257279
0.8, 0.262024, 0.25, 0.75, 0.259216
0.8, 0.260523, 0.25, 0.75, 0.257069
0.8, 0.260393, 0.25, 0.75, 0.261684
0.8, 0.262145, 0.25, 0.75, 0.259722
0.8, 0.261763, 0.25, 0.75, 0.253753
0.8, 0.259668, 0.25, 0.75, 0.257423
0.8, 0.265273, 0.25, 0.75, 0.260627
0.8, 0.246766, 0.25, 0.75, 0.250606
0.8, 0.274958, 0.25, 0.75, 0.264875
0.8, 0.257114, 0.25, 0.75, 0.254895
0.8, 0.264414, 0.25, 0.75, 0.262646
0.8, 0.264884, 0.25, 0.75, 0.267791
0.8, 0.262084, 0.25, 0.75, 0.259833
0.8, 0.264115, 0.25, 0.75, 0.260742
0.8, 0.254382, 0.25, 0.75, 0.253532
0.8, 0.268321, 0.26, 0.74, 0.269716
0.8, 0.266309, 0.26, 0.74, 0.26868
0.8, 0.279883, 0.26, 0.74, 0.275722
0.8, 0.270775, 0.26, 0.74, 0.272708
0.8, 0.26837, 0.26, 0.74, 0.272631
0.8, 0.270292, 0.26, 0.74, 0.270365
0.8, 0.277427, 0.26, 0.74, 0.272501
0.8, 0.27179, 0.26, 0.74, 0.271358
0.8, 0.27612, 0.26, 0.74, 0.272899
0.8, 0.275008, 0.26, 0.74, 0.272406
0.8, 0.267033, 0.26, 0.74, 0.268882
0.8, 0.271715, 0.26, 0.74, 0.269475
0.8, 0.274663, 0.26, 0.74, 0.27127
0.8, 0.267668, 0.26, 0.74, 0.268104
0.8, 0.271339, 0.26, 0.74, 0.265114
0.8, 0.2767, 0.26, 0.74, 0.270384
0.8, 0.274266, 0.26, 0.74, 0.273418
0.8, 0.272891, 0.26, 0.74, 0.268754
0.8, 0.263864, 0.26, 0.74, 0.263183
0.8, 0.264761, 0.26, 0.74, 0.266688
0.8, 0.265726, 0.26, 0.74, 0.266974
0.8, 0.272027, 0.26, 0.74, 0.274235
0.8, 0.260866, 0.26, 0.74, 0.260757
0.8, 0.26774, 0.26, 0.74, 0.265767
0.8, 0.265742, 0.26, 0.74, 0.270583
0.8, 0.281107, 0.27, 0.73, 0.277388
0.8, 0.285095, 0.27, 0.73, 0.285942
0.8, 0.29019, 0.27, 0.73, 0.289398
0.8, 0.27722, 0.27, 0.73, 0.278753
0.8, 0.284747, 0.27, 0.73, 0.283033
0.8, 0.282072, 0.27, 0.73, 0.282918
0.8, 0.278942, 0.27, 0.73, 0.279595
0.8, 0.272423, 0.27, 0.73, 0.276725
0.8, 0.27944, 0.27, 0.73, 0.282736
0.8, 0.277868, 0.27, 0.73, 0.281895
0.8, 0.274064, 0.27, 0.73, 0.279735
0.8, 0.282855, 0.27, 0.73, 0.286954
0.8, 0.28005, 0.27, 0.73, 0.282864
0.8, 0.285033, 0.27, 0.73, 0.279931
0.8, 0.279945, 0.27, 0.73, 0.284009
0.8, 0.288029, 0.27, 0.73, 0.287917
0.8, 0.277389, 0.27, 0.73, 0.277307
0.8, 0.28185, 0.27, 0.73, 0.283314
0.8, 0.281539, 0.27, 0.73, 0.276979
0.8, 0.284887, 0.27, 0.73, 0.280555
0.8, 0.284282, 0.27, 0.73, 0.27911
0.8, 0.291133, 0.27, 0.73, 0.286951
0.8, 0.282044, 0.27, 0.73, 0.287595
0.8, 0.278663, 0.27, 0.73, 0.281364
0.8, 0.282543, 0.27, 0.73, 0.27876
0.8, 0.292463, 0.28, 0.72, 0.290071
0.8, 0.298489, 0.28, 0.72, 0.297901
0.8, 0.295384, 0.28, 0.72, 0.294083
0.8, 0.289147, 0.28, 0.72, 0.292833
0.8, 0.288789, 0.28, 0.72, 0.289929
0.8, 0.291513, 0.28, 0.72, 0.290088
0.8, 0.299867, 0.28, 0.72, 0.295981
0.8, 0.292435, 0.28, 0.72, 0.291089
0.8, 0.301158, 0.28, 0.72, 0.29707
0.8, 0.292818, 0.28, 0.72, 0.288582
0.8, 0.300933, 0.28, 0.72, 0.29842
0.8, 0.293412, 0.28, 0.72, 0.290406
0.8, 0.299191, 0.28, 0.72, 0.295655
0.8, 0.288723, 0.28, 0.72, 0.290184
0.8, 0.297279, 0.28, 0.72, 0.295869
0.8, 0.292235, 0.28, 0.72, 0.29419
0.8, 0.302011, 0.28, 0.72, 0.297408
0.8, 0.294641, 0.28, 0.72, 0.291742
0.8, 0.292561, 0.28, 0.72, 0.296968
0.8, 0.300354, 0.28, 0.72, 0.29707
0.8, 0.300575, 0.28, 0.72, 0.298563
0.8, 0.297749, 0.28, 0.72, 0.292433
0.8, 0.297483, 0.28, 0.72, 0.296978
0.8, 0.300652, 0.28, 0.72, 0.298452
0.8, 0.296868, 0.28, 0.72, 0.291282
0.8, 0.308577, 0.29, 0.71, 0.30685
0.8, 0.305249, 0.29, 0.71, 0.302292
0.8, 0.302552, 0.29, 0.71, 0.29762
0.8, 0.303401, 0.29, 0.71, 0.303297
0.8, 0.303872, 0.29, 0.71, 0.30277
0.8, 0.301337, 0.29, 0.71, 0.299386
0.8, 0.315079, 0.29, 0.71, 0.305095
0.8, 0.298363, 0.29, 0.71, 0.301589
0.8, 0.301096, 0.29, 0.71, 0.304964
0.8, 0.293585, 0.29, 0.71, 0.294588
0.8, 0.308153, 0.29, 0.71, 0.309083
0.8, 0.308691, 0.29, 0.71, 0.302067
0.8, 0.305481, 0.29, 0.71, 0.301776
0.8, 0.308329, 0.29, 0.71, 0.305162
0.8, 0.297262, 0.29, 0.71, 0.292181
0.8, 0.300648, 0.29, 0.71, 0.305423
0.8, 0.314864, 0.29, 0.71, 0.304537
0.8, 0.305408, 0.29, 0.71, 0.306292
0.8, 0.306443, 0.29, 0.71, 0.304888
0.8, 0.304256, 0.29, 0.71, 0.301002
0.8, 0.30157, 0.29, 0.71, 0.303306
0.8, 0.301408, 0.29, 0.71, 0.299608
0.8, 0.305415, 0.29, 0.71, 0.30209
0.8, 0.301329, 0.29, 0.71, 0.300902
0.8, 0.308221, 0.29, 0.71, 0.304396
0.8, 0.320244, 0.3, 0.7, 0.31734
0.8, 0.32185, 0.3, 0.7, 0.316247
0.8, 0.320572, 0.3, 0.7, 0.317133
0.8, 0.312829, 0.3, 0.7, 0.310445
0.8, 0.320514, 0.3, 0.7, 0.321776
0.8, 0.314504, 0.3, 0.7, 0.309975
0.8, 0.317797, 0.3, 0.7, 0.314759
0.8, 0.315884, 0.3, 0.7, 0.317112
0.8, 0.314414, 0.3, 0.7, 0.31573
0.8, 0.324471, 0.3, 0.7, 0.313609
0.8, 0.319806, 0.3, 0.7, 0.321421
0.8, 0.318067, 0.3, 0.7, 0.313262
0.8, 0.321517, 0.3, 0.7, 0.314851
0.8, 0.313358, 0.3, 0.7, 0.314378
0.8, 0.312462, 0.3, 0.7, 0.309029
0.8, 0.317088, 0.3, 0.7, 0.31954
0.8, 0.311809, 0.3, 0.7, 0.310604
0.8, 0.313939, 0.3, 0.7, 0.317141
0.8, 0.324732, 0.3, 0.7, 0.319356
0.8, 0.315287, 0.3, 0.7, 0.308722
0.8, 0.317198, 0.3, 0.7, 0.317129
0.8, 0.324687, 0.3, 0.7, 0.319079
0.8, 0.323927, 0.3, 0.7, 0.321417
0.8, 0.315614, 0.3, 0.7, 0.31628
0.8, 0.314778, 0.3, 0.7, 0.315057
0.85, 0.146708, 0.15, 0.85, 0.150672
0.85, 0.154589, 0.15, 0.85, 0.152958
0.85, 0.157525, 0.15, 0.85, 0.151789
0.85, 0.15612, 0.15, 0.85, 0.151901
0.85, 0.14775, 0.15, 0.85, 0.149009
0.85, 0.15181, 0.15, 0.85, 0.149074
0.85, 0.158767, 0.15, 0.85, 0.153989
0.85, 0.146979, 0.15, 0.85, 0.149078
0.85, 0.14942, 0.15, 0.85, 0.148478
0.85, 0.154131, 0.15, 0.85, 0.154835
0.85, 0.155068, 0.15, 0.85, 0.155648
0.85, 0.158048, 0.15, 0.85, 0.153382
0.85, 0.151861, 0.15, 0.85, 0.151172
0.85, 0.152973, 0.15, 0.85, 0.151379
0.85, 0.153053, 0.15, 0.85, 0.151654
0.85, 0.151828, 0.15, 0.85, 0.152489
0.85, 0.15136, 0.15, 0.85, 0.15234
0.85, 0.155728, 0.15, 0.85, 0.153802
0.85, 0.156703, 0.15, 0.85, 0.155869
0.85, 0.155522, 0.15, 0.85, 0.154515
0.85, 0.14713, 0.15, 0.85, 0.149558
0.85, 0.153624, 0.15, 0.85, 0.155476
0.85, 0.149173, 0.15, 0.85, 0.149992
0.85, 0.148779, 0.15, 0.85, 0.14697
0.85, 0.15352, 0.15, 0.85, 0.151222
0.85, 0.151089, 0.16, 0.84, 0.15748
0.85, 0.166019, 0.16, 0.84, 0.165435
0.85, 0.158692, 0.16, 0.84, 0.164222
0.85, 0.15254, 0.16, 0.84, 0.156656
0.85, 0.15938, 0.16, 0.84, 0.159612
0.85, 0.155402, 0.16, 0.84, 0.159462
0.85, 0.153139, 0.16, 0.84, 0.156653
0.85, 0.153815, 0.16, 0.84, 0.156284
0.85, 0.163647, 0.16, 0.84, 0.16135
0.85, 0.161783, 0.16, 0.84, 0.162006
0.85, 0.161866, 0.16, 0.84, 0.161392
0.85, 0.165026, 0.16, 0.84, 0.16278
0.85, 0.160902, 0.16, 0.84, 0.163376
0.85, 0.168534, 0.16, 0.84, 0.167409
0.85, 0.160306, 0.16, 0.84, 0.158822
0.85, 0.166183, 0.16, 0.84, 0.162655
0.85, 0.15954, 0.16, 0.84, 0.159467
0.85, 0.165271, 0.16, 0.84, 0.160393
0.85, 0.163978, 0.16, 0.84, 0.162087
0.85, 0.161764, 0.16, 0.84, 0.159825
0.85, 0.16408, 0.16, 0.84, 0.163048
0.85, 0.163914, 0.16, 0.84, 0.161563
0.85, 0.161919, 0.16, 0.84, 0.164729
0.85, 0.164995, 0.16, 0.84, 0.161933
0.85, 0.163151, 0.16, 0.84, 0.166744
0.85, 0.1746, 0.17, 0.83, 0.174524
0.85, 0.17295, 0.17, 0.83, 0.168765
0.85, 0.17072, 0.17, 0.83, 0.170301
0.85, 0.17169, 0.17, 0.83, 0.172256
0.85, 0.178678, 0.17, 0.83, 0.176649
0.85, 0.174273, 0.17, 0.83, 0.173351
0.85, 0.17143, 0.17, 0.83, 0.173014
0.85, 0.171174, 0.17, 0.83, 0.172552
0.85, 0.172423, 0.17, 0.83, 0.171499
0.85, 0.177662, 0.17, 0.83, 0.17389
0.85, 0.177379, 0.17, 0.83, 0.173112
0.85, 0.1689, 0.17, 0.83, 0.173367
0.85, 0.174727, 0.17, 0.83, 0.174711
0.85, 0.168562, 0.17, 0.83, 0.17034
0.85, 0.168612, 0.17, 0.83, 0.171101
0.85, 0.175859, 0.17, 0.83, 0.175513
0.85, 0.175304, 0.17, 0.83, 0.176489
0.85, 0.167461, 0.17, 0.83, 0.170831
0.85, 0.173286, 0.17, 0.83, 0.17402
0.85, 0.176813, 0.17, 0.83, 0.173715
0.85, 0.179211, 0.17, 0.83, 0.178462
0.85, 0.176958, 0.17, 0.83, 0.176545
0.85, 0.166198, 0.17, 0.83, 0.16808
0.85, 0.169485, 0.17, 0.83, 0.173634
0.85, 0.170416, 0.17, 0.83, 0.172142
0.85, 0.184326, 0.18, 0.82, 0.183714
0.85, 0.185449, 0.18, 0.82, 0.185216
0.85, 0.181406, 0.18, 0.82, 0.184132
0.85, 0.180048, 0.18, 0.82, 0.17914
0.85, 0.186436, 0.18, 0.82, 0.185743
0.85, 0.185116, 0.18, 0.82, 0.181494
0.85, 0.175366, 0.18, 0.82, 0.17741
0.85, 0.184482, 0.18, 0.82, 0.182025
0.85, 0.185061, 0.18, 0.82, 0.184938
0.85, 0.186989, 0.18, 0.82, 0.182267
0.85, 0.184764, 0.18, 0.82, 0.185942
0.85, 0.178978, 0.18, 0.82, 0.177861
0.85, 0.18051, 0.18, 0.82, 0.181809
0.85, 0.187779, 0.18, 0.82, 0.184323
0.85, 0.18455, 0.18, 0.82, 0.183118
0.85, 0.181103, 0.18, 0.82, 0.179711
0.85, 0.186499, 0.18, 0.82, 0.183192
0.85, 0.180305, 0.18, 0.82, 0.180698
0.85, 0.188273, 0.18, 0.82, 0.185239
0.85, 0.185856, 0.18, 0.82, 0.180138
0.85, 0.189958, 0.18, 0.82, 0.184974
0.85, 0.181713, 0.18, 0.82, 0.18432
0.85, 0.179528, 0.18, 0.82, 0.183936
0.85, 0.180712, 0.18, 0.82, 0.183599
0.85, 0.184213, 0.18, 0.82, 0.185146
0.85, 0.194385, 0.19, 0.81, 0.196403
0.85, 0.204457, 0.19, 0.81, 0.197395
0.85, 0.19378, 0.19, 0.81, 0.195873
0.85, 0.193804, 0.19, 0.81, 0.195463
0.85, 0.202364, 0.19, 0.81, 0.19486
0.85, 0.188462, 0.19, 0.81, 0.189315
0.85, 0.198237, 0.19, 0.81, 0.198056
0.85, 0.186289, 0.19, 0.81, 0.187141
0.85, 0.199475, 0.19, 0.81, 0.192699
0.85, 0.203018, 0.19, 0.81, 0.201491
0.85, 0.195626, 0.19, 0.81, 0.195165
0.85, 0.192405, 0.19, 0.81, 0.192617
0.85, 0.193686, 0.19, 0.81, 0.192471
0.85, 0.187643, 0.19, 0.81, 0.189554
0.85, 0.190946, 0.19, 0.81, 0.193039
0.85, 0.188375, 0.19, 0.81, 0.192377
0.85, 0.190234, 0.19, 0.81, 0.193795
0.85, 0.194303, 0.19, 0.81, 0.197745
0.85, 0.188917, 0.19, 0.81, 0.1916
0.85, 0.199655, 0.19, 0.81, 0.196979
0.85, 0.196688, 0.19, 0.81, 0.193334
0.85, 0.192216, 0.19, 0.81, 0.192551
0.85, 0.194139, 0.19, 0.81, 0.194473
0.85, 0.193725, 0.19, 0.81, 0.189937
0.85, 0.197719, 0.19, 0.81, 0.198135
0.85, 0.20632, 0.2, 0.8, 0.201835
0.85, 0.210602, 0.2, 0.8, 0.20769
0.85, 0.202282, 0.2, 0.8, 0.206079
0.85, 0.207039, 0.2, 0.8, 0.205048
0.85, 0.207979, 0.2, 0.8, 0.204091
0.85, 0.199742, 0.2, 0.8, 0.203489
0.85, 0.197563, 0.2, 0.8, 0.199425
0.85, 0.201729, 0.2, 0.8, 0.200677
0.85, 0.200562, 0.2, 0.8, 0.201036
0.85, 0.202602, 0.2, 0.8, 0.203353
0.85, 0.209528, 0.2, 0.8, 0.206735
0.85, 0.206302, 0.2, 0.8, 0.201265
0.85, 0.202152, 0.2, 0.8, 0.200768
0.85, 0.194119, 0.2, 0.8, 0.199006
0.85, 0.20145, 0.2, 0.8, 0.203204
0.85, 0.192557, 0.2, 0.8, 0.197535
0.85, 0.211844, 0.2, 0.8, 0.20641
0.85, 0.205831, 0.2, 0.8, 0.204426
0.85, 0.205148, 0.2, 0.8, 0.205131
0.85, 0.211154, 0.2, 0.8, 0.210799
0.85, 0.200682, 0.2, 0.8, 0.206106
0.85, 0.20665, 0.2, 0.8, 0.205479
0.85, 0.207888, 0.2, 0.8, 0.207552
0.85, 0.207924, 0.2, 0.8, 0.206385
0.85, 0.207767, 0.2, 0.8, 0.206767
0.85, 0.216499, 0.21, 0.79, 0.216985
0.85, 0.221215, 0.21, 0.79, 0.219236
0.85, 0.223603, 0.21, 0.79, 0.219697
0.85, 0.220912, 0.21, 0.79, 0.222344
0.85, 0.220857, 0.21, 0.79, 0.21634
0.85, 0.217887, 0.21, 0.79, 0.2146
0.85, 0.205778, 0.21, 0.79, 0.210499
0.85, 0.213054, 0.21, 0.79, 0.216163
0.85, 0.214503, 0.21, 0.79, 0.215284
0.85, 0.220666, 0.21, 0.79, 0.216564
0.85, 0.213732, 0.21, 0.79, 0.212894
0.85, 0.216735, 0.21, 0.79, 0.216209
0.85, 0.205644, 0.21, 0.79, 0.207726
0.85, 0.216639, 0.21, 0.79, 0.213933
0.85, 0.216179, 0.21, 0.79, 0.218719
0.85, 0.222155, 0.21, 0.79, 0.222905
0.85, 0.217558, 0.21, 0.79, 0.214203
0.85, 0.219132, 0.21, 0.79, 0.220045
0.85, 0.213052, 0.21, 0.79, 0.216266
0.85, 0.217693, 0.21, 0.79, 0.215631
0.85, 0.221873, 0.21, 0.79, 0.218687
0.85, 0.21833, 0.21, 0.79, 0.218339
0.85, 0.218804, 0.21, 0.79, 0.215059
0.85, 0.21266, 0.21, 0.79, 0.215868
0.85, 0.216727, 0.21, 0.79, 0.21647
0.85, 0.228198, 0.22, 0.78, 0.224069
0.85, 0.230785, 0.22, 0.78, 0.226975
0.85, 0.223884, 0.22, 0.78, 0.223983
0.85, 0.229705, 0.22, 0.78, 0.228871
0.85, 0.224116, 0.22, 0.78, 0.222444
0.85, 0.229629, 0.22, 0.78, 0.224853
0.85, 0.226073, 0.22, 0.78, 0.225262
0.85, 0.223713, 0.22, 0.78, 0.225571
0.85, 0.227242, 0.22, 0.78, 0.22406
0.85, 0.227436, 0.22, 0.78, 0.234163
0.85, 0.230423, 0.22, 0.78, 0.228281
0.85, 0.227576, 0.22, 0.78, 0.230441
0.85, 0.229735, 0.22, 0.78, 0.229837
0.85, 0.228037, 0.22, 0.78, 0.226736
0.85, 0.233656, 0.22, 0.78, 0.226231
0.85, 0.235078, 0.22, 0.78, 0.230911
0.85, 0.229828, 0.22, 0.78, 0.235787
0.85, 0.226646, 0.22, 0.78, 0.225997
0.85, 0.230038, 0.22, 0.78, 0.22742
0.85, 0.228496, 0.22, 0.78, 0.226335
0.85, 0.225378, 0.22, 0.78, 0.224506
0.85, 0.224112, 0.22, 0.78, 0.222775
0.85, 0.220887, 0.22, 0.78, 0.227315
0.85, 0.231838, 0.22, 0.78, 0.232933
0.85, 0.228236, 0.22, 0.78, 0.228279
0.85, 0.23416, 0.23, 0.77, 0.236589
0.85, 0.238864, 0.23, 0.77, 0.237754
0.85, 0.23141, 0.23, 0.77, 0.23141
0.85, 0.236663, 0.23, 0.77, 0.232359
0.85, 0.224938, 0.23, 0.77, 0.23391
0.85, 0.24086, 0.23, 0.77, 0.24247
0.85, 0.240272, 0.23, 0.77, 0.239854
0.85, 0.239563, 0.23, 0.77, 0.24034
0.85, 0.229515, 0.23, 0.77, 0.23177
0.85, 0.24319, 0.23, 0.77, 0.238396
0.85, 0.241558, 0.23, 0.77, 0.240019
0.85, 0.241484, 0.23, 0.77, 0.240093
0.85, 0.242097, 0.23, 0.77, 0.238911
0.85, 0.244781, 0.23, 0.77, 0.245026
0.85, 0.244143, 0.23, 0.77, 0.24473
0.85, 0.232111, 0.23, 0.77, 0.23414
0.85, 0.241278, 0.23, 0.77, 0.237185
0.85, 0.245094, 0.23, 0.77, 0.24051
0.85, 0.230079, 0.23, 0.77, 0.233049
0.85, 0.234165, 0.23, 0.77, 0.236606
0.85, 0.233882, 0.23, 0.77, 0.231837
0.85, 0.234852, 0.23, 0.77, 0.236617
0.85, 0.238544, 0.23, 0.77, 0.239943
0.85, 0.234896, 0.23, 0.77, 0.238332
0.85, 0.23173, 0.23, 0.77, 0.230652
0.85, 0.242878, 0.24, 0.76, 0.245781
0.85, 0.245072, 0.24, 0.76, 0.243905
0.85, 0.240475, 0.24, 0.76, 0.245076
0.85, 0.239601, 0.24, 0.76, 0.246496
0.85, 0.251728, 0.24, 0.76, 0.251595
0.85, 0.253348, 0.24, 0.76, 0.249647
0.85, 0.25147, 0.24, 0.76, 0.253041
0.85, 0.246177, 0.24, 0.76, 0.24683
0.85, 0.2528, 0.24, 0.76, 0.250225
0.85, 0.249719, 0.24, 0.76, 0.247498
0.85, 0.245336, 0.24, 0.76, 0.247323
0.85, 0.245024, 0.24, 0.76, 0.245364
0.85, 0.259593, 0.24, 0.76, 0.257472
0.85, 0.259094, 0.24, 0.76, 0.254799
0.85, 0.253028, 0.24, 0.76, 0.253893
0.85, 0.253754, 0.24, 0.76, 0.25016
0.85, 0.253934, 0.24, 0.76, 0.25255
0.85, 0.255343, 0.24, 0.76, 0.255121
0.85, 0.254584, 0.24, 0.76, 0.254452
0.85, 0.250905, 0.24, 0.76, 0.24805
0.85, 0.257669, 0.24, 0.76, 0.252218
0.85, 0.248262, 0.24, 0.76, 0.247975
0.85, 0.242482, 0.24, 0.76, 0.245515
0.85, 0.253049, 0.24, 0.76, 0.247869
0.85, 0.256027, 0.24, 0.76, 0.250985
0.85, 0.263164, 0.25, 0.75, 0.262438
0.85, 0.260726, 0.25, 0.75, 0.260554
0.85, 0.261483, 0.25, 0.75, 0.260486
0.85, 0.256721, 0.25, 0.75, 0.260006
0.85, 0.261256, 0.25, 0.75, 0.260796
0.85, 0.265063, 0.25, 0.75, 0.266039
0.85, 0.259684, 0.25, 0.75, 0.258066
0.85, 0.256105, 0.25, 0.75, 0.251495
0.85, 0.256738, 0.25, 0.75, 0.26156
0.85, 0.252614, 0.25, 0.75, 0.253411
0.85, 0.268821, 0.25, 0.75, 0.262403
0.85, 0.266118, 0.25, 0.75, 0.266635
0.85, 0.256351, 0.25, 0.75, 0.259023
0.85, 0.268626, 0.25, 0.75, 0.262082
0.85, 0.258972, 0.25, 0.75, 0.263263
0.85, 0.257296, 0.25, 0.75, 0.263366
0.85, 0.262145, 0.25, 0.75, 0.265129
0.85, 0.261193, 0.25, 0.75, 0.262409
0.85, 0.248684, 0.25, 0.75, 0.257331
0.85, 0.259804, 0.25, 0.75, 0.263442
0.85, 0.261384, 0.25, 0.75, 0.258817
0.85, 0.266521, 0.25, 0.75, 0.262049
0.85, 0.267117, 0.25, 0.75, 0.264038
0.85, 0.260737, 0.25, 0.75, 0.256377
0.85, 0.26661, 0.25, 0.75, 0.265214
0.85, 0.269248, 0.26, 0.74, 0.273061
0.85, 0.277796, 0.26, 0.74, 0.272418
0.85, 0.272441, 0.26, 0.74, 0.270318
0.85, 0.272355, 0.26, 0.74, 0.271107
0.85, 0.270403, 0.26, 0.74, 0.270937
0.85, 0.268579, 0.26, 0.74, 0.271163
0.85, 0.277533, 0.26, 0.74, 0.273978
0.85, 0.275083, 0.26, 0.74, 0.269771
0.85, 0.272005, 0.26, 0.74, 0.272475
0.85, 0.274646, 0.26, 0.74, 0.27475
0.85, 0.2779, 0.26, 0.74, 0.274333
0.85, 0.273564, 0.26, 0.74, 0.269954
0.85, 0.277563, 0.26, 0.74, 0.278597
0.85, 0.27795, 0.26, 0.74, 0.273204
0.85, 0.271056, 0.26, 0.74, 0.267673
0.85, 0.268698, 0.26, 0.74, 0.26988
0.85, 0.27018, 0.26, 0.74, 0.268197
0.85, 0.273737, 0.26, 0.74, 0.267448
0.85, 0.272838, 0.26, 0.74, 0.276558
0.85, 0.272763, 0.26, 0.74, 0.272911
0.85, 0.268597, 0.26, 0.74, 0.268581
0.85, 0.279273, 0.26, 0.74, 0.274138
0.85, 0.267606, 0.26, 0.74, 0.267684
0.85, 0.26587, 0.26, 0.74, 0.267425
0.85, 0.275763, 0.26, 0.74, 0.270383
0.85, 0.284769, 0.27, 0.73, 0.284384
0.85, 0.286505, 0.27, 0.73, 0.284644
0.85, 0.287146, 0.27, 0.73, 0.288214
0.85, 0.2805, 0.27, 0.73, 0.280549
0.85, 0.273571, 0.27, 0.73, 0.276354
0.85, 0.294367, 0.27, 0.73, 0.290786
0.85, 0.282866, 0.27, 0.73, 0.283119
0.85, 0.281491, 0.27, 0.73, 0.282647
0.85, 0.281231, 0.27, 0.73, 0.282824
0.85, 0.279944, 0.27, 0.73, 0.278487
0.85, 0.288094, 0.27, 0.73, 0.288004
0.85, 0.282493, 0.27, 0.73, 0.277562
0.85, 0.290317, 0.27, 0.73, 0.285144
0.85, 0.284993, 0.27, 0.73, 0.283773
0.85, 0.283428, 0.27, 0.73, 0.285312
0.85, 0.282818, 0.27, 0.73, 0.279857
0.85, 0.287922, 0.27, 0.73, 0.284109
0.85, 0.272379, 0.27, 0.73, 0.275219
0.85, 0.278298, 0.27, 0.73, 0.281398
0.85, 0.28418, 0.27, 0.73, 0.28706
0.85, 0.28795, 0.27, 0.73, 0.289029
0.85, 0.27749, 0.27, 0.73, 0.277032
0.85, 0.284007, 0.27, 0.73, 0.284411
0.85, 0.28903, 0.27, 0.73, 0.285959
0.85, 0.289163, 0.27, 0.73, 0.28767
0.85, 0.301194, 0.28, 0.72, 0.295532
0.85, 0.29411, 0.28, 0.72, 0.290869
0.85, 0.291411, 0.28, 0.72, 0.293848
0.85, 0.291935, 0.28, 0.72, 0.293643
0.85, 0.295178, 0.28, 0.72, 0.292563
0.85, 0.299391, 0.28, 0.72, 0.295708
0.85, 0.304732, 0.28, 0.72, 0.299845
0.85, 0.286935, 0.28, 0.72, 0.289381
0.85, 0.290546, 0.28, 0.72, 0.290833
0.85, 0.299105, 0.28, 0.72, 0.295672
0.85, 0.291439, 0.28, 0.72, 0.293127
0.85, 0.292371, 0.28, 0.72, 0.28998
0.85, 0.302382, 0.28, 0.72, 0.293967
0.85, 0.294448, 0.28, 0.72, 0.293978
0.85, 0.298804, 0.28, 0.72, 0.296659
0.85, 0.293225, 0.28, 0.72, 0.294261
0.85, 0.300358, 0.28, 0.72, 0.294439
0.85, 0.29262, 0.28, 0.72, 0.289698
0.85, 0.301037, 0.28, 0.72, 0.294537
0.85, 0.294445, 0.28, 0.72, 0.290767
0.85, 0.284398, 0.28, 0.72, 0.291579
0.85, 0.293734, 0.28, 0.72, 0.29126
0.85, 0.298086, 0.28, 0.72, 0.293176
0.85, 0.289089, 0.28, 0.72, 0.293335
0.85, 0.291998, 0.28, 0.72, 0.291809
0.85, 0.310985, 0.29, 0.71, 0.303688
0.85, 0.311713, 0.29, 0.71, 0.306261
0.85, 0.308635, 0.29, 0.71, 0.302451
0.85, 0.302468, 0.29, 0.71, 0.302258
0.85, 0.306131, 0.29, 0.71, 0.302654
0.85, 0.31122, 0.29, 0.71, 0.312798
0.85, 0.301155, 0.29, 0.71, 0.307488
0.85, 0.29722, 0.29, 0.71, 0.299059
0.85, 0.304452, 0.29, 0.71, 0.303471
0.85, 0.303707, 0.29, 0.71, 0.307316
0.85, 0.306147, 0.29, 0.71, 0.301594
0.85, 0.312277, 0.29, 0.71, 0.306994
0.85, 0.31424, 0.29, 0.71, 0.310775
0.85, 0.307104, 0.29, 0.71, 0.3046
0.85, 0.309293, 0.29, 0.71, 0.30735
0.85, 0.315263, 0.29, 0.71, 0.311243
0.85, 0.306676, 0.29, 0.71, 0.306479
0.85, 0.304128, 0.29, 0.71, 0.301588
0.85, 0.298772, 0.29, 0.71, 0.301253
0.85, 0.305871, 0.29, 0.71, 0.30796
0.85, 0.301161, 0.29, 0.71, 0.303241
0.85, 0.302906, 0.29, 0.71, 0.303681
0.85, 0.302471, 0.29, 0.71, 0.297274
0.85, 0.315068, 0.29, 0.71, 0.310764
0.85, 0.321546, 0.29, 0.71, 0.316139
0.85, 0.336384, 0.3, 0.7, 0.324193
0.85, 0.325341, 0.3, 0.7, 0.322681
0.85, 0.322354, 0.3, 0.7, 0.320561
0.85, 0.325807, 0.3, 0.7, 0.326245
0.85, 0.305359, 0.3, 0.7, 0.305846
0.85, 0.317357, 0.3, 0.7, 0.318131
0.85, 0.31475, 0.3, 0.7, 0.31879
0.85, 0.320731, 0.3, 0.7, 0.318335
0.85, 0.323253, 0.3, 0.7, 0.315934
0.85, 0.3136, 0.3, 0.7, 0.318589
0.85, 0.321053, 0.3, 0.7, 0.321764
0.85, 0.313094, 0.3, 0.7, 0.317908
0.85, 0.311215, 0.3, 0.7, 0.313594
0.85, 0.329765, 0.3, 0.7, 0.322345
0.85, 0.317403, 0.3, 0.7, 0.316189
0.85, 0.335554, 0.3, 0.7, 0.326507
0.85, 0.316487, 0.3, 0.7, 0.314715
0.85, 0.322174, 0.3, 0.7, 0.319086
0.85, 0.316512, 0.3, 0.7, 0.317816
0.85, 0.32018, 0.3, 0.7, 0.312587
0.85, 0.311922, 0.3, 0.7, 0.311634
0.85, 0.309604, 0.3, 0.7, 0.312969
0.85, 0.329425, 0.3, 0.7, 0.323592
0.85, 0.32525, 0.3, 0.7, 0.323416
0.85, 0.32052, 0.3, 0.7, 0.314133
0.9, 0.154397, 0.15, 0.85, 0.151038
0.9, 0.156778, 0.15, 0.85, 0.156401
0.9, 0.149252, 0.15, 0.85, 0.15383
0.9, 0.150362, 0.15, 0.85, 0.14893
0.9, 0.158411, 0.15, 0.85, 0.154089
0.9, 0.154068, 0.15, 0.85, 0.153111
0.9, 0.154402, 0.15, 0.85, 0.155483
0.9, 0.155688, 0.15, 0.85, 0.153789
0.9, 0.149452, 0.15, 0.85, 0.151055
0.9, 0.155028, 0.15, 0.85, 0.155522
0.9, 0.151169, 0.15, 0.85, 0.153782
0.9, 0.151904, 0.15, 0.85, 0.150528
0.9, 0.150525, 0.15, 0.85, 0.152577
0.9, 0.160361, 0.15, 0.85, 0.156781
0.9, 0.148992, 0.15, 0.85, 0.149882
0.9, 0.155816, 0.15, 0.85, 0.151484
0.9, 0.154404, 0.15, 0.85, 0.155087
0.9, 0.152215, 0.15, 0.85, 0.154394
0.9, 0.150866, 0.15, 0.85, 0.15116
0.9, 0.154162, 0.15, 0.85, 0.153886
0.9, 0.154525, 0.15, 0.85, 0.15358
0.9, 0.159235, 0.15, 0.85, 0.156577
0.9, 0.157967, 0.15, 0.85, 0.153317
0.9, 0.154331, 0.15, 0.85, 0.153628
0.9, 0.156022, 0.15, 0.85, 0.15372
0.9, 0.15953, 0.16, 0.84, 0.161034
0.9, 0.164927, 0.16, 0.84, 0.165238
0.9, 0.161607, 0.16, 0.84, 0.164157
0.9, 0.162206, 0.16, 0.84, 0.164739
0.9, 0.155395, 0.16, 0.84, 0.160695
0.9, 0.165068, 0.16, 0.84, 0.164501
0.9, 0.161809, 0.16, 0.84, 0.162154
0.9, 0.165579, 0.16, 0.84, 0.167727
0.9, 0.159707, 0.16, 0.84, 0.16247
0.9, 0.163411, 0.16, 0.84, 0.166235
0.9, 0.168585, 0.16, 0.84, 0.168107
0.9, 0.164442, 0.16, 0.84, 0.164302
0.9, 0.159868, 0.16, 0.84, 0.161119
0.9, 0.160868, 0.16, 0.84, 0.160169
0.9, 0.163279, 0.16, 0.84, 0.164396
0.9, 0.163157, 0.16, 0.84, 0.159026
0.9, 0.168542, 0.16, 0.84, 0.163871
0.9, 0.168511, 0.16, 0.84, 0.165394
0.9, 0.163961, 0.16, 0.84, 0.164669
0.9, 0.166178, 0.16, 0.84, 0.16569
0.9, 0.160402, 0.16, 0.84, 0.158851
0.9, 0.170592, 0.16, 0.84, 0.170739
0.9, 0.167786, 0.16, 0.84, 0.167843
0.9, 0.160295, 0.16, 0.84, 0.160766
0.9, 0.156286, 0.16, 0.84, 0.157499
0.9, 0.17597, 0.17, 0.83, 0.173471
0.9, 0.176812, 0.17, 0.83, 0.179499
0.9, 0.17046, 0.17, 0.83, 0.174883
0.9, 0.172233, 0.17, 0.83, 0.172012
0.9, 0.179192, 0.17, 0.83, 0.177614
0.9, 0.175329, 0.17, 0.83, 0.175443
0.9, 0.177943, 0.17, 0.83, 0.175003
0.9, 0.172571, 0.17, 0.83, 0.174284
0.9, 0.174342, 0.17, 0.83, 0.175419
0.9, 0.179217, 0.17, 0.83, 0.179542
0.9, 0.180911, 0.17, 0.83, 0.177445
0.9, 0.171061, 0.17, 0.83, 0.175083
0.9, 0.168274, 0.17, 0.83, 0.172819
0.9, 0.171323, 0.17, 0.83, 0.171783
0.9, 0.178831, 0.17, 0.83, 0.177363
0.9, 0.170826, 0.17, 0.83, 0.16986
0.9, 0.1667, 0.17, 0.83, 0.171315
0.9, 0.170908, 0.17, 0.83, 0.170767
0.9, 0.181768, 0.17, 0.83, 0.178477
0.9, 0.17598, 0.17, 0.83, 0.177523
0.9, 0.180544, 0.17, 0.83, 0.177329
0.9, 0.166463, 0.17, 0.83, 0.169893
0.9, 0.170433, 0.17, 0.83, 0.172294
0.9, 0.174447, 0.17, 0.83, 0.175624
0.9, 0.175904, 0.17, 0.83, 0.174784
0.9, 0.187959, 0.18, 0.82, 0.186524
0.9, 0.18157, 0.18, 0.82, 0.181921
0.9, 0.184969, 0.18, 0.82, 0.185265
0.9, 0.182482, 0.18, 0.82, 0.18642
0.9, 0.186688, 0.18, 0.82, 0.186114
0.9, 0.189543, 0.18, 0.82, 0.189205
0.9, 0.185791, 0.18, 0.82, 0.186021
0.9, 0.186672, 0.18, 0.82, 0.184964
0.9, 0.183703, 0.18, 0.82, 0.183268
0.9, 0.186564, 0.18, 0.82, 0.183005
0.9, 0.188319, 0.18, 0.82, 0.183754
0.9, 0.177332, 0.18, 0.82, 0.180964
0.9, 0.184658, 0.18, 0.82, 0.185134
0.9, 0.183255, 0.18, 0.82, 0.182845
0.9, 0.189314, 0.18, 0.82, 0.186203
0.9, 0.183959, 0.18, 0.82, 0.179447
0.9, 0.185993, 0.18, 0.82, 0.184855
0.9, 0.183312, 0.18, 0.82, 0.180461
0.9, 0.185018, 0.18, 0.82, 0.188297
0.9, 0.187815, 0.18, 0.82, 0.185607
0.9, 0.193846, 0.18, 0.82, 0.192534
0.9, 0.18185, 0.18, 0.82, 0.182179
0.9, 0.185924, 0.18, 0.82, 0.184113
0.9, 0.191245, 0.18, 0.82, 0.187559
0.9, 0.188042, 0.18, 0.82, 0.187881
0.9, 0.191743, 0.19, 0.81, 0.193106
0.9, 0.195408, 0.19, 0.81, 0.193233
0.9, 0.192333, 0.19, 0.81, 0.193367
0.9, 0.193513, 0.19, 0.81, 0.193793
0.9, 0.194643, 0.19, 0.81, 0.193483
0.9, 0.193906, 0.19, 0.81, 0.19638
0.9, 0.200228, 0.19, 0.81, 0.196848
0.9, 0.200456, 0.19, 0.81, 0.197253
0.9, 0.19685, 0.19, 0.81, 0.201019
0.9, 0.188047, 0.19, 0.81, 0.189541
0.9, 0.201437, 0.19, 0.81, 0.199193
0.9, 0.197778, 0.19, 0.81, 0.200416
0.9, 0.200767, 0.19, 0.81, 0.19828
0.9, 0.199447, 0.19, 0.81, 0.198867
0.9, 0.195851, 0.19, 0.81, 0.195854
0.9, 0.196683, 0.19, 0.81, 0.196427
0.9, 0.193442, 0.19, 0.81, 0.193511
0.9, 0.19971, 0.19, 0.81, 0.197851
0.9, 0.188947, 0.19, 0.81, 0.1906
0.9, 0.199444, 0.19, 0.81, 0.197402
0.9, 0.188607, 0.19, 0.81, 0.190804
0.9, 0.197986, 0.19, 0.81, 0.196909
0.9, 0.200036, 0.19, 0.81, 0.197056
0.9, 0.194489, 0.19, 0.81, 0.195828
0.9, 0.195997, 0.19, 0.81, 0.193274
0.9, 0.200357, 0.2, 0.8, 0.20243
0.9, 0.198682, 0.2, 0.8, 0.206831
0.9, 0.212518, 0.2, 0.8, 0.205052
0.9, 0.203782, 0.2, 0.8, 0.204443
0.9, 0.213907, 0.2, 0.8, 0.211325
0.9, 0.20708, 0.2, 0.8, 0.208207
0.9, 0.200892, 0.2, 0.8, 0.204407
0.9, 0.212573, 0.2, 0.8, 0.209745
0.9, 0.21178, 0.2, 0.8, 0.208941
0.9, 0.206384, 0.2, 0.8, 0.204587
0.9, 0.201956, 0.2, 0.8, 0.20448
0.9, 0.206163, 0.2, 0.8, 0.206843
0.9, 0.203187, 0.2, 0.8, 0.207806
0.9, 0.206445, 0.2, 0.8, 0.210249
0.9, 0.198345, 0.2, 0.8, 0.202635
0.9, 0.20938, 0.2, 0.8, 0.207401
0.9, 0.207572, 0.2, 0.8, 0.207565
0.9, 0.216785, 0.2, 0.8, 0.215541
0.9, 0.206099, 0.2, 0.8, 0.204757
0.9, 0.203037, 0.2, 0.8, 0.208844
0.9, 0.217308, 0.2, 0.8, 0.209281
0.9, 0.207315, 0.2, 0.8, 0.204627
0.9, 0.207916, 0.2, 0.8, 0.207825
0.9, 0.20527, 0.2, 0.8, 0.205701
0.9, 0.208311, 0.2, 0.8, 0.202998
0.9, 0.217372, 0.21, 0.79, 0.215671
0.9, 0.215347, 0.21, 0.79, 0.219173
0.9, 0.220407, 0.21, 0.79, 0.220119
0.9, 0.221119, 0.21, 0.79, 0.220419
0.9, 0.217066, 0.21, 0.79, 0.212615
0.9, 0.224609, 0.21, 0.79, 0.219347
0.9, 0.212937, 0.21, 0.79, 0.215455
0.9, 0.21685, 0.21, 0.79, 0.21745
0.9, 0.222957, 0.21, 0.79, 0.223728
0.9, 0.217668, 0.21, 0.79, 0.217348
0.9, 0.226896, 0.21, 0.79, 0.222952
0.9, 0.218637, 0.21, 0.79, 0.219227
0.9, 0.218577, 0.21, 0.79, 0.217366
0.9, 0.216696, 0.21, 0.79, 0.216636
0.9, 0.223852, 0.21, 0.79, 0.22189
0.9, 0.218105, 0.21, 0.79, 0.219017
0.9, 0.216662, 0.21, 0.79, 0.212407
0.9, 0.226971, 0.21, 0.79, 0.22057
0.9, 0.212412, 0.21, 0.79, 0.216594
0.9, 0.22176, 0.21, 0.79, 0.219402
0.9, 0.216493, 0.21, 0.79, 0.219416
0.9, 0.223312, 0.21, 0.79, 0.221311
0.9, 0.219903, 0.21, 0.79, 0.219521
0.9, 0.217827, 0.21, 0.79, 0.217441
0.9, 0.215579, 0.21, 0.79, 0.21511
0.9, 0.230719, 0.22, 0.78, 0.229843
0.9, 0.230126, 0.22, 0.78, 0.229064
0.9, 0.227798, 0.22, 0.78, 0.224239
0.9, 0.233622, 0.22, 0.78, 0.227816
0.9, 0.228911, 0.22, 0.78, 0.225449
0.9, 0.232112, 0.22, 0.78, 0.226632
0.9, 0.231721, 0.22, 0.78, 0.231902
0.9, 0.223408, 0.22, 0.78, 0.223487
0.9, 0.224091, 0.22, 0.78, 0.228132
0.9, 0.238614, 0.22, 0.78, 0.235824
0.9, 0.232671, 0.22, 0.78, 0.228148
0.9, 0.23526, 0.22, 0.78, 0.228317
0.9, 0.221678, 0.22, 0.78, 0.217475
0.9, 0.234368, 0.22, 0.78, 0.233766
0.9, 0.224781, 0.22, 0.78, 0.22778
0.9, 0.228574, 0.22, 0.78, 0.231795
0.9, 0.227076, 0.22, 0.78, 0.226368
0.9, 0.223244, 0.22, 0.78, 0.22414
0.9, 0.222279, 0.22, 0.78, 0.226484
0.9, 0.233437, 0.22, 0.78, 0.230773
0.9, 0.228577, 0.22, 0.78, 0.224022
0.9, 0.231296, 0.22, 0.78, 0.231232
0.9, 0.220718, 0.22, 0.78, 0.223112
0.9, 0.225402, 0.22, 0.78, 0.230149
0.9, 0.221328, 0.22, 0.78, 0.226114
0.9, 0.243758, 0.23, 0.77, 0.239314
0.9, 0.23308, 0.23, 0.77, 0.238927
0.9, 0.244057, 0.23, 0.77, 0.244888
0.9, 0.235703, 0.23, 0.77, 0.235285
0.9, 0.241248, 0.23, 0.77, 0.240483
0.9, 0.239768, 0.23, 0.77, 0.24091
0.9, 0.234715, 0.23, 0.77, 0.23506
0.9, 0.250461, 0.23, 0.77, 0.243039
0.9, 0.242451, 0.23, 0.77, 0.238643
0.9, 0.239061, 0.23, 0.77, 0.237667
0.9, 0.247167, 0.23, 0.77, 0.242805
0.9, 0.240798, 0.23, 0.77, 0.241111
0.9, 0.235186, 0.23, 0.77, 0.236867
0.9, 0.239045, 0.23, 0.77, 0.233707
0.9, 0.246515, 0.23, 0.77, 0.24158
0.9, 0.236497, 0.23, 0.77, 0.236637
0.9, 0.235212, 0.23, 0.77, 0.23773
0.9, 0.229711, 0.23, 0.77, 0.234388
0.9, 0.242935, 0.23, 0.77, 0.240548
0.9, 0.240192, 0.23, 0.77, 0.24043
0.9, 0.236684, 0.23, 0.77, 0.239217
0.9, 0.239258, 0.23, 0.77, 0.238625
0.9, 0.234061, 0.23, 0.77, 0.23654
0.9, 0.241025, 0.23, 0.77, 0.239943
0.9, 0.242108, 0.23, 0.77, 0.236877
0.9, 0.246985, 0.24, 0.76, 0.249734
0.9, 0.249811, 0.24, 0.76, 0.248197
0.9, 0.252961, 0.24, 0.76, 0.249362
0.9, 0.260675, 0.24, 0.76, 0.252441
0.9, 0.260097, 0.24, 0.76, 0.252471
0.9, 0.251803, 0.24, 0.76, 0.25319
0.9, 0.252135, 0.24, 0.76, 0.251791
0.9, 0.252981, 0.24, 0.76, 0.249011
0.9, 0.25041, 0.24, 0.76, 0.251138
0.9, 0.243318, 0.24, 0.76, 0.245434
0.9, 0.252197, 0.24, 0.76, 0.253695
0.9, 0.252706, 0.24, 0.76, 0.245533
0.9, 0.251949, 0.24, 0.76, 0.250538
0.9, 0.251344, 0.24, 0.76, 0.249696
0.9, 0.240956, 0.24, 0.76, 0.241911
0.9, 0.248244, 0.24, 0.76, 0.25334
0.9, 0.254254, 0.24, 0.76, 0.252593
0.9, 0.240286, 0.24, 0.76, 0.245437
0.9, 0.251708, 0.24, 0.76, 0.251942
0.9, 0.252017, 0.24, 0.76, 0.251177
0.9, 0.247535, 0.24, 0.76, 0.247767
0.9, 0.252391, 0.24, 0.76, 0.249947
0.9, 0.248449, 0.24, 0.76, 0.252149
0.9, 0.246954, 0.24, 0.76, 0.24732
0.9, 0.244994, 0.24, 0.76, 0.244881
0.9, 0.269047, 0.25, 0.75, 0.263381
0.9, 0.262238, 0.25, 0.75, 0.263691
0.9, 0.262023, 0.25, 0.75, 0.261306
0.9, 0.262409, 0.25, 0.75, 0.259
0.9, 0.259661, 0.25, 0.75, 0.261768
0.9, 0.257298, 0.25, 0.75, 0.260098
0.9, 0.264302, 0.25, 0.75, 0.264877
0.9, 0.257569, 0.25, 0.75, 0.257095
0.9, 0.266289, 0.25, 0.75, 0.265511
0.9, 0.259184, 0.25, 0.75, 0.256975
0.9, 0.260298, 0.25, 0.75, 0.26191
0.9, 0.261108, 0.25, 0.75, 0.255061
0.9, 0.261953, 0.25, 0.75, 0.256291
0.9, 0.258912, 0.25, 0.75, 0.260404
0.9, 0.255234, 0.25, 0.75, 0.256794
0.9, 0.265614, 0.25, 0.75, 0.263556
0.9, 0.266572, 0.25, 0.75, 0.263995
0.9, 0.259006, 0.25, 0.75, 0.257475
0.9, 0.262578, 0.25, 0.75, 0.261945
0.9, 0.249935, 0.25, 0.75, 0.256002
0.9, 0.261011, 0.25, 0.75, 0.259891
0.9, 0.262191, 0.25, 0.75, 0.256768
0.9, 0.268492, 0.25, 0.75, 0.266951
0.9, 0.262835, 0.25, 0.75, 0.261422
0.9, 0.265073, 0.25, 0.75, 0.262888
0.9, 0.286977, 0.26, 0.74, 0.284746
0.9, 0.272859, 0.26, 0.74, 0.274894
0.9, 0.274252, 0.26, 0.74, 0.275386
0.9, 0.272373, 0.26, 0.74, 0.272785
0.9, 0.274965, 0.26, 0.74, 0.273125
0.9, 0.270358, 0.26, 0.74, 0.271932
0.9, 0.27289, 0.26, 0.74, 0.267559
0.9, 0.274163, 0.26, 0.74, 0.274233
0.9, 0.269604, 0.26, 0.74, 0.267314
0.9, 0.273453, 0.26, 0.74, 0.270446
0.9, 0.271147, 0.26, 0.74, 0.268771
0.9, 0.276163, 0.26, 0.74, 0.274408
0.9, 0.272001, 0.26, 0.74, 0.269289
0.9, 0.272438, 0.26, 0.74, 0.273722
0.9, 0.271502, 0.26, 0.74, 0.270201
0.9, 0.272855, 0.26, 0.74, 0.270423
0.9, 0.27585, 0.26, 0.74, 0.276086
0.9, 0.266682, 0.26, 0.74, 0.267481
0.9, 0.277673, 0.26, 0.74, 0.275365
0.9, 0.274196, 0.26, 0.74, 0.27387
0.9, 0.275747, 0.26, 0.74, 0.275153
0.9, 0.275701, 0.26, 0.74, 0.278046
0.9, 0.26907, 0.26, 0.74, 0.271088
0.9, 0.275805, 0.26, 0.74, 0.269388
0.9, 0.276924, 0.26, 0.74, 0.274706
0.9, 0.293982, 0.27, 0.73, 0.289099
0.9, 0.279309, 0.27, 0.73, 0.281682
0.9, 0.281321, 0.27, 0.73, 0.283731
0.9, 0.278175, 0.27, 0.73, 0.280402
0.9, 0.285786, 0.27, 0.73, 0.282326
0.9, 0.281731, 0.27, 0.73, 0.285585
0.9, 0.282707, 0.27, 0.73, 0.279378
0.9, 0.281292, 0.27, 0.73, 0.28618
0.9, 0.286022, 0.27, 0.73, 0.284213
0.9, 0.283594, 0.27, 0.73, 0.283044
0.9, 0.281333, 0.27, 0.73, 0.283878
0.9, 0.28638, 0.27, 0.73, 0.284081
0.9, 0.280116, 0.27, 0.73, 0.279051
0.9, 0.277734, 0.27, 0.73, 0.27829
0.9, 0.27703, 0.27, 0.73, 0.274743
0.9, 0.285452, 0.27, 0.73, 0.286643
0.9, 0.28936, 0.27, 0.73, 0.283497
0.9, 0.283319, 0.27, 0.73, 0.280808
0.9, 0.281048, 0.27, 0.73, 0.281207
0.9, 0.285693, 0.27, 0.73, 0.286161
0.9, 0.290544, 0.27, 0.73, 0.287583
0.9, 0.279735, 0.27, 0.73, 0.281664
0.9, 0.285541, 0.27, 0.73, 0.285312
0.9, 0.277079, 0.27, 0.73, 0.279473
0.9, 0.283179, 0.27, 0.73, 0.287738
0.9, 0.304475, 0.28, 0.72, 0.299593
0.9, 0.306613, 0.28, 0.72, 0.297777
0.9, 0.300153, 0.28, 0.72, 0.295546
0.9, 0.290577, 0.28, 0.72, 0.292744
0.9, 0.295847, 0.28, 0.72, 0.295424
0.9, 0.298381, 0.28, 0.72, 0.296145
0.9, 0.293983, 0.28, 0.72, 0.298442
0.9, 0.298945, 0.28, 0.72, 0.299121
0.9, 0.292106, 0.28, 0.72, 0.294136
0.9, 0.301914, 0.28, 0.72, 0.297368
0.9, 0.297119, 0.28, 0.72, 0.296743
0.9, 0.303377, 0.28, 0.72, 0.299931
0.9, 0.299608, 0.28, 0.72, 0.296992
0.9, 0.298798, 0.28, 0.72, 0.295177
0.9, 0.293051, 0.28, 0.72, 0.294372
0.9, 0.297129, 0.28, 0.72, 0.294987
0.9, 0.300281, 0.28, 0.72, 0.295812
0.9, 0.293976, 0.28, 0.72, 0.294262
0.9, 0.298491, 0.28, 0.72, 0.296376
0.9, 0.298502, 0.28, 0.72, 0.299953
0.9, 0.292073, 0.28, 0.72, 0.294711
0.9, 0.303264, 0.28, 0.72, 0.29572
0.9, 0.291145, 0.28, 0.72, 0.292547
0.9, 0.30361, 0.28, 0.72, 0.295132
0.9, 0.295438, 0.28, 0.72, 0.294042
0.9, 0.304035, 0.29, 0.71, 0.30124
0.9, 0.311076, 0.29, 0.71, 0.306862
0.9, 0.30486, 0.29, 0.71, 0.304688
0.9, 0.304232, 0.29, 0.71, 0.304948
0.9, 0.317841, 0.29, 0.71, 0.310299
0.9, 0.308393, 0.29, 0.71, 0.302326
0.9, 0.315866, 0.29, 0.71, 0.311122
0.9, 0.305758, 0.29, 0.71, 0.305261
0.9, 0.312396, 0.29, 0.71, 0.306999
0.9, 0.295295, 0.29, 0.71, 0.301301
0.9, 0.306785, 0.29, 0.71, 0.307525
0.9, 0.310201, 0.29, 0.71, 0.309703
0.9, 0.306101, 0.29, 0.71, 0.309128
0.9, 0.306928, 0.29, 0.71, 0.303282
0.9, 0.311287, 0.29, 0.71, 0.307892
0.9, 0.301733, 0.29, 0.71, 0.303952
0.9, 0.306031, 0.29, 0.71, 0.308235
0.9, 0.313915, 0.29, 0.71, 0.308251
0.9, 0.310463, 0.29, 0.71, 0.30388
0.9, 0.30988, 0.29, 0.71, 0.309068
0.9, 0.307785, 0.29, 0.71, 0.304616
0.9, 0.316253, 0.29, 0.71, 0.312984
0.9, 0.302323, 0.29, 0.71, 0.297769
0.9, 0.309816, 0.29, 0.71, 0.307414
0.9, 0.315983, 0.29, 0.71, 0.312404
0.9, 0.325619, 0.3, 0.7, 0.323801
0.9, 0.3167, 0.3, 0.7, 0.318456
0.9, 0.320431, 0.3, 0.7, 0.321077
0.9, 0.315243, 0.3, 0.7, 0.313995
0.9, 0.319821, 0.3, 0.7, 0.317241
0.9, 0.324906, 0.3, 0.7, 0.315931
0.9, 0.335881, 0.3, 0.7, 0.324541
0.9, 0.318344, 0.3, 0.7, 0.318358
0.9, 0.33521, 0.3, 0.7, 0.328563
0.9, 0.321273, 0.3, 0.7, 0.318784
0.9, 0.324256, 0.3, 0.7, 0.32241
0.9, 0.3261, 0.3, 0.7, 0.32292
0.9, 0.308607, 0.3, 0.7, 0.314617
0.9, 0.316608, 0.3, 0.7, 0.317489
0.9, 0.323224, 0.3, 0.7, 0.321502
0.9, 0.321118, 0.3, 0.7, 0.316225
0.9, 0.324768, 0.3, 0.7, 0.319888
0.9, 0.319519, 0.3, 0.7, 0.312109
0.9, 0.327084, 0.3, 0.7, 0.323767
0.9, 0.312461, 0.3, 0.7, 0.311497
0.9, 0.334718, 0.3, 0.7, 0.326887
0.9, 0.325387, 0.3, 0.7, 0.322253
0.9, 0.310489, 0.3, 0.7, 0.308583
0.9, 0.320367, 0.3, 0.7, 0.318484
0.9, 0.314212, 0.3, 0.7, 0.318182
0.95, 0.157125, 0.15, 0.85, 0.15421
0.95, 0.148916, 0.15, 0.85, 0.15349
0.95, 0.153375, 0.15, 0.85, 0.154913
0.95, 0.150855, 0.15, 0.85, 0.151274
0.95, 0.147101, 0.15, 0.85, 0.151809
0.95, 0.155785, 0.15, 0.85, 0.156922
0.95, 0.153724, 0.15, 0.85, 0.154192
0.95, 0.160129, 0.15, 0.85, 0.159897
0.95, 0.155718, 0.15, 0.85, 0.15423
0.95, 0.15548, 0.15, 0.85, 0.15035
0.95, 0.155715, 0.15, 0.85, 0.154083
0.95, 0.154312, 0.15, 0.85, 0.155656
0.95, 0.148878, 0.15, 0.85, 0.152262
0.95, 0.160866, 0.15, 0.85, 0.160048
0.95, 0.151409, 0.15, 0.85, 0.153633
0.95, 0.157377, 0.15, 0.85, 0.154703
0.95, 0.150643, 0.15, 0.85, 0.153519
0.95, 0.156733, 0.15, 0.85, 0.152554
0.95, 0.15543, 0.15, 0.85, 0.155056
0.95, 0.150637, 0.15, 0.85, 0.14883
0.95, 0.158168, 0.15, 0.85, 0.156495
0.95, 0.154059, 0.15, 0.85, 0.155935
0.95, 0.156459, 0.15, 0.85, 0.152706
0.95, 0.153662, 0.15, 0.85, 0.15575
0.95, 0.150866, 0.15, 0.85, 0.150622
0.95, 0.168327, 0.16, 0.84, 0.166684
0.95, 0.166896, 0.16, 0.84, 0.166563
0.95, 0.166154, 0.16, 0.84, 0.165095
0.95, 0.163047, 0.16, 0.84, 0.162029
0.95, 0.163968, 0.16, 0.84, 0.166178
0.95, 0.164782, 0.16, 0.84, 0.161292
0.95, 0.164499, 0.16, 0.84, 0.169394
0.95, 0.161026, 0.16, 0.84, 0.162837
0.95, 0.161371, 0.16, 0.84, 0.164703
0.95, 0.1619, 0.16, 0.84, 0.163327
0.95, 0.165423, 0.16, 0.84, 0.16794
0.95, 0.161368, 0.16, 0.84, 0.1632
0.95, 0.16647, 0.16, 0.84, 0.166248
0.95, 0.16991, 0.16, 0.84, 0.17019
0.95, 0.167353, 0.16, 0.84, 0.164966
0.95, 0.164297, 0.16, 0.84, 0.166727
0.95, 0.162489, 0.16, 0.84, 0.16374
0.95, 0.163553, 0.16, 0.84, 0.161093
0.95, 0.16491, 0.16, 0.84, 0.16671
0.95, 0.162099, 0.16, 0.84, 0.165348
0.95, 0.158873, 0.16, 0.84, 0.162214
0.95, 0.165824, 0.16, 0.84, 0.165394
0.95, 0.168379, 0.16, 0.84, 0.166346
0.95, 0.170091, 0.16, 0.84, 0.168919
0.95, 0.173822, 0.16, 0.84, 0.170468
0.95, 0.169649, 0.17, 0.83, 0.171976
0.95, 0.175239, 0.17, 0.83, 0.172242
0.95, 0.183852, 0.17, 0.83, 0.181405
0.95, 0.183139, 0.17, 0.83, 0.178339
0.95, 0.174365, 0.17, 0.83, 0.171371
0.95, 0.180931, 0.17, 0.83, 0.177996
0.95, 0.175303, 0.17, 0.83, 0.170993
0.95, 0.175849, 0.17, 0.83, 0.174097
0.95, 0.177531, 0.17, 0.83, 0.173861
0.95, 0.17215, 0.17, 0.83, 0.173776
0.95, 0.180979, 0.17, 0.83, 0.176628
0.95, 0.171375, 0.17, 0.83, 0.173893
0.95, 0.174303, 0.17, 0.83, 0.169466
0.95, 0.172488, 0.17, 0.83, 0.173761
0.95, 0.174695, 0.17, 0.83, 0.174917
0.95, 0.172771, 0.17, 0.83, 0.176982
0.95, 0.176087, 0.17, 0.83, 0.177592
0.95, 0.181748, 0.17, 0.83, 0.177785
0.95, 0.175726, 0.17, 0.83, 0.176202
0.95, 0.177166, 0.17, 0.83, 0.172805
0.95, 0.181236, 0.17, 0.83, 0.179433
0.95, 0.17665, 0.17, 0.83, 0.172535
0.95, 0.176972, 0.17, 0.83, 0.17715
0.95, 0.171503, 0.17, 0.83, 0.170613
0.95, 0.179048, 0.17, 0.83, 0.175101
0.95, 0.189371, 0.18, 0.82, 0.183393
0.95, 0.18161, 0.18, 0.82, 0.187917
0.95, 0.181352, 0.18, 0.82, 0.183909
0.95, 0.182197, 0.18, 0.82, 0.186013
0.95, 0.182711, 0.18, 0.82, 0.183645
0.95, 0.181699, 0.18, 0.82, 0.184315
0.95, 0.182358, 0.18, 0.82, 0.182885
0.95, 0.186011, 0.18, 0.82, 0.187493
0.95, 0.185004, 0.18, 0.82, 0.185555
0.95, 0.186304, 0.18, 0.82, 0.185843
0.95, 0.181245, 0.18, 0.82, 0.183057
0.95, 0.17767, 0.18, 0.82, 0.181776
0.95, 0.18498, 0.18, 0.82, 0.185181
0.95, 0.187678, 0.18, 0.82, 0.188204
0.95, 0.184613, 0.18, 0.82, 0.188939
0.95, 0.190493, 0.18, 0.82, 0.190906
0.95, 0.18749, 0.18, 0.82, 0.186488
0.95, 0.183534, 0.18, 0.82, 0.18528
0.95, 0.191565, 0.18, 0.82, 0.191356
0.95, 0.188261, 0.18, 0.82, 0.18717
0.95, 0.184417, 0.18, 0.82, 0.185569
0.95, 0.193468, 0.18, 0.82, 0.18953
0.95, 0.190656, 0.18, 0.82, 0.18662
0.95, 0.191183, 0.18, 0.82, 0.186043
0.95, 0.188604, 0.18, 0.82, 0.187983
0.95, 0.193232, 0.19, 0.81, 0.190809
0.95, 0.199934, 0.19, 0.81, 0.20185
0.95, 0.195721, 0.19, 0.81, 0.199968
0.95, 0.192607, 0.19, 0.81, 0.195601
0.95, 0.208224, 0.19, 0.81, 0.205968
0.95, 0.199613, 0.19, 0.81, 0.20102
0.95, 0.199098, 0.19, 0.81, 0.198606
0.95, 0.201055, 0.19, 0.81, 0.199781
0.95, 0.201088, 0.19, 0.81, 0.199146
0.95, 0.1984, 0.19, 0.81, 0.199364
0.95, 0.19198, 0.19, 0.81, 0.19597
0.95, 0.195264, 0.19, 0.81, 0.193545
0.95, 0.196558, 0.19, 0.81, 0.200443
0.95, 0.195924, 0.19, 0.81, 0.196408
0.95, 0.200463, 0.19, 0.81, 0.196731
0.95, 0.203328, 0.19, 0.81, 0.202013
0.95, 0.197647, 0.19, 0.81, 0.197267
0.95, 0.189181, 0.19, 0.81, 0.191496
0.95, 0.196979, 0.19, 0.81, 0.19524
0.95, 0.198982, 0.19, 0.81, 0.201507
0.95, 0.196482, 0.19, 0.81, 0.194698
0.95, 0.194187, 0.19, 0.81, 0.194671
0.95, 0.193725, 0.19, 0.81, 0.19816
0.95, 0.197898, 0.19, 0.81, 0.198929
0.95, 0.193757, 0.19, 0.81, 0.198769
0.95, 0.210137, 0.2, 0.8, 0.205873
0.95, 0.209312, 0.2, 0.8, 0.208447
0.95, 0.201326, 0.2, 0.8, 0.202715
0.95, 0.20919, 0.2, 0.8, 0.20669
0.95, 0.205906, 0.2, 0.8, 0.202961
0.95, 0.207961, 0.2, 0.8, 0.209011
0.95, 0.204418, 0.2, 0.8, 0.203767
0.95, 0.207679, 0.2, 0.8, 0.206737
0.95, 0.217738, 0.2, 0.8, 0.212239
0.95, 0.204396, 0.2, 0.8, 0.206058
0.95, 0.204666, 0.2, 0.8, 0.205723
0.95, 0.205787, 0.2, 0.8, 0.208433
0.95, 0.213336, 0.2, 0.8, 0.210885
0.95, 0.207885, 0.2, 0.8, 0.212448
0.95, 0.203119, 0.2, 0.8, 0.204842
0.95, 0.210113, 0.2, 0.8, 0.209849
0.95, 0.205598, 0.2, 0.8, 0.204682
0.95, 0.209328, 0.2, 0.8, 0.20479
0.95, 0.202353, 0.2, 0.8, 0.204805
0.95, 0.209647, 0.2, 0.8, 0.210582
0.95, 0.204704, 0.2, 0.8, 0.207357
0.95, 0.205027, 0.2, 0.8, 0.206321
0.95, 0.217257, 0.2, 0.8, 0.212429
0.95, 0.204402, 0.2, 0.8, 0.208982
0.95, 0.206592, 0.2, 0.8, 0.202587
0.95, 0.216991, 0.21, 0.79, 0.219294
0.95, 0.222276, 0.21, 0.79, 0.219567
0.95, 0.222012, 0.21, 0.79, 0.217743
0.95, 0.224882, 0.21, 0.79, 0.222857
0.95, 0.213669, 0.21, 0.79, 0.214739
0.95, 0.212958, 0.21, 0.79, 0.216423
0.95, 0.220383, 0.21, 0.79, 0.219541
0.95, 0.220683, 0.21, 0.79, 0.218811
0.95, 0.225856, 0.21, 0.79, 0.221278
0.95, 0.217359, 0.21, 0.79, 0.219121
0.95, 0.209895, 0.21, 0.79, 0.210034
0.95, 0.22239, 0.21, 0.79, 0.218757
0.95, 0.225595, 0.21, 0.79, 0.222568
0.95, 0.216263, 0.21, 0.79, 0.214947
0.95, 0.221351, 0.21, 0.79, 0.221493
0.95, 0.218004, 0.21, 0.79, 0.22274
0.95, 0.223135, 0.21, 0.79, 0.219984
0.95, 0.222245, 0.21, 0.79, 0.223273
0.95, 0.215729, 0.21, 0.79, 0.217362
0.95, 0.214956, 0.21, 0.79, 0.216787
0.95, 0.216027, 0.21, 0.79, 0.216206
0.95, 0.214896, 0.21, 0.79, 0.215306
0.95, 0.218332, 0.21, 0.79, 0.218308
0.95, 0.221972, 0.21, 0.79, 0.215719
0.95, 0.220641, 0.21, 0.79, 0.217759
0.95, 0.231094, 0.22, 0.78, 0.227045
0.95, 0.229687, 0.22, 0.78, 0.22806
0.95, 0.231296, 0.22, 0.78, 0.231063
0.95, 0.231164, 0.22, 0.78, 0.228804
0.95, 0.226318, 0.22, 0.78, 0.227454
0.95, 0.234551, 0.22, 0.78, 0.232994
0.95, 0.224684, 0.22, 0.78, 0.227714
0.95, 0.232054, 0.22, 0.78, 0.229305
0.95, 0.231353, 0.22, 0.78, 0.234932
0.95, 0.228871, 0.22, 0.78, 0.230639
0.95, 0.229418, 0.22, 0.78, 0.227031
0.95, 0.226139, 0.22, 0.78, 0.227586
0.95, 0.234575, 0.22, 0.78, 0.230143
0.95, 0.232231, 0.22, 0.78, 0.226956
0.95, 0.241434, 0.22, 0.78, 0.235616
0.95, 0.236784, 0.22, 0.78, 0.232837
0.95, 0.224792, 0.22, 0.78, 0.228476
0.95, 0.225157, 0.22, 0.78, 0.224421
0.95, 0.231405, 0.22, 0.78, 0.230586
0.95, 0.234791, 0.22, 0.78, 0.234088
0.95, 0.233246, 0.22, 0.78, 0.232284
0.95, 0.230547, 0.22, 0.78, 0.230677
0.95, 0.230759, 0.22, 0.78, 0.231012
0.95, 0.227924, 0.22, 0.78, 0.227037
0.95, 0.233639, 0.22, 0.78, 0.232922
0.95, 0.242077, 0.23, 0.77, 0.242383
0.95, 0.246606, 0.23, 0.77, 0.247728
0.95, 0.24638, 0.23, 0.77, 0.245616
0.95, 0.238654, 0.23, 0.77, 0.23563
0.95, 0.243084, 0.23, 0.77, 0.238877
0.95, 0.235388, 0.23, 0.77, 0.239914
0.95, 0.245025, 0.23, 0.77, 0.243414
0.95, 0.232071, 0.23, 0.77, 0.234848
0.95, 0.249733, 0.23, 0.77, 0.243459
0.95, 0.240942, 0.23, 0.77, 0.240213
0.95, 0.243736, 0.23, 0.77, 0.241339
0.95, 0.236362, 0.23, 0.77, 0.240284
0.95, 0.241556, 0.23, 0.77, 0.241943
0.95, 0.247193, 0.23, 0.77, 0.243351
0.95, 0.240547, 0.23, 0.77, 0.240397
0.95, 0.244612, 0.23, 0.77, 0.239379
0.95, 0.244212, 0.23, 0.77, 0.238759
0.95, 0.23861, 0.23, 0.77, 0.240225
0.95, 0.241472, 0.23, 0.77, 0.240568
0.95, 0.2455, 0.23, 0.77, 0.24132
0.95, 0.248142, 0.23, 0.77, 0.242869
0.95, 0.24272, 0.23, 0.77, 0.241852
0.95, 0.234102, 0.23, 0.77, 0.240082
0.95, 0.244464, 0.23, 0.77, 0.243414
0.95, 0.241385, 0.23, 0.77, 0.243029
0.95, 0.256766, 0.24, 0.76, 0.253419
0.95, 0.249205, 0.24, 0.76, 0.252143
0.95, 0.26068, 0.24, 0.76, 0.25695
0.95, 0.248656, 0.24, 0.76, 0.253383
0.95, 0.255851, 0.24, 0.76, 0.256326
0.95, 0.251736, 0.24, 0.76, 0.251933
0.95, 0.257413, 0.24, 0.76, 0.253729
0.95, 0.249619, 0.24, 0.76, 0.25
0.95, 0.250466, 0.24, 0.76, 0.247694
0.95, 0.251813, 0.24, 0.76, 0.250366
0.95, 0.251873, 0.24, 0.76, 0.253978
0.95, 0.250804, 0.24, 0.76, 0.251721
0.95, 0.257096, 0.24, 0.76, 0.256145
0.95, 0.250025, 0.24, 0.76, 0.245336
0.95, 0.24952, 0.24, 0.76, 0.252754
0.95, 0.250845, 0.24, 0.76, 0.249843
0.95, 0.258178, 0.24, 0.76, 0.253862
0.95, 0.259732, 0.24, 0.76, 0.254308
0.95, 0.25495, 0.24, 0.76, 0.251168
0.95, 0.249075, 0.24, 0.76, 0.249777
0.95, 0.251093, 0.24, 0.76, 0.248125
0.95, 0.248051, 0.24, 0.76, 0.249347
0.95, 0.248085, 0.24, 0.76, 0.249327
0.95, 0.258151, 0.24, 0.76, 0.251301
0.95, 0.254249, 0.24, 0.76, 0.252685
0.95, 0.266251, 0.25, 0.75, 0.263738
0.95, 0.258074, 0.25, 0.75, 0.254354
0.95, 0.261934, 0.25, 0.75, 0.265292
0.95, 0.265786, 0.25, 0.75, 0.263525
0.95, 0.2677, 0.25, 0.75, 0.263934
0.95, 0.266335, 0.25, 0.75, 0.263813
0.95, 0.267897, 0.25, 0.75, 0.267196
0.95, 0.260988, 0.25, 0.75, 0.260524
0.95, 0.265102, 0.25, 0.75, 0.264918
0.95, 0.26515, 0.25, 0.75, 0.263484
0.95, 0.267612, 0.25, 0.75, 0.26678
0.95, 0.256576, 0.25, 0.75, 0.260525
0.95, 0.268667, 0.25, 0.75, 0.2658
0.95, 0.260224, 0.25, 0.75, 0.25918
0.95, 0.262447, 0.25, 0.75, 0.266607
0.95, 0.267046, 0.25, 0.75, 0.267272
0.95, 0.26571, 0.25, 0.75, 0.264912
0.95, 0.260903, 0.25, 0.75, 0.262118
0.95, 0.262996, 0.25, 0.75, 0.262062
0.95, 0.265708, 0.25, 0.75, 0.261063
0.95, 0.26292, 0.25, 0.75, 0.260295
0.95, 0.270741, 0.25, 0.75, 0.26323
0.95, 0.265201, 0.25, 0.75, 0.263591
0.95, 0.259477, 0.25, 0.75, 0.25942
0.95, 0.265919, 0.25, 0.75, 0.264166
0.95, 0.275284, 0.26, 0.74, 0.280013
0.95, 0.280617, 0.26, 0.74, 0.278815
0.95, 0.27395, 0.26, 0.74, 0.275636
0.95, 0.274523, 0.26, 0.74, 0.277816
0.95, 0.274285, 0.26, 0.74, 0.271961
0.95, 0.270188, 0.26, 0.74, 0.269781
0.95, 0.274511, 0.26, 0.74, 0.274776
0.95, 0.267883, 0.26, 0.74, 0.271042
0.95, 0.270776, 0.26, 0.74, 0.277188
0.95, 0.283303, 0.26, 0.74, 0.278149
0.95, 0.276936, 0.26, 0.74, 0.279065
0.95, 0.278379, 0.26, 0.74, 0.276038
0.95, 0.273214, 0.26, 0.74, 0.271528
0.95, 0.275738, 0.26, 0.74, 0.273339
0.95, 0.278583, 0.26, 0.74, 0.277027
0.95, 0.277608, 0.26, 0.74, 0.276977
0.95, 0.275345, 0.26, 0.74, 0.269785
0.95, 0.275541, 0.26, 0.74, 0.277038
0.95, 0.28062, 0.26, 0.74, 0.272732
0.95, 0.268724, 0.26, 0.74, 0.267995
0.95, 0.275054, 0.26, 0.74, 0.277287
0.95, 0.267369, 0.26, 0.74, 0.271683
0.95, 0.279043, 0.26, 0.74, 0.277059
0.95, 0.288984, 0.26, 0.74, 0.279453
0.95, 0.279099, 0.26, 0.74, 0.279199
0.95, 0.29121, 0.27, 0.73, 0.289115
0.95, 0.286622, 0.27, 0.73, 0.290154
0.95, 0.28102, 0.27, 0.73, 0.283638
0.95, 0.282262, 0.27, 0.73, 0.277795
0.95, 0.282317, 0.27, 0.73, 0.282285
0.95, 0.284774, 0.27, 0.73, 0.283325
0.95, 0.290789, 0.27, 0.73, 0.286751
0.95, 0.285785, 0.27, 0.73, 0.286688
0.95, 0.279788, 0.27, 0.73, 0.283528
0.95, 0.290367, 0.27, 0.73, 0.286681
0.95, 0.290655, 0.27, 0.73, 0.288856
0.95, 0.280025, 0.27, 0.73, 0.281727
0.95, 0.285409, 0.27, 0.73, 0.284225
0.95, 0.285689, 0.27, 0.73, 0.283501
0.95, 0.274397, 0.27, 0.73, 0.278106
0.95, 0.281704, 0.27, 0.73, 0.279771
0.95, 0.285724, 0.27, 0.73, 0.285253
0.95, 0.290255, 0.27, 0.73, 0.28761
0.95, 0.280092, 0.27, 0.73, 0.282657
0.95, 0.285436, 0.27, 0.73, 0.284943
0.95, 0.290582, 0.27, 0.73, 0.290902
0.95, 0.286169, 0.27, 0.73, 0.28873
0.95, 0.289009, 0.27, 0.73, 0.28316
0.95, 0.275192, 0.27, 0.73, 0.283201
0.95, 0.28701, 0.27, 0.73, 0.288278
0.95, 0.300029, 0.28, 0.72, 0.292569
0.95, 0.297796, 0.28, 0.72, 0.296793
0.95, 0.293389, 0.28, 0.72, 0.294853
0.95, 0.310705, 0.28, 0.72, 0.302322
0.95, 0.302309, 0.28, 0.72, 0.302474
0.95, 0.30478, 0.28, 0.72, 0.302537
0.95, 0.304315, 0.28, 0.72, 0.301043
0.95, 0.30465, 0.28, 0.72, 0.29978
0.95, 0.303215, 0.28, 0.72, 0.303449
0.95, 0.299786, 0.28, 0.72, 0.299653
0.95, 0.300184, 0.28, 0.72, 0.298416
0.95, 0.298227, 0.28, 0.72, 0.296626
0.95, 0.30206, 0.28, 0.72, 0.29964
0.95, 0.302468, 0.28, 0.72, 0.29874
0.95, 0.296151, 0.28, 0.72, 0.293976
0.95, 0.302169, 0.28, 0.72, 0.298447
0.95, 0.303851, 0.28, 0.72, 0.298851
0.95, 0.302871, 0.28, 0.72, 0.299483
0.95, 0.291083, 0.28, 0.72, 0.29091
0.95, 0.30425, 0.28, 0.72, 0.299783
0.95, 0.292369, 0.28, 0.72, 0.295376
0.95, 0.296783, 0.28, 0.72, 0.299847
0.95, 0.302216, 0.28, 0.72, 0.29968
0.95, 0.300997, 0.28, 0.72, 0.302846
0.95, 0.296148, 0.28, 0.72, 0.293483
0.95, 0.306575, 0.29, 0.71, 0.308153
0.95, 0.307111, 0.29, 0.71, 0.305512
0.95, 0.318156, 0.29, 0.71, 0.314144
0.95, 0.30097, 0.29, 0.71, 0.308938
0.95, 0.32426, 0.29, 0.71, 0.315388
0.95, 0.308744, 0.29, 0.71, 0.304914
0.95, 0.313219, 0.29, 0.71, 0.311038
0.95, 0.31772, 0.29, 0.71, 0.318189
0.95, 0.311758, 0.29, 0.71, 0.309352
0.95, 0.308041, 0.29, 0.71, 0.309664
0.95, 0.310535, 0.29, 0.71, 0.31143
0.95, 0.301191, 0.29, 0.71, 0.304687
0.95, 0.329533, 0.29, 0.71, 0.318163
0.95, 0.310387, 0.29, 0.71, 0.312037
0.95, 0.305867, 0.29, 0.71, 0.304592
0.95, 0.305683, 0.29, 0.71, 0.305223
0.95, 0.312018, 0.29, 0.71, 0.310988
0.95, 0.306952, 0.29, 0.71, 0.306151
0.95, 0.315016, 0.29, 0.71, 0.308712
0.95, 0.301447, 0.29, 0.71, 0.304422
0.95, 0.30916, 0.29, 0.71, 0.30571
0.95, 0.301311, 0.29, 0.71, 0.305352
0.95, 0.318285, 0.29, 0.71, 0.312074
0.95, 0.309337, 0.29, 0.71, 0.306294
0.95, 0.307892, 0.29, 0.71, 0.303507
0.95, 0.323332, 0.3, 0.7, 0.32034
0.95, 0.333858, 0.3, 0.7, 0.326888
0.95, 0.316312, 0.3, 0.7, 0.316843
0.95, 0.32471, 0.3, 0.7, 0.318656
0.95, 0.328124, 0.3, 0.7, 0.324725
0.95, 0.32237, 0.3, 0.7, 0.322004
0.95, 0.319164, 0.3, 0.7, 0.315459
0.95, 0.326674, 0.3, 0.7, 0.32264
0.95, 0.328065, 0.3, 0.7, 0.323633
0.95, 0.311233, 0.3, 0.7, 0.315708
0.95, 0.313238, 0.3, 0.7, 0.320558
0.95, 0.33101, 0.3, 0.7, 0.32283
0.95, 0.319886, 0.3, 0.7, 0.318095
0.95, 0.333334, 0.3, 0.7, 0.327037
0.95, 0.329687, 0.3, 0.7, 0.325549
0.95, 0.31104, 0.3, 0.7, 0.306303
0.95, 0.320869, 0.3, 0.7, 0.317946
0.95, 0.315441, 0.3, 0.7, 0.321021
0.95, 0.31896, 0.3, 0.7, 0.321757
0.95, 0.320334, 0.3, 0.7, 0.324326
0.95, 0.312899, 0.3, 0.7, 0.316983
0.95, 0.323615, 0.3, 0.7, 0.31992
0.95, 0.31191, 0.3, 0.7, 0.314642
0.95, 0.309578, 0.3, 0.7, 0.314931
0.95, 0.325183, 0.3, 0.7, 0.323725
1, 0.157325, 0.15, 0.85, 0.153803
1, 0.160222, 0.15, 0.85, 0.155194
1, 0.154419, 0.15, 0.85, 0.155975
1, 0.1514, 0.15, 0.85, 0.152209
1, 0.151682, 0.15, 0.85, 0.152837
1, 0.153511, 0.15, 0.85, 0.155214
1, 0.153412, 0.15, 0.85, 0.151708
1, 0.151385, 0.15, 0.85, 0.151287
1, 0.152124, 0.15, 0.85, 0.15342
1, 0.15511, 0.15, 0.85, 0.152792
1, 0.151584, 0.15, 0.85, 0.15579
1, 0.161327, 0.15, 0.85, 0.158784
1, 0.154954, 0.15, 0.85, 0.156845
1, 0.162351, 0.15, 0.85, 0.159283
1, 0.156523, 0.15, 0.85, 0.154598
1, 0.158675, 0.15, 0.85, 0.160359
1, 0.154825, 0.15, 0.85, 0.152344
1, 0.156282, 0.15, 0.85, 0.152971
1, 0.155709, 0.15, 0.85, 0.155781
1, 0.153248, 0.15, 0.85, 0.153462
1, 0.160526, 0.15, 0.85, 0.157014
1, 0.161197, 0.15, 0.85, 0.158196
1, 0.157442, 0.15, 0.85, 0.154304
1, 0.154425, 0.15, 0.85, 0.158382
1, 0.15997, 0.15, 0.85, 0.15468
1, 0.173396, 0.16, 0.84, 0.170867
1, 0.163527, 0.16, 0.84, 0.162363
1, 0.166743, 0.16, 0.84, 0.166867
1, 0.165592, 0.16, 0.84, 0.169422
1, 0.166084, 0.16, 0.84, 0.167127
1, 0.174422, 0.16, 0.84, 0.170815
1, 0.161114, 0.16, 0.84, 0.164616
1, 0.167247, 0.16, 0.84, 0.165914
1, 0.158383, 0.16, 0.84, 0.159861
1, 0.160688, 0.16, 0.84, 0.163536
1, 0.163523, 0.16, 0.84, 0.16253
1, 0.164182, 0.16, 0.84, 0.165065
1, 0.167328, 0.16, 0.84, 0.165219
1, 0.162359, 0.16, 0.84, 0.161786
1, 0.167108, 0.16, 0.84, 0.164425
1, 0.165821, 0.16, 0.84, 0.165046
1, 0.16858, 0.16, 0.84, 0.164898
1, 0.165175, 0.16, 0.84, 0.164591
1, 0.167163, 0.16, 0.84, 0.167043
1, 0.163176, 0.16, 0.84, 0.166519
1, 0.162995, 0.16, 0.84, 0.164529
1, 0.15969, 0.16, 0.84, 0.162168
1, 0.161642, 0.16, 0.84, 0.165689
1, 0.157473, 0.16, 0.84, 0.161411
1, 0.167458, 0.16, 0.84, 0.168239
1, 0.177944, 0.17, 0.83, 0.179409
1, 0.182665, 0.17, 0.83, 0.180857
1, 0.180527, 0.17, 0.83, 0.178774
1, 0.170431, 0.17, 0.83, 0.172042
1, 0.177774, 0.17, 0.83, 0.176673
1, 0.17116, 0.17, 0.83, 0.175843
1, 0.178526, 0.17, 0.83, 0.176135
1, 0.174479, 0.17, 0.83, 0.177142
1, 0.176574, 0.17, 0.83, 0.175238
1, 0.183022, 0.17, 0.83, 0.178298
1, 0.179786, 0.17, 0.83, 0.176434
1, 0.175786, 0.17, 0.83, 0.176078
1, 0.177671, 0.17, 0.83, 0.178454
1, 0.172355, 0.17, 0.83, 0.174117
1, 0.179687, 0.17, 0.83, 0.175103
1, 0.174819, 0.17, 0.83, 0.175451
1, 0.184362, 0.17, 0.83, 0.182388
1, 0.181529, 0.17, 0.83, 0.176365
1, 0.175503, 0.17, 0.83, 0.179227
1, 0.175565, 0.17, 0.83, 0.17778
1, 0.182589, 0.17, 0.83, 0.178362
1, 0.175654, 0.17, 0.83, 0.175777
1, 0.180295, 0.17, 0.83, 0.177936
1, 0.174426, 0.17, 0.83, 0.175009
1, 0.17938, 0.17, 0.83, 0.177482
1, 0.189401, 0.18, 0.82, 0.187357
1, 0.195336, 0.18, 0.82, 0.192189
1, 0.191136, 0.18, 0.82, 0.187526
1, 0.183565, 0.18, 0.82, 0.186078
1, 0.180128, 0.18, 0.82, 0.1843
1, 0.191929, 0.18, 0.82, 0.191899
1, 0.182666, 0.18, 0.82, 0.185435
1, 0.188243, 0.18, 0.82, 0.184574
1, 0.185063, 0.18, 0.82, 0.187415
1, 0.187995, 0.18, 0.82, 0.18729
1, 0.191538, 0.18, 0.82, 0.187442
1, 0.189177, 0.18, 0.82, 0.18743
1, 0.188003, 0.18, 0.82, 0.187023
1, 0.193964, 0.18, 0.82, 0.189923
1, 0.189009, 0.18, 0.82, 0.189031
1, 0.193751, 0.18, 0.82, 0.192895
1, 0.188765, 0.18, 0.82, 0.190015
1, 0.186949, 0.18, 0.82, 0.185779
1, 0.193388, 0.18, 0.82, 0.192456
1, 0.187417, 0.18, 0.82, 0.187958
1, 0.187825, 0.18, 0.82, 0.184957
1, 0.188329, 0.18, 0.82, 0.188453
1, 0.190176, 0.18, 0.82, 0.189507
1, 0.18879, 0.18, 0.82, 0.189132
1, 0.193665, 0.18, 0.82, 0.192145
1, 0.196657, 0.19, 0.81, 0.200084
1, 0.201243, 0.19, 0.81, 0.199264
1, 0.192956, 0.19, 0.81, 0.197361
1, 0.194902, 0.19, 0.81, 0.194879
1, 0.201616, 0.19, 0.81, 0.201191
1, 0.196392, 0.19, 0.81, 0.20001
1, 0.201507, 0.19, 0.81, 0.200736
1, 0.194745, 0.19, 0.81, 0.193052
1, 0.202761, 0.19, 0.81, 0.204397
1, 0.190254, 0.19, 0.81, 0.194955
1, 0.193864, 0.19, 0.81, 0.197874
1, 0.199724, 0.19, 0.81, 0.201234
1, 0.195486, 0.19, 0.81, 0.196737
1, 0.198754, 0.19, 0.81, 0.198675
1, 0.196132, 0.19, 0.81, 0.197017
1, 0.199977, 0.19, 0.81, 0.200094
1, 0.194522, 0.19, 0.81, 0.199478
1, 0.207271, 0.19, 0.81, 0.203501
1, 0.195768, 0.19, 0.81, 0.195418
1, 0.20675, 0.19, 0.81, 0.203128
1, 0.194837, 0.19, 0.81, 0.195779
1, 0.200505, 0.19, 0.81, 0.201863
1, 0.197475, 0.19, 0.81, 0.202173
1, 0.201033, 0.19, 0.81, 0.196373
1, 0.192764, 0.19, 0.81, 0.197205
1, 0.208788, 0.2, 0.8, 0.205238
1, 0.209527, 0.2, 0.8, 0.209281
1, 0.21083, 0.2, 0.8, 0.210179
1, 0.216645, 0.2, 0.8, 0.214571
1, 0.215975, 0.2, 0.8, 0.210173
1, 0.204372, 0.2, 0.8, 0.208644
1, 0.213991, 0.2, 0.8, 0.20977
1, 0.210172, 0.2, 0.8, 0.212131
1, 0.212912, 0.2, 0.8, 0.209644
1, 0.208315, 0.2, 0.8, 0.209661
1, 0.209241, 0.2, 0.8, 0.206713
1, 0.213761, 0.2, 0.8, 0.208728
1, 0.207143, 0.2, 0.8, 0.208029
1, 0.20565, 0.2, 0.8, 0.209146
1, 0.209898, 0.2, 0.8, 0.208944
1, 0.213856, 0.2, 0.8, 0.208251
1, 0.210035, 0.2, 0.8, 0.208003
1, 0.205783, 0.2, 0.8, 0.207097
1, 0.212539, 0.2, 0.8, 0.210631
1, 0.206663, 0.2, 0.8, 0.203444
1, 0.217721, 0.2, 0.8, 0.215764
1, 0.20975, 0.2, 0.8, 0.205626
1, 0.209353, 0.2, 0.8, 0.211492
1, 0.205844, 0.2, 0.8, 0.207028
1, 0.207807, 0.2, 0.8, 0.207537
1, 0.224845, 0.21, 0.79, 0.22649
1, 0.220842, 0.21, 0.79, 0.218323
1, 0.224721, 0.21, 0.79, 0.22796
1, 0.221121, 0.21, 0.79, 0.221751
1, 0.224132, 0.21, 0.79, 0.219987
1, 0.231808, 0.21, 0.79, 0.226487
1, 0.221762, 0.21, 0.79, 0.221654
1, 0.225941, 0.21, 0.79, 0.227672
1, 0.217877, 0.21, 0.79, 0.218584
1, 0.227197, 0.21, 0.79, 0.224416
1, 0.220966, 0.21, 0.79, 0.222023
1, 0.226837, 0.21, 0.79, 0.220031
1, 0.215633, 0.21, 0.79, 0.216426
1, 0.225485, 0.21, 0.79, 0.224921
1, 0.219319, 0.21, 0.79, 0.218432
1, 0.223962, 0.21, 0.79, 0.220418
1, 0.221453, 0.21, 0.79, 0.222854
1, 0.223012, 0.21, 0.79, 0.220841
1, 0.21457, 0.21, 0.79, 0.216939
1, 0.216197, 0.21, 0.79, 0.219992
1, 0.222133, 0.21, 0.79, 0.223677
1, 0.220949, 0.21, 0.79, 0.22057
1, 0.22339, 0.21, 0.79, 0.2208
1, 0.216145, 0.21, 0.79, 0.216408
1, 0.223318, 0.21, 0.79, 0.223809
1, 0.244136, 0.22, 0.78, 0.240096
1, 0.23, 0.22, 0.78, 0.22896
1, 0.238847, 0.22, 0.78, 0.232584
1, 0.237704, 0.22, 0.78, 0.231273
1, 0.233191, 0.22, 0.78, 0.234099
1, 0.228504, 0.22, 0.78, 0.226051
1, 0.232932, 0.22, 0.78, 0.233926
1, 0.226215, 0.22, 0.78, 0.229038
1, 0.236617, 0.22, 0.78, 0.231419
1, 0.232241, 0.22, 0.78, 0.233352
1, 0.234792, 0.22, 0.78, 0.230996
1, 0.236061, 0.22, 0.78, 0.234785
1, 0.225429, 0.22, 0.78, 0.227619
1, 0.230982, 0.22, 0.78, 0.228033
1, 0.22834, 0.22, 0.78, 0.230294
1, 0.228922, 0.22, 0.78, 0.230031
1, 0.232545, 0.22, 0.78, 0.234873
1, 0.226553, 0.22, 0.78, 0.223962
1, 0.23743, 0.22, 0.78, 0.234557
1, 0.234725, 0.22, 0.78, 0.232665
1, 0.226823, 0.22, 0.78, 0.229299
1, 0.237627, 0.22, 0.78, 0.233869
1, 0.235134, 0.22, 0.78, 0.236005
1, 0.24059, 0.22, 0.78, 0.234099
1, 0.224542, 0.22, 0.78, 0.22727
1, 0.244487, 0.23, 0.77, 0.243592
1, 0.243229, 0.23, 0.77, 0.24446
1, 0.242125, 0.23, 0.77, 0.240814
1, 0.241093, 0.23, 0.77, 0.239221
1, 0.242043, 0.23, 0.77, 0.242878
1, 0.24833, 0.23, 0.77, 0.245769
1, 0.245714, 0.23, 0.77, 0.243857
1, 0.244557, 0.23, 0.77, 0.246144
1, 0.240881, 0.23, 0.77, 0.237406
1, 0.239322, 0.23, 0.77, 0.239538
1, 0.239856, 0.23, 0.77, 0.239841
1, 0.249488, 0.23, 0.77, 0.24764
1, 0.239139, 0.23, 0.77, 0.238875
1, 0.243837, 0.23, 0.77, 0.239894
1, 0.235663, 0.23, 0.77, 0.238783
1, 0.239144, 0.23, 0.77, 0.240036
1, 0.237424, 0.23, 0.77, 0.244603
1, 0.237464, 0.23, 0.77, 0.239723
1, 0.240957, 0.23, 0.77, 0.241108
1, 0.245192, 0.23, 0.77, 0.244999
1, 0.24105, 0.23, 0.77, 0.24108
1, 0.245851, 0.23, 0.77, 0.245667
1, 0.244191, 0.23, 0.77, 0.24091
1, 0.243586, 0.23, 0.77, 0.245085
1, 0.247561, 0.23, 0.77, 0.246237
1, 0.262153, 0.24, 0.76, 0.256664
1, 0.25381, 0.24, 0.76, 0.252068
1, 0.255825, 0.24, 0.76, 0.257531
1, 0.253987, 0.24, 0.76, 0.254929
1, 0.255658, 0.24, 0.76, 0.252113
1, 0.248103, 0.24, 0.76, 0.249907
1, 0.241512, 0.24, 0.76, 0.246699
1, 0.261104, 0.24, 0.76, 0.251249
1, 0.248483, 0.24, 0.76, 0.250369
1, 0.261917, 0.24, 0.76, 0.2549
1, 0.263302, 0.24, 0.76, 0.257282
1, 0.251463, 0.24, 0.76, 0.249458
1, 0.253218, 0.24, 0.76, 0.254702
1, 0.259082, 0.24, 0.76, 0.256745
1, 0.246314, 0.24, 0.76, 0.249145
1, 0.26022, 0.24, 0.76, 0.257727
1, 0.255492, 0.24, 0.76, 0.253828
1, 0.259951, 0.24, 0.76, 0.253957
1, 0.246139, 0.24, 0.76, 0.249633
1, 0.257352, 0.24, 0.76, 0.256445
1, 0.255725, 0.24, 0.76, 0.253166
1, 0.248195, 0.24, 0.76, 0.250199
1, 0.258332, 0.24, 0.76, 0.258352
1, 0.258644, 0.24, 0.76, 0.257129
1, 0.24626, 0.24, 0.76, 0.249125
1, 0.271421, 0.25, 0.75, 0.270355
1, 0.264452, 0.25, 0.75, 0.269479
1, 0.26817, 0.25, 0.75, 0.263558
1, 0.265269, 0.25, 0.75, 0.264304
1, 0.259472, 0.25, 0.75, 0.258728
1, 0.264943, 0.25, 0.75, 0.266455
1, 0.258073, 0.25, 0.75, 0.257247
1, 0.27558, 0.25, 0.75, 0.26806
1, 0.261053, 0.25, 0.75, 0.259906
1, 0.25868, 0.25, 0.75, 0.261685
1, 0.268445, 0.25, 0.75, 0.268431
1, 0.269789, 0.25, 0.75, 0.269302
1, 0.271396, 0.25, 0.75, 0.268148
1, 0.273085, 0.25, 0.75, 0.268923
1, 0.270133, 0.25, 0.75, 0.267642
1, 0.26721, 0.25, 0.75, 0.265468
1, 0.268445, 0.25, 0.75, 0.271137
1, 0.27088, 0.25, 0.75, 0.267486
1, 0.259381, 0.25, 0.75, 0.264462
1, 0.271362, 0.25, 0.75, 0.268186
1, 0.268626, 0.25, 0.75, 0.265215
1, 0.252395, 0.25, 0.75, 0.259738
1, 0.264768, 0.25, 0.75, 0.260694
1, 0.260158, 0.25, 0.75, 0.255508
1, 0.266707, 0.25, 0.75, 0.269867
1, 0.276139, 0.26, 0.74, 0.278665
1, 0.283731, 0.26, 0.74, 0.276653
1, 0.281181, 0.26, 0.74, 0.275429
1, 0.279592, 0.26, 0.74, 0.277583
1, 0.267579, 0.26, 0.74, 0.270169
1, 0.274097, 0.26, 0.74, 0.268213
1, 0.273407, 0.26, 0.74, 0.270914
1, 0.275117, 0.26, 0.74, 0.271471
1, 0.287111, 0.26, 0.74, 0.284488
1, 0.272219, 0.26, 0.74, 0.271293
1, 0.277105, 0.26, 0.74, 0.273937
1, 0.285567, 0.26, 0.74, 0.279132
1, 0.271107, 0.26, 0.74, 0.274316
1, 0.275331, 0.26, 0.74, 0.276373
1, 0.270356, 0.26, 0.74, 0.277979
1, 0.272261, 0.26, 0.74, 0.271744
1, 0.290638, 0.26, 0.74, 0.282232
1, 0.278388, 0.26, 0.74, 0.277143
1, 0.27709, 0.26, 0.74, 0.278994
1, 0.271692, 0.26, 0.74, 0.273642
1, 0.278748, 0.26, 0.74, 0.27875
1, 0.275323, 0.26, 0.74, 0.273738
1, 0.275518, 0.26, 0.74, 0.278014
1, 0.280489, 0.26, 0.74, 0.275218
1, 0.281315, 0.26, 0.74, 0.27782
1, 0.292976, 0.27, 0.73, 0.288283
1, 0.280177, 0.27, 0.73, 0.283406
1, 0.275777, 0.27, 0.73, 0.278913
1, 0.285864, 0.27, 0.73, 0.281431
1, 0.28545, 0.27, 0.73, 0.284651
1, 0.282279, 0.27, 0.73, 0.285034
1, 0.299768, 0.27, 0.73, 0.287401
1, 0.281648, 0.27, 0.73, 0.283233
1, 0.279594, 0.27, 0.73, 0.280226
1, 0.291684, 0.27, 0.73, 0.293767
1, 0.291687, 0.27, 0.73, 0.288647
1, 0.283441, 0.27, 0.73, 0.285258
1, 0.292385, 0.27, 0.73, 0.290057
1, 0.286751, 0.27, 0.73, 0.290348
1, 0.29043, 0.27, 0.73, 0.289735
1, 0.282884, 0.27, 0.73, 0.285185
1, 0.293661, 0.27, 0.73, 0.288564
1, 0.296859, 0.27, 0.73, 0.2893
1, 0.284884, 0.27, 0.73, 0.281828
1, 0.284682, 0.27, 0.73, 0.290046
1, 0.28476, 0.27, 0.73, 0.284409
1, 0.287539, 0.27, 0.73, 0.28962
1, 0.292662, 0.27, 0.73, 0.287447
1, 0.281238, 0.27, 0.73, 0.285631
1, 0.281237, 0.27, 0.73, 0.284145
1, 0.314197, 0.28, 0.72, 0.305032
1, 0.305366, 0.28, 0.72, 0.299031
1, 0.297941, 0.28, 0.72, 0.293937
1, 0.298517, 0.28, 0.72, 0.298067
1, 0.307139, 0.28, 0.72, 0.302467
1, 0.298939, 0.28, 0.72, 0.302611
1, 0.294173, 0.28, 0.72, 0.291016
1, 0.295271, 0.28, 0.72, 0.291798
1, 0.30199, 0.28, 0.72, 0.295
1, 0.292927, 0.28, 0.72, 0.289015
1, 0.292015, 0.28, 0.72, 0.293897
1, 0.293482, 0.28, 0.72, 0.296617
1, 0.312333, 0.28, 0.72, 0.303185
1, 0.29995, 0.28, 0.72, 0.301595
1, 0.305417, 0.28, 0.72, 0.300059
1, 0.302851, 0.28, 0.72, 0.300476
1, 0.296461, 0.28, 0.72, 0.297902
1, 0.285137, 0.28, 0.72, 0.288625
1, 0.30404, 0.28, 0.72, 0.299682
1, 0.293126, 0.28, 0.72, 0.2945
1, 0.298498, 0.28, 0.72, 0.299229
1, 0.310417, 0.28, 0.72, 0.301142
1, 0.297901, 0.28, 0.72, 0.299682
1, 0.296784, 0.28, 0.72, 0.294575
1, 0.301286, 0.28, 0.72, 0.297846
1, 0.311476, 0.29, 0.71, 0.308129
1, 0.310036, 0.29, 0.71, 0.311695
1, 0.315738, 0.29, 0.71, 0.31174
1, 0.314275, 0.29, 0.71, 0.307915
1, 0.30746, 0.29, 0.71, 0.302783
1, 0.312749, 0.29, 0.71, 0.310639
1, 0.314985, 0.29, 0.71, 0.311168
1, 0.309686, 0.29, 0.71, 0.310565
1, 0.319184, 0.29, 0.71, 0.309563
1, 0.316585, 0.29, 0.71, 0.313309
1, 0.308684, 0.29, 0.71, 0.30968
1, 0.300784, 0.29, 0.71, 0.304834
1, 0.305543, 0.29, 0.71, 0.306742
1, 0.313965, 0.29, 0.71, 0.310093
1, 0.317539, 0.29, 0.71, 0.314463
1, 0.311239, 0.29, 0.71, 0.312094
1, 0.304684, 0.29, 0.71, 0.303243
1, 0.316314, 0.29, 0.71, 0.313539
1, 0.310224, 0.29, 0.71, 0.304945
1, 0.311562, 0.29, 0.71, 0.30838
1, 0.311107, 0.29, 0.71, 0.312081
1, 0.309223, 0.29, 0.71, 0.307721
1, 0.312075, 0.29, 0.71, 0.313885
1, 0.311743, 0.29, 0.71, 0.310046
1, 0.317758, 0.29, 0.71, 0.31851
1, 0.319461, 0.3, 0.7, 0.319648
1, 0.320298, 0.3, 0.7, 0.319623
1, 0.321185, 0.3, 0.7, 0.320416
1, 0.327503, 0.3, 0.7, 0.326137
1, 0.316342, 0.3, 0.7, 0.31815
1, 0.325858, 0.3, 0.7, 0.323981
1, 0.330912, 0.3, 0.7, 0.325363
1, 0.331721, 0.3, 0.7, 0.329141
1, 0.328773, 0.3, 0.7, 0.319888
1, 0.325143, 0.3, 0.7, 0.321756
1, 0.322941, 0.3, 0.7, 0.314873
1, 0.322447, 0.3, 0.7, 0.31532
1, 0.332721, 0.3, 0.7, 0.326615
1, 0.313894, 0.3, 0.7, 0.317376
1, 0.327864, 0.3, 0.7, 0.326368
1, 0.32412, 0.3, 0.7, 0.326093
1, 0.324797, 0.3, 0.7, 0.320533
1, 0.327027, 0.3, 0.7, 0.32603
1, 0.326041, 0.3, 0.7, 0.327924
1, 0.316104, 0.3, 0.7, 0.316686
1, 0.336854, 0.3, 0.7, 0.326785
1, 0.314769, 0.3, 0.7, 0.317544
1, 0.322903, 0.3, 0.7, 0.32221
1, 0.322408, 0.3, 0.7, 0.322679
1, 0.320348, 0.3, 0.7, 0.318507
