# B5 Deferred-Switch Dynamic Strategy Simulation Results
# Switches deferred until private chains are naturally published
# This avoids abandoning chains but may delay or skip switches
# Schedule file: schedules/schedule_b5_honest_selfish_1000.txt
Gamma, Miner0_ProfitFraction, Miner0_HashRate, Miner1_HashRate, Miner0_BlockFraction
0.8, 0.151997, 0.15, 0.85, 0.151598
0.8, 0.148988, 0.15, 0.85, 0.149162
0.8, 0.140576, 0.15, 0.85, 0.144692
0.8, 0.152839, 0.15, 0.85, 0.152656
0.8, 0.151374, 0.15, 0.85, 0.149823
0.8, 0.150806, 0.15, 0.85, 0.15232
0.8, 0.156845, 0.15, 0.85, 0.153995
0.8, 0.150555, 0.15, 0.85, 0.15337
0.8, 0.151733, 0.15, 0.85, 0.149327
0.8, 0.148036, 0.15, 0.85, 0.146662
0.8, 0.151574, 0.15, 0.85, 0.151493
0.8, 0.150712, 0.15, 0.85, 0.151457
0.8, 0.147553, 0.15, 0.85, 0.15047
0.8, 0.154468, 0.15, 0.85, 0.151608
0.8, 0.153241, 0.15, 0.85, 0.150693
0.8, 0.151807, 0.15, 0.85, 0.153004
0.8, 0.152293, 0.15, 0.85, 0.154311
0.8, 0.152714, 0.15, 0.85, 0.153629
0.8, 0.152221, 0.15, 0.85, 0.153043
0.8, 0.155734, 0.15, 0.85, 0.154641
0.8, 0.150238, 0.15, 0.85, 0.151893
0.8, 0.152334, 0.15, 0.85, 0.153749
0.8, 0.152641, 0.15, 0.85, 0.147971
0.8, 0.150323, 0.15, 0.85, 0.149206
0.8, 0.151586, 0.15, 0.85, 0.149973
0.8, 0.153117, 0.16, 0.84, 0.155361
0.8, 0.160255, 0.16, 0.84, 0.158454
0.8, 0.159679, 0.16, 0.84, 0.160339
0.8, 0.165059, 0.16, 0.84, 0.165836
0.8, 0.161327, 0.16, 0.84, 0.15934
0.8, 0.161477, 0.16, 0.84, 0.160279
0.8, 0.163676, 0.16, 0.84, 0.163115
0.8, 0.16262, 0.16, 0.84, 0.158328
0.8, 0.163364, 0.16, 0.84, 0.161688
0.8, 0.159491, 0.16, 0.84, 0.161058
0.8, 0.155587, 0.16, 0.84, 0.157259
0.8, 0.164447, 0.16, 0.84, 0.165392
0.8, 0.156618, 0.16, 0.84, 0.158604
0.8, 0.162226, 0.16, 0.84, 0.164023
0.8, 0.158231, 0.16, 0.84, 0.157923
0.8, 0.162393, 0.16, 0.84, 0.157502
0.8, 0.164531, 0.16, 0.84, 0.166181
0.8, 0.165298, 0.16, 0.84, 0.160281
0.8, 0.159909, 0.16, 0.84, 0.160667
0.8, 0.163727, 0.16, 0.84, 0.166738
0.8, 0.163055, 0.16, 0.84, 0.158591
0.8, 0.159171, 0.16, 0.84, 0.15636
0.8, 0.160165, 0.16, 0.84, 0.162843
0.8, 0.159706, 0.16, 0.84, 0.158729
0.8, 0.156845, 0.16, 0.84, 0.158763
0.8, 0.175976, 0.17, 0.83, 0.174412
0.8, 0.174441, 0.17, 0.83, 0.172645
0.8, 0.176592, 0.17, 0.83, 0.177407
0.8, 0.164278, 0.17, 0.83, 0.175546
0.8, 0.173595, 0.17, 0.83, 0.170238
0.8, 0.169815, 0.17, 0.83, 0.167744
0.8, 0.175066, 0.17, 0.83, 0.172137
0.8, 0.179803, 0.17, 0.83, 0.178388
0.8, 0.162426, 0.17, 0.83, 0.168834
0.8, 0.177178, 0.17, 0.83, 0.175159
0.8, 0.17589, 0.17, 0.83, 0.172908
0.8, 0.177113, 0.17, 0.83, 0.176102
0.8, 0.17006, 0.17, 0.83, 0.171893
0.8, 0.16746, 0.17, 0.83, 0.170913
0.8, 0.168451, 0.17, 0.83, 0.175143
0.8, 0.174324, 0.17, 0.83, 0.176116
0.8, 0.164922, 0.17, 0.83, 0.168124
0.8, 0.167027, 0.17, 0.83, 0.172021
0.8, 0.172483, 0.17, 0.83, 0.171418
0.8, 0.176717, 0.17, 0.83, 0.173018
0.8, 0.173937, 0.17, 0.83, 0.172752
0.8, 0.171902, 0.17, 0.83, 0.169222
0.8, 0.172993, 0.17, 0.83, 0.169603
0.8, 0.18078, 0.17, 0.83, 0.178736
0.8, 0.177767, 0.17, 0.83, 0.172529
0.8, 0.193434, 0.18, 0.82, 0.185951
0.8, 0.182023, 0.18, 0.82, 0.182212
0.8, 0.179609, 0.18, 0.82, 0.179625
0.8, 0.177977, 0.18, 0.82, 0.178327
0.8, 0.18579, 0.18, 0.82, 0.186043
0.8, 0.184921, 0.18, 0.82, 0.187854
0.8, 0.18139, 0.18, 0.82, 0.177417
0.8, 0.182953, 0.18, 0.82, 0.182609
0.8, 0.181769, 0.18, 0.82, 0.180907
0.8, 0.180966, 0.18, 0.82, 0.182951
0.8, 0.187102, 0.18, 0.82, 0.183986
0.8, 0.183783, 0.18, 0.82, 0.18373
0.8, 0.18392, 0.18, 0.82, 0.184286
0.8, 0.182175, 0.18, 0.82, 0.185849
0.8, 0.188135, 0.18, 0.82, 0.186772
0.8, 0.181984, 0.18, 0.82, 0.184155
0.8, 0.183905, 0.18, 0.82, 0.182056
0.8, 0.185046, 0.18, 0.82, 0.185083
0.8, 0.18065, 0.18, 0.82, 0.179484
0.8, 0.17949, 0.18, 0.82, 0.183699
0.8, 0.185814, 0.18, 0.82, 0.184283
0.8, 0.186796, 0.18, 0.82, 0.188812
0.8, 0.187542, 0.18, 0.82, 0.185803
0.8, 0.183202, 0.18, 0.82, 0.187904
0.8, 0.180549, 0.18, 0.82, 0.184911
0.8, 0.194571, 0.19, 0.81, 0.195742
0.8, 0.203443, 0.19, 0.81, 0.198281
0.8, 0.200833, 0.19, 0.81, 0.198301
0.8, 0.188064, 0.19, 0.81, 0.191058
0.8, 0.201213, 0.19, 0.81, 0.201371
0.8, 0.190581, 0.19, 0.81, 0.193622
0.8, 0.193062, 0.19, 0.81, 0.191455
0.8, 0.189367, 0.19, 0.81, 0.192494
0.8, 0.197898, 0.19, 0.81, 0.197065
0.8, 0.189558, 0.19, 0.81, 0.192539
0.8, 0.195236, 0.19, 0.81, 0.193013
0.8, 0.198235, 0.19, 0.81, 0.194478
0.8, 0.19214, 0.19, 0.81, 0.196889
0.8, 0.198673, 0.19, 0.81, 0.195998
0.8, 0.197459, 0.19, 0.81, 0.195699
0.8, 0.195882, 0.19, 0.81, 0.194385
0.8, 0.197465, 0.19, 0.81, 0.196055
0.8, 0.20097, 0.19, 0.81, 0.1987
0.8, 0.193042, 0.19, 0.81, 0.18934
0.8, 0.190659, 0.19, 0.81, 0.193493
0.8, 0.196006, 0.19, 0.81, 0.199431
0.8, 0.202675, 0.19, 0.81, 0.198399
0.8, 0.196578, 0.19, 0.81, 0.194916
0.8, 0.20032, 0.19, 0.81, 0.198326
0.8, 0.204229, 0.19, 0.81, 0.20101
0.8, 0.198139, 0.2, 0.8, 0.202301
0.8, 0.207457, 0.2, 0.8, 0.207095
0.8, 0.214865, 0.2, 0.8, 0.209438
0.8, 0.205782, 0.2, 0.8, 0.205262
0.8, 0.208879, 0.2, 0.8, 0.206422
0.8, 0.211938, 0.2, 0.8, 0.210994
0.8, 0.207064, 0.2, 0.8, 0.208699
0.8, 0.210002, 0.2, 0.8, 0.210927
0.8, 0.205668, 0.2, 0.8, 0.202857
0.8, 0.21132, 0.2, 0.8, 0.20656
0.8, 0.209438, 0.2, 0.8, 0.205761
0.8, 0.204195, 0.2, 0.8, 0.20785
0.8, 0.204419, 0.2, 0.8, 0.204583
0.8, 0.207839, 0.2, 0.8, 0.20636
0.8, 0.208846, 0.2, 0.8, 0.206953
0.8, 0.205146, 0.2, 0.8, 0.205594
0.8, 0.206648, 0.2, 0.8, 0.207173
0.8, 0.204266, 0.2, 0.8, 0.208379
0.8, 0.204859, 0.2, 0.8, 0.208036
0.8, 0.202611, 0.2, 0.8, 0.207865
0.8, 0.212071, 0.2, 0.8, 0.205146
0.8, 0.204105, 0.2, 0.8, 0.208412
0.8, 0.206184, 0.2, 0.8, 0.203713
0.8, 0.200738, 0.2, 0.8, 0.206332
0.8, 0.202267, 0.2, 0.8, 0.199108
0.8, 0.223116, 0.21, 0.79, 0.222696
0.8, 0.223869, 0.21, 0.79, 0.221225
0.8, 0.221888, 0.21, 0.79, 0.223591
0.8, 0.213702, 0.21, 0.79, 0.21563
0.8, 0.213113, 0.21, 0.79, 0.215074
0.8, 0.214277, 0.21, 0.79, 0.215781
0.8, 0.217699, 0.21, 0.79, 0.217245
0.8, 0.220354, 0.21, 0.79, 0.218599
0.8, 0.219665, 0.21, 0.79, 0.218675
0.8, 0.221298, 0.21, 0.79, 0.221732
0.8, 0.214523, 0.21, 0.79, 0.217094
0.8, 0.220511, 0.21, 0.79, 0.219078
0.8, 0.219313, 0.21, 0.79, 0.218723
0.8, 0.213754, 0.21, 0.79, 0.215407
0.8, 0.2202, 0.21, 0.79, 0.217519
0.8, 0.221817, 0.21, 0.79, 0.220647
0.8, 0.214715, 0.21, 0.79, 0.221167
0.8, 0.223585, 0.21, 0.79, 0.224333
0.8, 0.226851, 0.21, 0.79, 0.223754
0.8, 0.221268, 0.21, 0.79, 0.221176
0.8, 0.216638, 0.21, 0.79, 0.218271
0.8, 0.214368, 0.21, 0.79, 0.214962
0.8, 0.217983, 0.21, 0.79, 0.215809
0.8, 0.220683, 0.21, 0.79, 0.220457
0.8, 0.214609, 0.21, 0.79, 0.213166
0.8, 0.224802, 0.22, 0.78, 0.226034
0.8, 0.224997, 0.22, 0.78, 0.228003
0.8, 0.228939, 0.22, 0.78, 0.229772
0.8, 0.221066, 0.22, 0.78, 0.22333
0.8, 0.238254, 0.22, 0.78, 0.233359
0.8, 0.227446, 0.22, 0.78, 0.227785
0.8, 0.232184, 0.22, 0.78, 0.229098
0.8, 0.241344, 0.22, 0.78, 0.231942
0.8, 0.226679, 0.22, 0.78, 0.22607
0.8, 0.237244, 0.22, 0.78, 0.237332
0.8, 0.230228, 0.22, 0.78, 0.22891
0.8, 0.237455, 0.22, 0.78, 0.231483
0.8, 0.231732, 0.22, 0.78, 0.232425
0.8, 0.23357, 0.22, 0.78, 0.236376
0.8, 0.229478, 0.22, 0.78, 0.228698
0.8, 0.226241, 0.22, 0.78, 0.232017
0.8, 0.225115, 0.22, 0.78, 0.228612
0.8, 0.2362, 0.22, 0.78, 0.227071
0.8, 0.224467, 0.22, 0.78, 0.225299
0.8, 0.21917, 0.22, 0.78, 0.226948
0.8, 0.229709, 0.22, 0.78, 0.226304
0.8, 0.228278, 0.22, 0.78, 0.228991
0.8, 0.228561, 0.22, 0.78, 0.229446
0.8, 0.230225, 0.22, 0.78, 0.230681
0.8, 0.235397, 0.22, 0.78, 0.231229
0.8, 0.244307, 0.23, 0.77, 0.24574
0.8, 0.244203, 0.23, 0.77, 0.242254
0.8, 0.233788, 0.23, 0.77, 0.236862
0.8, 0.246445, 0.23, 0.77, 0.246544
0.8, 0.243255, 0.23, 0.77, 0.241861
0.8, 0.244653, 0.23, 0.77, 0.244595
0.8, 0.249839, 0.23, 0.77, 0.251243
0.8, 0.243921, 0.23, 0.77, 0.2413
0.8, 0.240026, 0.23, 0.77, 0.238522
0.8, 0.241097, 0.23, 0.77, 0.241911
0.8, 0.240555, 0.23, 0.77, 0.241072
0.8, 0.250172, 0.23, 0.77, 0.242924
0.8, 0.244122, 0.23, 0.77, 0.24385
0.8, 0.233555, 0.23, 0.77, 0.23646
0.8, 0.239216, 0.23, 0.77, 0.239744
0.8, 0.241684, 0.23, 0.77, 0.243248
0.8, 0.247865, 0.23, 0.77, 0.246809
0.8, 0.244642, 0.23, 0.77, 0.246907
0.8, 0.239347, 0.23, 0.77, 0.242428
0.8, 0.246751, 0.23, 0.77, 0.245508
0.8, 0.237047, 0.23, 0.77, 0.238022
0.8, 0.245196, 0.23, 0.77, 0.244688
0.8, 0.241855, 0.23, 0.77, 0.243428
0.8, 0.245912, 0.23, 0.77, 0.243411
0.8, 0.24267, 0.23, 0.77, 0.240729
0.8, 0.253787, 0.24, 0.76, 0.253445
0.8, 0.256577, 0.24, 0.76, 0.254801
0.8, 0.251123, 0.24, 0.76, 0.249046
0.8, 0.249378, 0.24, 0.76, 0.251807
0.8, 0.249862, 0.24, 0.76, 0.251446
0.8, 0.250718, 0.24, 0.76, 0.252829
0.8, 0.248191, 0.24, 0.76, 0.250933
0.8, 0.255063, 0.24, 0.76, 0.256434
0.8, 0.25389, 0.24, 0.76, 0.253444
0.8, 0.252895, 0.24, 0.76, 0.250404
0.8, 0.251879, 0.24, 0.76, 0.253661
0.8, 0.266406, 0.24, 0.76, 0.261794
0.8, 0.263654, 0.24, 0.76, 0.258621
0.8, 0.247837, 0.24, 0.76, 0.250273
0.8, 0.252779, 0.24, 0.76, 0.256811
0.8, 0.255464, 0.24, 0.76, 0.257874
0.8, 0.251479, 0.24, 0.76, 0.248967
0.8, 0.265302, 0.24, 0.76, 0.265821
0.8, 0.247297, 0.24, 0.76, 0.251322
0.8, 0.246095, 0.24, 0.76, 0.248061
0.8, 0.247158, 0.24, 0.76, 0.249354
0.8, 0.255698, 0.24, 0.76, 0.252098
0.8, 0.255594, 0.24, 0.76, 0.256031
0.8, 0.263695, 0.24, 0.76, 0.254423
0.8, 0.243154, 0.24, 0.76, 0.245834
0.8, 0.261592, 0.25, 0.75, 0.262358
0.8, 0.264274, 0.25, 0.75, 0.263619
0.8, 0.266077, 0.25, 0.75, 0.262385
0.8, 0.271893, 0.25, 0.75, 0.269938
0.8, 0.262015, 0.25, 0.75, 0.265427
0.8, 0.271951, 0.25, 0.75, 0.268037
0.8, 0.269355, 0.25, 0.75, 0.266919
0.8, 0.254994, 0.25, 0.75, 0.260978
0.8, 0.279478, 0.25, 0.75, 0.269948
0.8, 0.272997, 0.25, 0.75, 0.270183
0.8, 0.263647, 0.25, 0.75, 0.267251
0.8, 0.266025, 0.25, 0.75, 0.27006
0.8, 0.265657, 0.25, 0.75, 0.263657
0.8, 0.269502, 0.25, 0.75, 0.268681
0.8, 0.259834, 0.25, 0.75, 0.259819
0.8, 0.26657, 0.25, 0.75, 0.264061
0.8, 0.259094, 0.25, 0.75, 0.265518
0.8, 0.269169, 0.25, 0.75, 0.266585
0.8, 0.258847, 0.25, 0.75, 0.26172
0.8, 0.259263, 0.25, 0.75, 0.266048
0.8, 0.270706, 0.25, 0.75, 0.268788
0.8, 0.267367, 0.25, 0.75, 0.264528
0.8, 0.259495, 0.25, 0.75, 0.261154
0.8, 0.27496, 0.25, 0.75, 0.272167
0.8, 0.264243, 0.25, 0.75, 0.256649
0.8, 0.276335, 0.26, 0.74, 0.27674
0.8, 0.279586, 0.26, 0.74, 0.281253
0.8, 0.283208, 0.26, 0.74, 0.278679
0.8, 0.280337, 0.26, 0.74, 0.276694
0.8, 0.285537, 0.26, 0.74, 0.287209
0.8, 0.284292, 0.26, 0.74, 0.281861
0.8, 0.27357, 0.26, 0.74, 0.277461
0.8, 0.282357, 0.26, 0.74, 0.281776
0.8, 0.277223, 0.26, 0.74, 0.280209
0.8, 0.27776, 0.26, 0.74, 0.276671
0.8, 0.285573, 0.26, 0.74, 0.278081
0.8, 0.272384, 0.26, 0.74, 0.270837
0.8, 0.284748, 0.26, 0.74, 0.279405
0.8, 0.278847, 0.26, 0.74, 0.276264
0.8, 0.281823, 0.26, 0.74, 0.278414
0.8, 0.2808, 0.26, 0.74, 0.280318
0.8, 0.290514, 0.26, 0.74, 0.283897
0.8, 0.285512, 0.26, 0.74, 0.282378
0.8, 0.281301, 0.26, 0.74, 0.281405
0.8, 0.289423, 0.26, 0.74, 0.284214
0.8, 0.274085, 0.26, 0.74, 0.275432
0.8, 0.280184, 0.26, 0.74, 0.277286
0.8, 0.281613, 0.26, 0.74, 0.280662
0.8, 0.288846, 0.26, 0.74, 0.282514
0.8, 0.280669, 0.26, 0.74, 0.279849
0.8, 0.288397, 0.27, 0.73, 0.288755
0.8, 0.29571, 0.27, 0.73, 0.294267
0.8, 0.292886, 0.27, 0.73, 0.290661
0.8, 0.285729, 0.27, 0.73, 0.28915
0.8, 0.291565, 0.27, 0.73, 0.288573
0.8, 0.290707, 0.27, 0.73, 0.29266
0.8, 0.295267, 0.27, 0.73, 0.292204
0.8, 0.291906, 0.27, 0.73, 0.290514
0.8, 0.28997, 0.27, 0.73, 0.288
0.8, 0.300798, 0.27, 0.73, 0.294624
0.8, 0.290718, 0.27, 0.73, 0.292162
0.8, 0.290532, 0.27, 0.73, 0.293296
0.8, 0.295761, 0.27, 0.73, 0.290667
0.8, 0.289079, 0.27, 0.73, 0.283978
0.8, 0.289819, 0.27, 0.73, 0.285738
0.8, 0.291729, 0.27, 0.73, 0.287655
0.8, 0.28441, 0.27, 0.73, 0.286644
0.8, 0.301188, 0.27, 0.73, 0.299078
0.8, 0.279073, 0.27, 0.73, 0.287033
0.8, 0.295484, 0.27, 0.73, 0.290105
0.8, 0.297009, 0.27, 0.73, 0.292223
0.8, 0.294104, 0.27, 0.73, 0.292516
0.8, 0.299129, 0.27, 0.73, 0.293754
0.8, 0.287741, 0.27, 0.73, 0.287729
0.8, 0.297936, 0.27, 0.73, 0.291092
0.8, 0.305941, 0.28, 0.72, 0.302756
0.8, 0.284431, 0.28, 0.72, 0.289516
0.8, 0.312891, 0.28, 0.72, 0.309485
0.8, 0.312719, 0.28, 0.72, 0.306287
0.8, 0.306167, 0.28, 0.72, 0.302666
0.8, 0.305408, 0.28, 0.72, 0.304571
0.8, 0.300206, 0.28, 0.72, 0.302157
0.8, 0.295906, 0.28, 0.72, 0.300263
0.8, 0.299958, 0.28, 0.72, 0.297175
0.8, 0.310182, 0.28, 0.72, 0.305635
0.8, 0.30272, 0.28, 0.72, 0.306385
0.8, 0.305591, 0.28, 0.72, 0.298075
0.8, 0.297024, 0.28, 0.72, 0.298258
0.8, 0.300241, 0.28, 0.72, 0.300649
0.8, 0.303663, 0.28, 0.72, 0.30052
0.8, 0.296649, 0.28, 0.72, 0.304025
0.8, 0.300935, 0.28, 0.72, 0.301063
0.8, 0.306257, 0.28, 0.72, 0.302992
0.8, 0.311978, 0.28, 0.72, 0.305124
0.8, 0.307004, 0.28, 0.72, 0.307301
0.8, 0.305483, 0.28, 0.72, 0.30449
0.8, 0.31606, 0.28, 0.72, 0.311751
0.8, 0.305151, 0.28, 0.72, 0.302859
0.8, 0.313074, 0.28, 0.72, 0.308433
0.8, 0.308485, 0.28, 0.72, 0.309096
0.8, 0.313626, 0.29, 0.71, 0.314195
0.8, 0.314667, 0.29, 0.71, 0.310331
0.8, 0.318433, 0.29, 0.71, 0.316856
0.8, 0.319016, 0.29, 0.71, 0.31608
0.8, 0.317035, 0.29, 0.71, 0.316328
0.8, 0.309062, 0.29, 0.71, 0.31231
0.8, 0.320603, 0.29, 0.71, 0.318259
0.8, 0.310948, 0.29, 0.71, 0.311859
0.8, 0.314415, 0.29, 0.71, 0.312535
0.8, 0.3232, 0.29, 0.71, 0.318259
0.8, 0.320832, 0.29, 0.71, 0.319667
0.8, 0.319116, 0.29, 0.71, 0.313294
0.8, 0.324279, 0.29, 0.71, 0.31879
0.8, 0.311295, 0.29, 0.71, 0.313657
0.8, 0.31888, 0.29, 0.71, 0.314615
0.8, 0.320778, 0.29, 0.71, 0.321106
0.8, 0.314841, 0.29, 0.71, 0.318055
0.8, 0.31628, 0.29, 0.71, 0.31519
0.8, 0.317055, 0.29, 0.71, 0.314646
0.8, 0.32229, 0.29, 0.71, 0.322276
0.8, 0.324214, 0.29, 0.71, 0.319973
0.8, 0.319738, 0.29, 0.71, 0.324427
0.8, 0.311449, 0.29, 0.71, 0.311396
0.8, 0.306078, 0.29, 0.71, 0.313395
0.8, 0.317086, 0.29, 0.71, 0.321999
0.8, 0.325342, 0.3, 0.7, 0.324551
0.8, 0.331887, 0.3, 0.7, 0.331044
0.8, 0.323466, 0.3, 0.7, 0.323259
0.8, 0.325626, 0.3, 0.7, 0.330075
0.8, 0.337222, 0.3, 0.7, 0.332378
0.8, 0.33613, 0.3, 0.7, 0.331234
0.8, 0.334128, 0.3, 0.7, 0.331652
0.8, 0.332467, 0.3, 0.7, 0.332094
0.8, 0.330485, 0.3, 0.7, 0.330439
0.8, 0.331308, 0.3, 0.7, 0.328421
0.8, 0.325843, 0.3, 0.7, 0.328174
0.8, 0.339399, 0.3, 0.7, 0.333503
0.8, 0.336699, 0.3, 0.7, 0.33181
0.8, 0.335119, 0.3, 0.7, 0.329802
0.8, 0.32469, 0.3, 0.7, 0.326545
0.8, 0.33263, 0.3, 0.7, 0.328889
0.8, 0.33368, 0.3, 0.7, 0.330748
0.8, 0.331956, 0.3, 0.7, 0.329552
0.8, 0.315299, 0.3, 0.7, 0.319138
0.8, 0.330215, 0.3, 0.7, 0.330607
0.8, 0.330346, 0.3, 0.7, 0.327072
0.8, 0.332673, 0.3, 0.7, 0.326986
0.8, 0.321946, 0.3, 0.7, 0.324344
0.8, 0.337919, 0.3, 0.7, 0.331505
0.8, 0.324992, 0.3, 0.7, 0.325767
0.85, 0.155641, 0.15, 0.85, 0.152174
0.85, 0.151368, 0.15, 0.85, 0.152303
0.85, 0.148509, 0.15, 0.85, 0.147488
0.85, 0.153443, 0.15, 0.85, 0.15373
0.85, 0.148913, 0.15, 0.85, 0.149679
0.85, 0.15631, 0.15, 0.85, 0.153409
0.85, 0.148412, 0.15, 0.85, 0.150833
0.85, 0.163131, 0.15, 0.85, 0.163388
0.85, 0.159248, 0.15, 0.85, 0.155161
0.85, 0.150313, 0.15, 0.85, 0.148698
0.85, 0.151316, 0.15, 0.85, 0.152583
0.85, 0.152525, 0.15, 0.85, 0.150625
0.85, 0.154852, 0.15, 0.85, 0.152117
0.85, 0.154497, 0.15, 0.85, 0.153517
0.85, 0.151414, 0.15, 0.85, 0.15426
0.85, 0.15516, 0.15, 0.85, 0.151319
0.85, 0.154475, 0.15, 0.85, 0.152569
0.85, 0.158474, 0.15, 0.85, 0.154601
0.85, 0.157935, 0.15, 0.85, 0.153175
0.85, 0.160223, 0.15, 0.85, 0.158537
0.85, 0.149738, 0.15, 0.85, 0.153578
0.85, 0.147828, 0.15, 0.85, 0.151844
0.85, 0.152683, 0.15, 0.85, 0.15326
0.85, 0.154016, 0.15, 0.85, 0.152716
0.85, 0.149606, 0.15, 0.85, 0.148377
0.85, 0.164187, 0.16, 0.84, 0.164
0.85, 0.164278, 0.16, 0.84, 0.161092
0.85, 0.164204, 0.16, 0.84, 0.162582
0.85, 0.164333, 0.16, 0.84, 0.164861
0.85, 0.169973, 0.16, 0.84, 0.169329
0.85, 0.167315, 0.16, 0.84, 0.167043
0.85, 0.162654, 0.16, 0.84, 0.161623
0.85, 0.161175, 0.16, 0.84, 0.163153
0.85, 0.161163, 0.16, 0.84, 0.163208
0.85, 0.164317, 0.16, 0.84, 0.164796
0.85, 0.157393, 0.16, 0.84, 0.158733
0.85, 0.164385, 0.16, 0.84, 0.167772
0.85, 0.167649, 0.16, 0.84, 0.165013
0.85, 0.163364, 0.16, 0.84, 0.162354
0.85, 0.163219, 0.16, 0.84, 0.162334
0.85, 0.15944, 0.16, 0.84, 0.160254
0.85, 0.160791, 0.16, 0.84, 0.161895
0.85, 0.158117, 0.16, 0.84, 0.162618
0.85, 0.166143, 0.16, 0.84, 0.167131
0.85, 0.169183, 0.16, 0.84, 0.171442
0.85, 0.163069, 0.16, 0.84, 0.164633
0.85, 0.164045, 0.16, 0.84, 0.164543
0.85, 0.165199, 0.16, 0.84, 0.166486
0.85, 0.162768, 0.16, 0.84, 0.165598
0.85, 0.162925, 0.16, 0.84, 0.163499
0.85, 0.167553, 0.17, 0.83, 0.170418
0.85, 0.177122, 0.17, 0.83, 0.179561
0.85, 0.174225, 0.17, 0.83, 0.175738
0.85, 0.172804, 0.17, 0.83, 0.170689
0.85, 0.17466, 0.17, 0.83, 0.172959
0.85, 0.172322, 0.17, 0.83, 0.175976
0.85, 0.174158, 0.17, 0.83, 0.177789
0.85, 0.174717, 0.17, 0.83, 0.173789
0.85, 0.163776, 0.17, 0.83, 0.168301
0.85, 0.177464, 0.17, 0.83, 0.177336
0.85, 0.180824, 0.17, 0.83, 0.178093
0.85, 0.167605, 0.17, 0.83, 0.171203
0.85, 0.176552, 0.17, 0.83, 0.178076
0.85, 0.174053, 0.17, 0.83, 0.17097
0.85, 0.175216, 0.17, 0.83, 0.175366
0.85, 0.176367, 0.17, 0.83, 0.176581
0.85, 0.182579, 0.17, 0.83, 0.179419
0.85, 0.165294, 0.17, 0.83, 0.167452
0.85, 0.191751, 0.17, 0.83, 0.185633
0.85, 0.173742, 0.17, 0.83, 0.17467
0.85, 0.180392, 0.17, 0.83, 0.178921
0.85, 0.178731, 0.17, 0.83, 0.174543
0.85, 0.167942, 0.17, 0.83, 0.172264
0.85, 0.178952, 0.17, 0.83, 0.17667
0.85, 0.176225, 0.17, 0.83, 0.174728
0.85, 0.192294, 0.18, 0.82, 0.188277
0.85, 0.178427, 0.18, 0.82, 0.185121
0.85, 0.180666, 0.18, 0.82, 0.180099
0.85, 0.184314, 0.18, 0.82, 0.184233
0.85, 0.186978, 0.18, 0.82, 0.189548
0.85, 0.183377, 0.18, 0.82, 0.18561
0.85, 0.182118, 0.18, 0.82, 0.184415
0.85, 0.185996, 0.18, 0.82, 0.186054
0.85, 0.182759, 0.18, 0.82, 0.187123
0.85, 0.189306, 0.18, 0.82, 0.184342
0.85, 0.181981, 0.18, 0.82, 0.184945
0.85, 0.193308, 0.18, 0.82, 0.189019
0.85, 0.198471, 0.18, 0.82, 0.192517
0.85, 0.187526, 0.18, 0.82, 0.185598
0.85, 0.183028, 0.18, 0.82, 0.183259
0.85, 0.184985, 0.18, 0.82, 0.185017
0.85, 0.188247, 0.18, 0.82, 0.186461
0.85, 0.188365, 0.18, 0.82, 0.191636
0.85, 0.182769, 0.18, 0.82, 0.18293
0.85, 0.189377, 0.18, 0.82, 0.18896
0.85, 0.187661, 0.18, 0.82, 0.1853
0.85, 0.190939, 0.18, 0.82, 0.189692
0.85, 0.185505, 0.18, 0.82, 0.185997
0.85, 0.185661, 0.18, 0.82, 0.18735
0.85, 0.178946, 0.18, 0.82, 0.180418
0.85, 0.19929, 0.19, 0.81, 0.195748
0.85, 0.198293, 0.19, 0.81, 0.197497
0.85, 0.195547, 0.19, 0.81, 0.196838
0.85, 0.196171, 0.19, 0.81, 0.192548
0.85, 0.199903, 0.19, 0.81, 0.198762
0.85, 0.199737, 0.19, 0.81, 0.200065
0.85, 0.194889, 0.19, 0.81, 0.193253
0.85, 0.194045, 0.19, 0.81, 0.196033
0.85, 0.200725, 0.19, 0.81, 0.200789
0.85, 0.201877, 0.19, 0.81, 0.203774
0.85, 0.195095, 0.19, 0.81, 0.200194
0.85, 0.192754, 0.19, 0.81, 0.197036
0.85, 0.19724, 0.19, 0.81, 0.199289
0.85, 0.189242, 0.19, 0.81, 0.193933
0.85, 0.201546, 0.19, 0.81, 0.199772
0.85, 0.197344, 0.19, 0.81, 0.1968
0.85, 0.197583, 0.19, 0.81, 0.196113
0.85, 0.196658, 0.19, 0.81, 0.196216
0.85, 0.208592, 0.19, 0.81, 0.204323
0.85, 0.199119, 0.19, 0.81, 0.195312
0.85, 0.201313, 0.19, 0.81, 0.199565
0.85, 0.198159, 0.19, 0.81, 0.197148
0.85, 0.202052, 0.19, 0.81, 0.201003
0.85, 0.199326, 0.19, 0.81, 0.196512
0.85, 0.198447, 0.19, 0.81, 0.201206
0.85, 0.209751, 0.2, 0.8, 0.209324
0.85, 0.208222, 0.2, 0.8, 0.210163
0.85, 0.219222, 0.2, 0.8, 0.214134
0.85, 0.21112, 0.2, 0.8, 0.211712
0.85, 0.209616, 0.2, 0.8, 0.213482
0.85, 0.208655, 0.2, 0.8, 0.207325
0.85, 0.211493, 0.2, 0.8, 0.20971
0.85, 0.206079, 0.2, 0.8, 0.206723
0.85, 0.209547, 0.2, 0.8, 0.208468
0.85, 0.209927, 0.2, 0.8, 0.207363
0.85, 0.204796, 0.2, 0.8, 0.207851
0.85, 0.221001, 0.2, 0.8, 0.215082
0.85, 0.205445, 0.2, 0.8, 0.204181
0.85, 0.22163, 0.2, 0.8, 0.212949
0.85, 0.200045, 0.2, 0.8, 0.202716
0.85, 0.211419, 0.2, 0.8, 0.211373
0.85, 0.211696, 0.2, 0.8, 0.210406
0.85, 0.210274, 0.2, 0.8, 0.212008
0.85, 0.218118, 0.2, 0.8, 0.215415
0.85, 0.204587, 0.2, 0.8, 0.210719
0.85, 0.20831, 0.2, 0.8, 0.208345
0.85, 0.209532, 0.2, 0.8, 0.211231
0.85, 0.215991, 0.2, 0.8, 0.210438
0.85, 0.209274, 0.2, 0.8, 0.208892
0.85, 0.20691, 0.2, 0.8, 0.206616
0.85, 0.216498, 0.21, 0.79, 0.215084
0.85, 0.22024, 0.21, 0.79, 0.21808
0.85, 0.218483, 0.21, 0.79, 0.219322
0.85, 0.223732, 0.21, 0.79, 0.221436
0.85, 0.221885, 0.21, 0.79, 0.218291
0.85, 0.211967, 0.21, 0.79, 0.215398
0.85, 0.218157, 0.21, 0.79, 0.224416
0.85, 0.228805, 0.21, 0.79, 0.229615
0.85, 0.221629, 0.21, 0.79, 0.221738
0.85, 0.206675, 0.21, 0.79, 0.214551
0.85, 0.21588, 0.21, 0.79, 0.218008
0.85, 0.216011, 0.21, 0.79, 0.216271
0.85, 0.213865, 0.21, 0.79, 0.221806
0.85, 0.221251, 0.21, 0.79, 0.22436
0.85, 0.223421, 0.21, 0.79, 0.220966
0.85, 0.221756, 0.21, 0.79, 0.220911
0.85, 0.218576, 0.21, 0.79, 0.217667
0.85, 0.228311, 0.21, 0.79, 0.227484
0.85, 0.223855, 0.21, 0.79, 0.223189
0.85, 0.216926, 0.21, 0.79, 0.220034
0.85, 0.214762, 0.21, 0.79, 0.215414
0.85, 0.224013, 0.21, 0.79, 0.225133
0.85, 0.225683, 0.21, 0.79, 0.222204
0.85, 0.223501, 0.21, 0.79, 0.221504
0.85, 0.215183, 0.21, 0.79, 0.216434
0.85, 0.226485, 0.22, 0.78, 0.231602
0.85, 0.234712, 0.22, 0.78, 0.23588
0.85, 0.22628, 0.22, 0.78, 0.230453
0.85, 0.238603, 0.22, 0.78, 0.233738
0.85, 0.226715, 0.22, 0.78, 0.231998
0.85, 0.228528, 0.22, 0.78, 0.228728
0.85, 0.228286, 0.22, 0.78, 0.236834
0.85, 0.238232, 0.22, 0.78, 0.241044
0.85, 0.23645, 0.22, 0.78, 0.234717
0.85, 0.230626, 0.22, 0.78, 0.235252
0.85, 0.228867, 0.22, 0.78, 0.230715
0.85, 0.229836, 0.22, 0.78, 0.235703
0.85, 0.228649, 0.22, 0.78, 0.230284
0.85, 0.240323, 0.22, 0.78, 0.23878
0.85, 0.231223, 0.22, 0.78, 0.232872
0.85, 0.235603, 0.22, 0.78, 0.237198
0.85, 0.239918, 0.22, 0.78, 0.235396
0.85, 0.239613, 0.22, 0.78, 0.238192
0.85, 0.230012, 0.22, 0.78, 0.231366
0.85, 0.226146, 0.22, 0.78, 0.226279
0.85, 0.234065, 0.22, 0.78, 0.235133
0.85, 0.225729, 0.22, 0.78, 0.230896
0.85, 0.235462, 0.22, 0.78, 0.23543
0.85, 0.227055, 0.22, 0.78, 0.233301
0.85, 0.225685, 0.22, 0.78, 0.226225
0.85, 0.250206, 0.23, 0.77, 0.247678
0.85, 0.241651, 0.23, 0.77, 0.238644
0.85, 0.249532, 0.23, 0.77, 0.246267
0.85, 0.248426, 0.23, 0.77, 0.250136
0.85, 0.246718, 0.23, 0.77, 0.248694
0.85, 0.246282, 0.23, 0.77, 0.245425
0.85, 0.241891, 0.23, 0.77, 0.238367
0.85, 0.245577, 0.23, 0.77, 0.241658
0.85, 0.24157, 0.23, 0.77, 0.245025
0.85, 0.242305, 0.23, 0.77, 0.248042
0.85, 0.253292, 0.23, 0.77, 0.25295
0.85, 0.237806, 0.23, 0.77, 0.243626
0.85, 0.241298, 0.23, 0.77, 0.243254
0.85, 0.237914, 0.23, 0.77, 0.24316
0.85, 0.245472, 0.23, 0.77, 0.241551
0.85, 0.241345, 0.23, 0.77, 0.240847
0.85, 0.24185, 0.23, 0.77, 0.239887
0.85, 0.246516, 0.23, 0.77, 0.248859
0.85, 0.244147, 0.23, 0.77, 0.247033
0.85, 0.244626, 0.23, 0.77, 0.240638
0.85, 0.243357, 0.23, 0.77, 0.243417
0.85, 0.24805, 0.23, 0.77, 0.24703
0.85, 0.244402, 0.23, 0.77, 0.244167
0.85, 0.249524, 0.23, 0.77, 0.251521
0.85, 0.246288, 0.23, 0.77, 0.242926
0.85, 0.264132, 0.24, 0.76, 0.260535
0.85, 0.263095, 0.24, 0.76, 0.261672
0.85, 0.266052, 0.24, 0.76, 0.258561
0.85, 0.268727, 0.24, 0.76, 0.263552
0.85, 0.256447, 0.24, 0.76, 0.257794
0.85, 0.256988, 0.24, 0.76, 0.253656
0.85, 0.260264, 0.24, 0.76, 0.261462
0.85, 0.266374, 0.24, 0.76, 0.260957
0.85, 0.255547, 0.24, 0.76, 0.252897
0.85, 0.263912, 0.24, 0.76, 0.262687
0.85, 0.254307, 0.24, 0.76, 0.255267
0.85, 0.264026, 0.24, 0.76, 0.260701
0.85, 0.256162, 0.24, 0.76, 0.256067
0.85, 0.254664, 0.24, 0.76, 0.256519
0.85, 0.250914, 0.24, 0.76, 0.257483
0.85, 0.25765, 0.24, 0.76, 0.260817
0.85, 0.26291, 0.24, 0.76, 0.262231
0.85, 0.269993, 0.24, 0.76, 0.264434
0.85, 0.267332, 0.24, 0.76, 0.264114
0.85, 0.257279, 0.24, 0.76, 0.259496
0.85, 0.262114, 0.24, 0.76, 0.266715
0.85, 0.26356, 0.24, 0.76, 0.261605
0.85, 0.254642, 0.24, 0.76, 0.256255
0.85, 0.252016, 0.24, 0.76, 0.255172
0.85, 0.257198, 0.24, 0.76, 0.253951
0.85, 0.26987, 0.25, 0.75, 0.269406
0.85, 0.272106, 0.25, 0.75, 0.266626
0.85, 0.259233, 0.25, 0.75, 0.266275
0.85, 0.268768, 0.25, 0.75, 0.268278
0.85, 0.262077, 0.25, 0.75, 0.267476
0.85, 0.269921, 0.25, 0.75, 0.268907
0.85, 0.268373, 0.25, 0.75, 0.265753
0.85, 0.278049, 0.25, 0.75, 0.27613
0.85, 0.263095, 0.25, 0.75, 0.260879
0.85, 0.267715, 0.25, 0.75, 0.267823
0.85, 0.266223, 0.25, 0.75, 0.264126
0.85, 0.267908, 0.25, 0.75, 0.264384
0.85, 0.273067, 0.25, 0.75, 0.26732
0.85, 0.271811, 0.25, 0.75, 0.268953
0.85, 0.274437, 0.25, 0.75, 0.272175
0.85, 0.267986, 0.25, 0.75, 0.268963
0.85, 0.269285, 0.25, 0.75, 0.269403
0.85, 0.266127, 0.25, 0.75, 0.271789
0.85, 0.271995, 0.25, 0.75, 0.27066
0.85, 0.275469, 0.25, 0.75, 0.27048
0.85, 0.273249, 0.25, 0.75, 0.267399
0.85, 0.267721, 0.25, 0.75, 0.266962
0.85, 0.267053, 0.25, 0.75, 0.271992
0.85, 0.263908, 0.25, 0.75, 0.265109
0.85, 0.268923, 0.25, 0.75, 0.270317
0.85, 0.284805, 0.26, 0.74, 0.281102
0.85, 0.283351, 0.26, 0.74, 0.280002
0.85, 0.278428, 0.26, 0.74, 0.279247
0.85, 0.281188, 0.26, 0.74, 0.28407
0.85, 0.288834, 0.26, 0.74, 0.285965
0.85, 0.277207, 0.26, 0.74, 0.278113
0.85, 0.280131, 0.26, 0.74, 0.283315
0.85, 0.281487, 0.26, 0.74, 0.28201
0.85, 0.275154, 0.26, 0.74, 0.276122
0.85, 0.280249, 0.26, 0.74, 0.277431
0.85, 0.282866, 0.26, 0.74, 0.280062
0.85, 0.275519, 0.26, 0.74, 0.276447
0.85, 0.288154, 0.26, 0.74, 0.2851
0.85, 0.282979, 0.26, 0.74, 0.282446
0.85, 0.290152, 0.26, 0.74, 0.283303
0.85, 0.286057, 0.26, 0.74, 0.284797
0.85, 0.280752, 0.26, 0.74, 0.280963
0.85, 0.281272, 0.26, 0.74, 0.279464
0.85, 0.277098, 0.26, 0.74, 0.282228
0.85, 0.280158, 0.26, 0.74, 0.281129
0.85, 0.265864, 0.26, 0.74, 0.273188
0.85, 0.278385, 0.26, 0.74, 0.27633
0.85, 0.281177, 0.26, 0.74, 0.285379
0.85, 0.285472, 0.26, 0.74, 0.278831
0.85, 0.288657, 0.26, 0.74, 0.288598
0.85, 0.296149, 0.27, 0.73, 0.295447
0.85, 0.285649, 0.27, 0.73, 0.284201
0.85, 0.29994, 0.27, 0.73, 0.2939
0.85, 0.283466, 0.27, 0.73, 0.286153
0.85, 0.296883, 0.27, 0.73, 0.293465
0.85, 0.289119, 0.27, 0.73, 0.287677
0.85, 0.289341, 0.27, 0.73, 0.294283
0.85, 0.299777, 0.27, 0.73, 0.297415
0.85, 0.29174, 0.27, 0.73, 0.290202
0.85, 0.300698, 0.27, 0.73, 0.296348
0.85, 0.290795, 0.27, 0.73, 0.292263
0.85, 0.308663, 0.27, 0.73, 0.306887
0.85, 0.289695, 0.27, 0.73, 0.293521
0.85, 0.300317, 0.27, 0.73, 0.302319
0.85, 0.29818, 0.27, 0.73, 0.296141
0.85, 0.290983, 0.27, 0.73, 0.292049
0.85, 0.292031, 0.27, 0.73, 0.291469
0.85, 0.291465, 0.27, 0.73, 0.295247
0.85, 0.290417, 0.27, 0.73, 0.292161
0.85, 0.292238, 0.27, 0.73, 0.297026
0.85, 0.29689, 0.27, 0.73, 0.295425
0.85, 0.312192, 0.27, 0.73, 0.297828
0.85, 0.297408, 0.27, 0.73, 0.296844
0.85, 0.305533, 0.27, 0.73, 0.302811
0.85, 0.292185, 0.27, 0.73, 0.291233
0.85, 0.310374, 0.28, 0.72, 0.307967
0.85, 0.303301, 0.28, 0.72, 0.302115
0.85, 0.302523, 0.28, 0.72, 0.306176
0.85, 0.308883, 0.28, 0.72, 0.309919
0.85, 0.301291, 0.28, 0.72, 0.304773
0.85, 0.306254, 0.28, 0.72, 0.303256
0.85, 0.317392, 0.28, 0.72, 0.311453
0.85, 0.303095, 0.28, 0.72, 0.303716
0.85, 0.314937, 0.28, 0.72, 0.311913
0.85, 0.319516, 0.28, 0.72, 0.314586
0.85, 0.3018, 0.28, 0.72, 0.304179
0.85, 0.308003, 0.28, 0.72, 0.310674
0.85, 0.312122, 0.28, 0.72, 0.310896
0.85, 0.301481, 0.28, 0.72, 0.299838
0.85, 0.303877, 0.28, 0.72, 0.31012
0.85, 0.313652, 0.28, 0.72, 0.30609
0.85, 0.301172, 0.28, 0.72, 0.30623
0.85, 0.301604, 0.28, 0.72, 0.300135
0.85, 0.310578, 0.28, 0.72, 0.309583
0.85, 0.312837, 0.28, 0.72, 0.310696
0.85, 0.310189, 0.28, 0.72, 0.306519
0.85, 0.30657, 0.28, 0.72, 0.307515
0.85, 0.306066, 0.28, 0.72, 0.304187
0.85, 0.308857, 0.28, 0.72, 0.309819
0.85, 0.302962, 0.28, 0.72, 0.296518
0.85, 0.313334, 0.29, 0.71, 0.315822
0.85, 0.324962, 0.29, 0.71, 0.326718
0.85, 0.30655, 0.29, 0.71, 0.309157
0.85, 0.318868, 0.29, 0.71, 0.317739
0.85, 0.328609, 0.29, 0.71, 0.321429
0.85, 0.321813, 0.29, 0.71, 0.322804
0.85, 0.323809, 0.29, 0.71, 0.321872
0.85, 0.315699, 0.29, 0.71, 0.316653
0.85, 0.326815, 0.29, 0.71, 0.322604
0.85, 0.311812, 0.29, 0.71, 0.311575
0.85, 0.319682, 0.29, 0.71, 0.319428
0.85, 0.32659, 0.29, 0.71, 0.322149
0.85, 0.307577, 0.29, 0.71, 0.30797
0.85, 0.323612, 0.29, 0.71, 0.313381
0.85, 0.318801, 0.29, 0.71, 0.321634
0.85, 0.317869, 0.29, 0.71, 0.312773
0.85, 0.320168, 0.29, 0.71, 0.319366
0.85, 0.319781, 0.29, 0.71, 0.314664
0.85, 0.318353, 0.29, 0.71, 0.317211
0.85, 0.326309, 0.29, 0.71, 0.32318
0.85, 0.328925, 0.29, 0.71, 0.325274
0.85, 0.313078, 0.29, 0.71, 0.314419
0.85, 0.312544, 0.29, 0.71, 0.318208
0.85, 0.32427, 0.29, 0.71, 0.325375
0.85, 0.310424, 0.29, 0.71, 0.308629
0.85, 0.335314, 0.3, 0.7, 0.334248
0.85, 0.326598, 0.3, 0.7, 0.322831
0.85, 0.33345, 0.3, 0.7, 0.32823
0.85, 0.344989, 0.3, 0.7, 0.341609
0.85, 0.333005, 0.3, 0.7, 0.330384
0.85, 0.337635, 0.3, 0.7, 0.335526
0.85, 0.319937, 0.3, 0.7, 0.323556
0.85, 0.331228, 0.3, 0.7, 0.333106
0.85, 0.333912, 0.3, 0.7, 0.327805
0.85, 0.32836, 0.3, 0.7, 0.328116
0.85, 0.33163, 0.3, 0.7, 0.331554
0.85, 0.335052, 0.3, 0.7, 0.331856
0.85, 0.336929, 0.3, 0.7, 0.331747
0.85, 0.333161, 0.3, 0.7, 0.331679
0.85, 0.340125, 0.3, 0.7, 0.338607
0.85, 0.339502, 0.3, 0.7, 0.332687
0.85, 0.350435, 0.3, 0.7, 0.339411
0.85, 0.333783, 0.3, 0.7, 0.332857
0.85, 0.33115, 0.3, 0.7, 0.328655
0.85, 0.330227, 0.3, 0.7, 0.329419
0.85, 0.333261, 0.3, 0.7, 0.332215
0.85, 0.334789, 0.3, 0.7, 0.328929
0.85, 0.328147, 0.3, 0.7, 0.333941
0.85, 0.345401, 0.3, 0.7, 0.337724
0.85, 0.333467, 0.3, 0.7, 0.333906
0.9, 0.154915, 0.15, 0.85, 0.158193
0.9, 0.155203, 0.15, 0.85, 0.154333
0.9, 0.158457, 0.15, 0.85, 0.158395
0.9, 0.149071, 0.15, 0.85, 0.150955
0.9, 0.15166, 0.15, 0.85, 0.150941
0.9, 0.15373, 0.15, 0.85, 0.156044
0.9, 0.152279, 0.15, 0.85, 0.154266
0.9, 0.151667, 0.15, 0.85, 0.15533
0.9, 0.153861, 0.15, 0.85, 0.153532
0.9, 0.160033, 0.15, 0.85, 0.15732
0.9, 0.155928, 0.15, 0.85, 0.156136
0.9, 0.163512, 0.15, 0.85, 0.160063
0.9, 0.155216, 0.15, 0.85, 0.160498
0.9, 0.157549, 0.15, 0.85, 0.156548
0.9, 0.157347, 0.15, 0.85, 0.158498
0.9, 0.162181, 0.15, 0.85, 0.162001
0.9, 0.15974, 0.15, 0.85, 0.158751
0.9, 0.156421, 0.15, 0.85, 0.156769
0.9, 0.157706, 0.15, 0.85, 0.158089
0.9, 0.152689, 0.15, 0.85, 0.157104
0.9, 0.157051, 0.15, 0.85, 0.155816
0.9, 0.154952, 0.15, 0.85, 0.153149
0.9, 0.155826, 0.15, 0.85, 0.153346
0.9, 0.160299, 0.15, 0.85, 0.161895
0.9, 0.149165, 0.15, 0.85, 0.149941
0.9, 0.164722, 0.16, 0.84, 0.164303
0.9, 0.17152, 0.16, 0.84, 0.169507
0.9, 0.172594, 0.16, 0.84, 0.167609
0.9, 0.160069, 0.16, 0.84, 0.164228
0.9, 0.165886, 0.16, 0.84, 0.166631
0.9, 0.171052, 0.16, 0.84, 0.16906
0.9, 0.165857, 0.16, 0.84, 0.165004
0.9, 0.163787, 0.16, 0.84, 0.163953
0.9, 0.166281, 0.16, 0.84, 0.169371
0.9, 0.170808, 0.16, 0.84, 0.17124
0.9, 0.16819, 0.16, 0.84, 0.164874
0.9, 0.162825, 0.16, 0.84, 0.167168
0.9, 0.161894, 0.16, 0.84, 0.167384
0.9, 0.164455, 0.16, 0.84, 0.162906
0.9, 0.165151, 0.16, 0.84, 0.162772
0.9, 0.162751, 0.16, 0.84, 0.167638
0.9, 0.165586, 0.16, 0.84, 0.164524
0.9, 0.163544, 0.16, 0.84, 0.162246
0.9, 0.170141, 0.16, 0.84, 0.169796
0.9, 0.163002, 0.16, 0.84, 0.16375
0.9, 0.168489, 0.16, 0.84, 0.17032
0.9, 0.162872, 0.16, 0.84, 0.164701
0.9, 0.166331, 0.16, 0.84, 0.166764
0.9, 0.169071, 0.16, 0.84, 0.173237
0.9, 0.17027, 0.16, 0.84, 0.171663
0.9, 0.173553, 0.17, 0.83, 0.174821
0.9, 0.171404, 0.17, 0.83, 0.175068
0.9, 0.191539, 0.17, 0.83, 0.18679
0.9, 0.176532, 0.17, 0.83, 0.176531
0.9, 0.179213, 0.17, 0.83, 0.179038
0.9, 0.175668, 0.17, 0.83, 0.174501
0.9, 0.175237, 0.17, 0.83, 0.175272
0.9, 0.176552, 0.17, 0.83, 0.176614
0.9, 0.187048, 0.17, 0.83, 0.184473
0.9, 0.181786, 0.17, 0.83, 0.184036
0.9, 0.179242, 0.17, 0.83, 0.175456
0.9, 0.177217, 0.17, 0.83, 0.178358
0.9, 0.181368, 0.17, 0.83, 0.180952
0.9, 0.170924, 0.17, 0.83, 0.173379
0.9, 0.175904, 0.17, 0.83, 0.178117
0.9, 0.176085, 0.17, 0.83, 0.173361
0.9, 0.174005, 0.17, 0.83, 0.178194
0.9, 0.175846, 0.17, 0.83, 0.17867
0.9, 0.180675, 0.17, 0.83, 0.176711
0.9, 0.178051, 0.17, 0.83, 0.177958
0.9, 0.174057, 0.17, 0.83, 0.172915
0.9, 0.173705, 0.17, 0.83, 0.173716
0.9, 0.181045, 0.17, 0.83, 0.183411
0.9, 0.178954, 0.17, 0.83, 0.176944
0.9, 0.179911, 0.17, 0.83, 0.179348
0.9, 0.188557, 0.18, 0.82, 0.190057
0.9, 0.189365, 0.18, 0.82, 0.190704
0.9, 0.191193, 0.18, 0.82, 0.190687
0.9, 0.188593, 0.18, 0.82, 0.189977
0.9, 0.190747, 0.18, 0.82, 0.194173
0.9, 0.187512, 0.18, 0.82, 0.189141
0.9, 0.198111, 0.18, 0.82, 0.196757
0.9, 0.187032, 0.18, 0.82, 0.186878
0.9, 0.192577, 0.18, 0.82, 0.193174
0.9, 0.191893, 0.18, 0.82, 0.192989
0.9, 0.185034, 0.18, 0.82, 0.186535
0.9, 0.188259, 0.18, 0.82, 0.190946
0.9, 0.189621, 0.18, 0.82, 0.189823
0.9, 0.190765, 0.18, 0.82, 0.188265
0.9, 0.191304, 0.18, 0.82, 0.190331
0.9, 0.18836, 0.18, 0.82, 0.190095
0.9, 0.180562, 0.18, 0.82, 0.183445
0.9, 0.18546, 0.18, 0.82, 0.187287
0.9, 0.189687, 0.18, 0.82, 0.189648
0.9, 0.18822, 0.18, 0.82, 0.185649
0.9, 0.191231, 0.18, 0.82, 0.188891
0.9, 0.187731, 0.18, 0.82, 0.191029
0.9, 0.182514, 0.18, 0.82, 0.187809
0.9, 0.188191, 0.18, 0.82, 0.189179
0.9, 0.189618, 0.18, 0.82, 0.189189
0.9, 0.199539, 0.19, 0.81, 0.200458
0.9, 0.19987, 0.19, 0.81, 0.200952
0.9, 0.204126, 0.19, 0.81, 0.201898
0.9, 0.198649, 0.19, 0.81, 0.2012
0.9, 0.199007, 0.19, 0.81, 0.200217
0.9, 0.194501, 0.19, 0.81, 0.194091
0.9, 0.202999, 0.19, 0.81, 0.201738
0.9, 0.205565, 0.19, 0.81, 0.201482
0.9, 0.206801, 0.19, 0.81, 0.203504
0.9, 0.202131, 0.19, 0.81, 0.201286
0.9, 0.207013, 0.19, 0.81, 0.200779
0.9, 0.200664, 0.19, 0.81, 0.20205
0.9, 0.199717, 0.19, 0.81, 0.196347
0.9, 0.201807, 0.19, 0.81, 0.199806
0.9, 0.197036, 0.19, 0.81, 0.197826
0.9, 0.20642, 0.19, 0.81, 0.204036
0.9, 0.203083, 0.19, 0.81, 0.198362
0.9, 0.189279, 0.19, 0.81, 0.191066
0.9, 0.199337, 0.19, 0.81, 0.198122
0.9, 0.200155, 0.19, 0.81, 0.200065
0.9, 0.200335, 0.19, 0.81, 0.2009
0.9, 0.206678, 0.19, 0.81, 0.201157
0.9, 0.201901, 0.19, 0.81, 0.196437
0.9, 0.197135, 0.19, 0.81, 0.200638
0.9, 0.204173, 0.19, 0.81, 0.202172
0.9, 0.216539, 0.2, 0.8, 0.210179
0.9, 0.207861, 0.2, 0.8, 0.209406
0.9, 0.212824, 0.2, 0.8, 0.210304
0.9, 0.209468, 0.2, 0.8, 0.211233
0.9, 0.211537, 0.2, 0.8, 0.210965
0.9, 0.218022, 0.2, 0.8, 0.217309
0.9, 0.213526, 0.2, 0.8, 0.213272
0.9, 0.207454, 0.2, 0.8, 0.209958
0.9, 0.22078, 0.2, 0.8, 0.22017
0.9, 0.206474, 0.2, 0.8, 0.207852
0.9, 0.208722, 0.2, 0.8, 0.211319
0.9, 0.210753, 0.2, 0.8, 0.207349
0.9, 0.208441, 0.2, 0.8, 0.212128
0.9, 0.2144, 0.2, 0.8, 0.214538
0.9, 0.21718, 0.2, 0.8, 0.213846
0.9, 0.204625, 0.2, 0.8, 0.20788
0.9, 0.205262, 0.2, 0.8, 0.203996
0.9, 0.216227, 0.2, 0.8, 0.2167
0.9, 0.209312, 0.2, 0.8, 0.210463
0.9, 0.211333, 0.2, 0.8, 0.211251
0.9, 0.209901, 0.2, 0.8, 0.208456
0.9, 0.212646, 0.2, 0.8, 0.213188
0.9, 0.204025, 0.2, 0.8, 0.21081
0.9, 0.209598, 0.2, 0.8, 0.20816
0.9, 0.210166, 0.2, 0.8, 0.208183
0.9, 0.226572, 0.21, 0.79, 0.226427
0.9, 0.224347, 0.21, 0.79, 0.22486
0.9, 0.220828, 0.21, 0.79, 0.223664
0.9, 0.218956, 0.21, 0.79, 0.222385
0.9, 0.212056, 0.21, 0.79, 0.217861
0.9, 0.214387, 0.21, 0.79, 0.218956
0.9, 0.22387, 0.21, 0.79, 0.22788
0.9, 0.215895, 0.21, 0.79, 0.223672
0.9, 0.220108, 0.21, 0.79, 0.222035
0.9, 0.220295, 0.21, 0.79, 0.223086
0.9, 0.218879, 0.21, 0.79, 0.21608
0.9, 0.219478, 0.21, 0.79, 0.220663
0.9, 0.22221, 0.21, 0.79, 0.22218
0.9, 0.225394, 0.21, 0.79, 0.228805
0.9, 0.228921, 0.21, 0.79, 0.229018
0.9, 0.22915, 0.21, 0.79, 0.230513
0.9, 0.219362, 0.21, 0.79, 0.220134
0.9, 0.215525, 0.21, 0.79, 0.224613
0.9, 0.226946, 0.21, 0.79, 0.228047
0.9, 0.221464, 0.21, 0.79, 0.222974
0.9, 0.220468, 0.21, 0.79, 0.223054
0.9, 0.225523, 0.21, 0.79, 0.222864
0.9, 0.219462, 0.21, 0.79, 0.222994
0.9, 0.227827, 0.21, 0.79, 0.225776
0.9, 0.223192, 0.21, 0.79, 0.222041
0.9, 0.229651, 0.22, 0.78, 0.231039
0.9, 0.237025, 0.22, 0.78, 0.241127
0.9, 0.234856, 0.22, 0.78, 0.235324
0.9, 0.230742, 0.22, 0.78, 0.234545
0.9, 0.239468, 0.22, 0.78, 0.241556
0.9, 0.230153, 0.22, 0.78, 0.232285
0.9, 0.234861, 0.22, 0.78, 0.233868
0.9, 0.231583, 0.22, 0.78, 0.232548
0.9, 0.238017, 0.22, 0.78, 0.235956
0.9, 0.232251, 0.22, 0.78, 0.230945
0.9, 0.230863, 0.22, 0.78, 0.236398
0.9, 0.23517, 0.22, 0.78, 0.236457
0.9, 0.232815, 0.22, 0.78, 0.24227
0.9, 0.246457, 0.22, 0.78, 0.242019
0.9, 0.244428, 0.22, 0.78, 0.242056
0.9, 0.23516, 0.22, 0.78, 0.231578
0.9, 0.237093, 0.22, 0.78, 0.235227
0.9, 0.239183, 0.22, 0.78, 0.237516
0.9, 0.234021, 0.22, 0.78, 0.229989
0.9, 0.238235, 0.22, 0.78, 0.23419
0.9, 0.230905, 0.22, 0.78, 0.232944
0.9, 0.228359, 0.22, 0.78, 0.231529
0.9, 0.242098, 0.22, 0.78, 0.242341
0.9, 0.23157, 0.22, 0.78, 0.234831
0.9, 0.228593, 0.22, 0.78, 0.232643
0.9, 0.248, 0.23, 0.77, 0.247538
0.9, 0.252166, 0.23, 0.77, 0.249752
0.9, 0.246271, 0.23, 0.77, 0.243234
0.9, 0.248521, 0.23, 0.77, 0.247653
0.9, 0.252604, 0.23, 0.77, 0.248702
0.9, 0.254176, 0.23, 0.77, 0.250616
0.9, 0.24306, 0.23, 0.77, 0.247289
0.9, 0.238406, 0.23, 0.77, 0.246093
0.9, 0.255389, 0.23, 0.77, 0.249605
0.9, 0.253883, 0.23, 0.77, 0.251604
0.9, 0.247753, 0.23, 0.77, 0.247024
0.9, 0.250654, 0.23, 0.77, 0.247317
0.9, 0.250985, 0.23, 0.77, 0.25134
0.9, 0.247496, 0.23, 0.77, 0.243489
0.9, 0.246633, 0.23, 0.77, 0.251111
0.9, 0.241115, 0.23, 0.77, 0.239658
0.9, 0.237223, 0.23, 0.77, 0.240937
0.9, 0.254664, 0.23, 0.77, 0.254898
0.9, 0.246109, 0.23, 0.77, 0.246569
0.9, 0.241357, 0.23, 0.77, 0.242574
0.9, 0.247745, 0.23, 0.77, 0.248865
0.9, 0.245364, 0.23, 0.77, 0.252459
0.9, 0.252605, 0.23, 0.77, 0.248604
0.9, 0.244811, 0.23, 0.77, 0.245105
0.9, 0.244124, 0.23, 0.77, 0.24923
0.9, 0.255394, 0.24, 0.76, 0.261694
0.9, 0.259316, 0.24, 0.76, 0.258792
0.9, 0.251851, 0.24, 0.76, 0.256097
0.9, 0.25928, 0.24, 0.76, 0.26191
0.9, 0.259396, 0.24, 0.76, 0.256709
0.9, 0.259656, 0.24, 0.76, 0.261973
0.9, 0.262383, 0.24, 0.76, 0.265151
0.9, 0.25872, 0.24, 0.76, 0.25815
0.9, 0.254888, 0.24, 0.76, 0.253735
0.9, 0.272175, 0.24, 0.76, 0.27029
0.9, 0.262572, 0.24, 0.76, 0.258741
0.9, 0.255608, 0.24, 0.76, 0.256309
0.9, 0.268338, 0.24, 0.76, 0.265801
0.9, 0.257758, 0.24, 0.76, 0.258442
0.9, 0.261393, 0.24, 0.76, 0.261923
0.9, 0.261643, 0.24, 0.76, 0.259814
0.9, 0.24976, 0.24, 0.76, 0.256042
0.9, 0.269457, 0.24, 0.76, 0.266692
0.9, 0.259656, 0.24, 0.76, 0.259607
0.9, 0.264872, 0.24, 0.76, 0.261885
0.9, 0.262147, 0.24, 0.76, 0.259518
0.9, 0.260061, 0.24, 0.76, 0.257326
0.9, 0.259028, 0.24, 0.76, 0.260911
0.9, 0.253346, 0.24, 0.76, 0.258865
0.9, 0.252879, 0.24, 0.76, 0.253718
0.9, 0.274779, 0.25, 0.75, 0.273755
0.9, 0.271191, 0.25, 0.75, 0.268963
0.9, 0.273972, 0.25, 0.75, 0.273905
0.9, 0.274153, 0.25, 0.75, 0.269946
0.9, 0.280072, 0.25, 0.75, 0.274349
0.9, 0.270225, 0.25, 0.75, 0.268214
0.9, 0.264979, 0.25, 0.75, 0.270414
0.9, 0.270062, 0.25, 0.75, 0.268008
0.9, 0.269391, 0.25, 0.75, 0.269986
0.9, 0.262036, 0.25, 0.75, 0.2666
0.9, 0.281915, 0.25, 0.75, 0.276161
0.9, 0.274247, 0.25, 0.75, 0.272616
0.9, 0.27273, 0.25, 0.75, 0.273302
0.9, 0.27577, 0.25, 0.75, 0.273032
0.9, 0.269016, 0.25, 0.75, 0.270505
0.9, 0.275015, 0.25, 0.75, 0.271228
0.9, 0.265999, 0.25, 0.75, 0.27014
0.9, 0.263807, 0.25, 0.75, 0.269177
0.9, 0.272639, 0.25, 0.75, 0.269783
0.9, 0.274292, 0.25, 0.75, 0.275237
0.9, 0.278687, 0.25, 0.75, 0.272232
0.9, 0.274008, 0.25, 0.75, 0.272111
0.9, 0.264273, 0.25, 0.75, 0.269368
0.9, 0.269346, 0.25, 0.75, 0.270792
0.9, 0.273746, 0.25, 0.75, 0.266437
0.9, 0.284552, 0.26, 0.74, 0.290927
0.9, 0.281326, 0.26, 0.74, 0.28261
0.9, 0.278587, 0.26, 0.74, 0.28195
0.9, 0.286536, 0.26, 0.74, 0.283175
0.9, 0.276852, 0.26, 0.74, 0.28037
0.9, 0.286683, 0.26, 0.74, 0.28601
0.9, 0.278941, 0.26, 0.74, 0.283237
0.9, 0.284522, 0.26, 0.74, 0.283956
0.9, 0.280913, 0.26, 0.74, 0.277671
0.9, 0.290652, 0.26, 0.74, 0.29063
0.9, 0.28738, 0.26, 0.74, 0.291112
0.9, 0.277247, 0.26, 0.74, 0.281356
0.9, 0.290245, 0.26, 0.74, 0.289147
0.9, 0.290939, 0.26, 0.74, 0.287234
0.9, 0.287656, 0.26, 0.74, 0.287738
0.9, 0.285934, 0.26, 0.74, 0.284758
0.9, 0.278924, 0.26, 0.74, 0.279152
0.9, 0.290542, 0.26, 0.74, 0.289241
0.9, 0.279002, 0.26, 0.74, 0.278082
0.9, 0.274008, 0.26, 0.74, 0.273451
0.9, 0.279642, 0.26, 0.74, 0.280353
0.9, 0.278993, 0.26, 0.74, 0.280858
0.9, 0.279831, 0.26, 0.74, 0.281725
0.9, 0.284637, 0.26, 0.74, 0.283438
0.9, 0.277361, 0.26, 0.74, 0.281688
0.9, 0.3022, 0.27, 0.73, 0.29805
0.9, 0.300232, 0.27, 0.73, 0.297649
0.9, 0.285274, 0.27, 0.73, 0.291489
0.9, 0.284799, 0.27, 0.73, 0.288522
0.9, 0.305489, 0.27, 0.73, 0.302518
0.9, 0.304657, 0.27, 0.73, 0.300078
0.9, 0.298456, 0.27, 0.73, 0.297016
0.9, 0.290867, 0.27, 0.73, 0.292562
0.9, 0.293727, 0.27, 0.73, 0.295031
0.9, 0.302491, 0.27, 0.73, 0.294737
0.9, 0.310586, 0.27, 0.73, 0.302093
0.9, 0.298589, 0.27, 0.73, 0.298846
0.9, 0.296642, 0.27, 0.73, 0.299742
0.9, 0.293634, 0.27, 0.73, 0.29596
0.9, 0.304767, 0.27, 0.73, 0.299224
0.9, 0.29778, 0.27, 0.73, 0.293892
0.9, 0.291906, 0.27, 0.73, 0.2942
0.9, 0.300072, 0.27, 0.73, 0.299778
0.9, 0.298298, 0.27, 0.73, 0.302023
0.9, 0.299494, 0.27, 0.73, 0.298142
0.9, 0.298686, 0.27, 0.73, 0.294546
0.9, 0.301767, 0.27, 0.73, 0.297387
0.9, 0.301273, 0.27, 0.73, 0.297594
0.9, 0.297119, 0.27, 0.73, 0.293689
0.9, 0.306826, 0.27, 0.73, 0.303044
0.9, 0.309457, 0.28, 0.72, 0.308115
0.9, 0.312511, 0.28, 0.72, 0.309872
0.9, 0.307941, 0.28, 0.72, 0.305903
0.9, 0.309357, 0.28, 0.72, 0.310538
0.9, 0.314132, 0.28, 0.72, 0.313021
0.9, 0.306128, 0.28, 0.72, 0.305012
0.9, 0.311051, 0.28, 0.72, 0.308669
0.9, 0.308336, 0.28, 0.72, 0.30313
0.9, 0.308172, 0.28, 0.72, 0.306198
0.9, 0.30148, 0.28, 0.72, 0.304654
0.9, 0.311373, 0.28, 0.72, 0.311386
0.9, 0.303614, 0.28, 0.72, 0.302427
0.9, 0.312452, 0.28, 0.72, 0.310339
0.9, 0.311154, 0.28, 0.72, 0.306125
0.9, 0.300388, 0.28, 0.72, 0.303529
0.9, 0.316486, 0.28, 0.72, 0.309258
0.9, 0.312277, 0.28, 0.72, 0.311712
0.9, 0.307291, 0.28, 0.72, 0.304951
0.9, 0.313405, 0.28, 0.72, 0.305588
0.9, 0.304843, 0.28, 0.72, 0.30347
0.9, 0.311451, 0.28, 0.72, 0.311456
0.9, 0.309063, 0.28, 0.72, 0.307242
0.9, 0.312516, 0.28, 0.72, 0.309016
0.9, 0.311306, 0.28, 0.72, 0.307362
0.9, 0.310446, 0.28, 0.72, 0.309213
0.9, 0.325526, 0.29, 0.71, 0.326565
0.9, 0.329089, 0.29, 0.71, 0.320605
0.9, 0.332576, 0.29, 0.71, 0.327268
0.9, 0.323378, 0.29, 0.71, 0.319331
0.9, 0.324203, 0.29, 0.71, 0.322196
0.9, 0.318761, 0.29, 0.71, 0.320767
0.9, 0.317181, 0.29, 0.71, 0.32106
0.9, 0.321114, 0.29, 0.71, 0.319277
0.9, 0.322998, 0.29, 0.71, 0.31889
0.9, 0.326031, 0.29, 0.71, 0.322788
0.9, 0.320574, 0.29, 0.71, 0.317135
0.9, 0.321872, 0.29, 0.71, 0.325318
0.9, 0.329212, 0.29, 0.71, 0.331343
0.9, 0.321064, 0.29, 0.71, 0.319427
0.9, 0.326504, 0.29, 0.71, 0.324659
0.9, 0.324086, 0.29, 0.71, 0.320777
0.9, 0.312939, 0.29, 0.71, 0.313911
0.9, 0.322135, 0.29, 0.71, 0.321242
0.9, 0.326183, 0.29, 0.71, 0.320748
0.9, 0.321251, 0.29, 0.71, 0.322382
0.9, 0.317203, 0.29, 0.71, 0.315025
0.9, 0.317699, 0.29, 0.71, 0.317634
0.9, 0.333041, 0.29, 0.71, 0.325545
0.9, 0.326395, 0.29, 0.71, 0.319952
0.9, 0.323365, 0.29, 0.71, 0.317809
0.9, 0.339167, 0.3, 0.7, 0.336612
0.9, 0.323723, 0.3, 0.7, 0.329996
0.9, 0.339337, 0.3, 0.7, 0.332805
0.9, 0.34802, 0.3, 0.7, 0.344345
0.9, 0.338688, 0.3, 0.7, 0.336603
0.9, 0.333926, 0.3, 0.7, 0.334576
0.9, 0.326117, 0.3, 0.7, 0.328766
0.9, 0.334504, 0.3, 0.7, 0.335215
0.9, 0.331923, 0.3, 0.7, 0.329318
0.9, 0.334793, 0.3, 0.7, 0.334693
0.9, 0.328103, 0.3, 0.7, 0.326585
0.9, 0.326395, 0.3, 0.7, 0.328627
0.9, 0.330822, 0.3, 0.7, 0.3332
0.9, 0.335115, 0.3, 0.7, 0.335016
0.9, 0.337403, 0.3, 0.7, 0.339969
0.9, 0.336517, 0.3, 0.7, 0.333144
0.9, 0.338438, 0.3, 0.7, 0.33913
0.9, 0.339702, 0.3, 0.7, 0.332458
0.9, 0.333549, 0.3, 0.7, 0.335799
0.9, 0.347708, 0.3, 0.7, 0.343486
0.9, 0.342863, 0.3, 0.7, 0.338413
0.9, 0.335193, 0.3, 0.7, 0.33199
0.9, 0.332207, 0.3, 0.7, 0.329466
0.9, 0.326875, 0.3, 0.7, 0.3332
0.9, 0.345248, 0.3, 0.7, 0.344277
0.95, 0.154313, 0.15, 0.85, 0.158162
0.95, 0.153652, 0.15, 0.85, 0.153744
0.95, 0.155241, 0.15, 0.85, 0.15582
0.95, 0.158247, 0.15, 0.85, 0.158892
0.95, 0.15858, 0.15, 0.85, 0.159375
0.95, 0.160203, 0.15, 0.85, 0.15986
0.95, 0.15236, 0.15, 0.85, 0.152034
0.95, 0.153237, 0.15, 0.85, 0.159426
0.95, 0.152218, 0.15, 0.85, 0.153005
0.95, 0.16147, 0.15, 0.85, 0.158793
0.95, 0.162237, 0.15, 0.85, 0.161808
0.95, 0.158679, 0.15, 0.85, 0.158256
0.95, 0.160571, 0.15, 0.85, 0.158854
0.95, 0.153064, 0.15, 0.85, 0.160139
0.95, 0.145306, 0.15, 0.85, 0.149699
0.95, 0.160022, 0.15, 0.85, 0.159774
0.95, 0.158647, 0.15, 0.85, 0.159779
0.95, 0.152316, 0.15, 0.85, 0.155386
0.95, 0.157499, 0.15, 0.85, 0.16189
0.95, 0.153558, 0.15, 0.85, 0.153559
0.95, 0.158167, 0.15, 0.85, 0.16055
0.95, 0.15559, 0.15, 0.85, 0.157803
0.95, 0.160568, 0.15, 0.85, 0.157945
0.95, 0.154368, 0.15, 0.85, 0.154218
0.95, 0.149577, 0.15, 0.85, 0.154014
0.95, 0.167757, 0.16, 0.84, 0.166702
0.95, 0.172022, 0.16, 0.84, 0.169485
0.95, 0.16756, 0.16, 0.84, 0.167669
0.95, 0.167556, 0.16, 0.84, 0.166959
0.95, 0.171244, 0.16, 0.84, 0.170262
0.95, 0.171438, 0.16, 0.84, 0.172966
0.95, 0.163816, 0.16, 0.84, 0.166327
0.95, 0.168991, 0.16, 0.84, 0.165878
0.95, 0.164934, 0.16, 0.84, 0.163746
0.95, 0.163012, 0.16, 0.84, 0.165334
0.95, 0.174577, 0.16, 0.84, 0.172127
0.95, 0.176515, 0.16, 0.84, 0.175604
0.95, 0.162695, 0.16, 0.84, 0.164736
0.95, 0.170487, 0.16, 0.84, 0.170414
0.95, 0.172709, 0.16, 0.84, 0.165139
0.95, 0.164119, 0.16, 0.84, 0.169242
0.95, 0.173084, 0.16, 0.84, 0.17277
0.95, 0.166302, 0.16, 0.84, 0.167493
0.95, 0.175703, 0.16, 0.84, 0.175752
0.95, 0.161809, 0.16, 0.84, 0.166667
0.95, 0.166459, 0.16, 0.84, 0.168867
0.95, 0.170398, 0.16, 0.84, 0.16995
0.95, 0.166009, 0.16, 0.84, 0.168201
0.95, 0.17221, 0.16, 0.84, 0.169057
0.95, 0.172369, 0.16, 0.84, 0.169013
0.95, 0.175713, 0.17, 0.83, 0.175597
0.95, 0.183299, 0.17, 0.83, 0.180035
0.95, 0.174865, 0.17, 0.83, 0.179555
0.95, 0.173642, 0.17, 0.83, 0.176858
0.95, 0.178782, 0.17, 0.83, 0.183276
0.95, 0.17967, 0.17, 0.83, 0.181126
0.95, 0.187243, 0.17, 0.83, 0.182979
0.95, 0.173469, 0.17, 0.83, 0.176417
0.95, 0.181721, 0.17, 0.83, 0.185488
0.95, 0.180127, 0.17, 0.83, 0.184681
0.95, 0.180848, 0.17, 0.83, 0.179932
0.95, 0.188886, 0.17, 0.83, 0.184995
0.95, 0.183537, 0.17, 0.83, 0.182215
0.95, 0.184797, 0.17, 0.83, 0.185163
0.95, 0.168934, 0.17, 0.83, 0.176671
0.95, 0.183325, 0.17, 0.83, 0.18213
0.95, 0.175574, 0.17, 0.83, 0.174305
0.95, 0.180231, 0.17, 0.83, 0.182177
0.95, 0.183631, 0.17, 0.83, 0.182499
0.95, 0.176371, 0.17, 0.83, 0.177898
0.95, 0.177434, 0.17, 0.83, 0.180587
0.95, 0.17724, 0.17, 0.83, 0.180134
0.95, 0.174967, 0.17, 0.83, 0.173365
0.95, 0.174384, 0.17, 0.83, 0.178596
0.95, 0.181345, 0.17, 0.83, 0.176696
0.95, 0.186155, 0.18, 0.82, 0.186427
0.95, 0.18648, 0.18, 0.82, 0.188852
0.95, 0.191942, 0.18, 0.82, 0.193352
0.95, 0.194299, 0.18, 0.82, 0.192232
0.95, 0.188044, 0.18, 0.82, 0.190492
0.95, 0.18818, 0.18, 0.82, 0.193205
0.95, 0.189886, 0.18, 0.82, 0.188546
0.95, 0.198508, 0.18, 0.82, 0.193011
0.95, 0.189452, 0.18, 0.82, 0.190319
0.95, 0.190737, 0.18, 0.82, 0.191768
0.95, 0.189689, 0.18, 0.82, 0.190731
0.95, 0.192502, 0.18, 0.82, 0.195213
0.95, 0.196767, 0.18, 0.82, 0.191332
0.95, 0.193468, 0.18, 0.82, 0.193771
0.95, 0.186322, 0.18, 0.82, 0.188587
0.95, 0.192809, 0.18, 0.82, 0.192223
0.95, 0.18915, 0.18, 0.82, 0.192289
0.95, 0.196586, 0.18, 0.82, 0.193796
0.95, 0.188983, 0.18, 0.82, 0.192528
0.95, 0.193639, 0.18, 0.82, 0.189513
0.95, 0.183806, 0.18, 0.82, 0.188786
0.95, 0.181696, 0.18, 0.82, 0.184969
0.95, 0.18242, 0.18, 0.82, 0.1859
0.95, 0.195458, 0.18, 0.82, 0.193461
0.95, 0.194991, 0.18, 0.82, 0.192995
0.95, 0.198293, 0.19, 0.81, 0.199819
0.95, 0.207541, 0.19, 0.81, 0.204743
0.95, 0.205278, 0.19, 0.81, 0.204799
0.95, 0.200902, 0.19, 0.81, 0.20163
0.95, 0.204978, 0.19, 0.81, 0.210792
0.95, 0.209714, 0.19, 0.81, 0.206196
0.95, 0.208737, 0.19, 0.81, 0.205602
0.95, 0.199032, 0.19, 0.81, 0.202101
0.95, 0.206443, 0.19, 0.81, 0.203842
0.95, 0.201869, 0.19, 0.81, 0.203592
0.95, 0.207491, 0.19, 0.81, 0.206078
0.95, 0.202549, 0.19, 0.81, 0.203337
0.95, 0.202227, 0.19, 0.81, 0.203419
0.95, 0.199639, 0.19, 0.81, 0.200076
0.95, 0.214572, 0.19, 0.81, 0.20873
0.95, 0.197005, 0.19, 0.81, 0.200774
0.95, 0.204171, 0.19, 0.81, 0.198544
0.95, 0.202172, 0.19, 0.81, 0.201526
0.95, 0.20599, 0.19, 0.81, 0.204531
0.95, 0.20723, 0.19, 0.81, 0.204789
0.95, 0.203659, 0.19, 0.81, 0.20422
0.95, 0.204806, 0.19, 0.81, 0.207496
0.95, 0.203482, 0.19, 0.81, 0.201894
0.95, 0.204248, 0.19, 0.81, 0.206174
0.95, 0.205302, 0.19, 0.81, 0.204547
0.95, 0.214042, 0.2, 0.8, 0.212782
0.95, 0.219913, 0.2, 0.8, 0.218989
0.95, 0.213237, 0.2, 0.8, 0.21544
0.95, 0.211894, 0.2, 0.8, 0.212512
0.95, 0.211718, 0.2, 0.8, 0.21422
0.95, 0.213481, 0.2, 0.8, 0.212369
0.95, 0.21217, 0.2, 0.8, 0.211964
0.95, 0.215053, 0.2, 0.8, 0.218737
0.95, 0.220494, 0.2, 0.8, 0.214445
0.95, 0.212628, 0.2, 0.8, 0.215032
0.95, 0.217994, 0.2, 0.8, 0.22006
0.95, 0.216556, 0.2, 0.8, 0.213557
0.95, 0.216486, 0.2, 0.8, 0.214455
0.95, 0.221869, 0.2, 0.8, 0.217183
0.95, 0.211898, 0.2, 0.8, 0.211634
0.95, 0.222677, 0.2, 0.8, 0.222426
0.95, 0.211644, 0.2, 0.8, 0.21351
0.95, 0.217263, 0.2, 0.8, 0.215449
0.95, 0.211832, 0.2, 0.8, 0.213927
0.95, 0.207392, 0.2, 0.8, 0.212452
0.95, 0.220266, 0.2, 0.8, 0.213527
0.95, 0.210946, 0.2, 0.8, 0.211523
0.95, 0.214072, 0.2, 0.8, 0.213424
0.95, 0.220477, 0.2, 0.8, 0.212939
0.95, 0.214329, 0.2, 0.8, 0.214149
0.95, 0.229136, 0.21, 0.79, 0.224088
0.95, 0.225261, 0.21, 0.79, 0.225763
0.95, 0.22771, 0.21, 0.79, 0.227886
0.95, 0.234304, 0.21, 0.79, 0.231859
0.95, 0.234595, 0.21, 0.79, 0.231667
0.95, 0.230672, 0.21, 0.79, 0.230518
0.95, 0.226456, 0.21, 0.79, 0.223714
0.95, 0.235551, 0.21, 0.79, 0.236658
0.95, 0.218333, 0.21, 0.79, 0.222646
0.95, 0.221761, 0.21, 0.79, 0.222017
0.95, 0.237609, 0.21, 0.79, 0.238857
0.95, 0.228639, 0.21, 0.79, 0.228196
0.95, 0.22354, 0.21, 0.79, 0.225341
0.95, 0.221208, 0.21, 0.79, 0.220435
0.95, 0.227823, 0.21, 0.79, 0.22823
0.95, 0.232158, 0.21, 0.79, 0.231142
0.95, 0.222642, 0.21, 0.79, 0.221558
0.95, 0.223552, 0.21, 0.79, 0.225868
0.95, 0.223744, 0.21, 0.79, 0.22578
0.95, 0.228477, 0.21, 0.79, 0.230018
0.95, 0.227745, 0.21, 0.79, 0.2282
0.95, 0.229268, 0.21, 0.79, 0.228387
0.95, 0.222099, 0.21, 0.79, 0.222636
0.95, 0.224312, 0.21, 0.79, 0.231981
0.95, 0.227292, 0.21, 0.79, 0.224243
0.95, 0.235525, 0.22, 0.78, 0.239547
0.95, 0.227124, 0.22, 0.78, 0.234318
0.95, 0.233923, 0.22, 0.78, 0.239874
0.95, 0.230747, 0.22, 0.78, 0.234537
0.95, 0.245119, 0.22, 0.78, 0.240063
0.95, 0.235261, 0.22, 0.78, 0.233274
0.95, 0.244143, 0.22, 0.78, 0.241302
0.95, 0.238608, 0.22, 0.78, 0.238723
0.95, 0.242771, 0.22, 0.78, 0.240991
0.95, 0.237672, 0.22, 0.78, 0.239255
0.95, 0.233362, 0.22, 0.78, 0.238401
0.95, 0.249862, 0.22, 0.78, 0.241512
0.95, 0.226673, 0.22, 0.78, 0.231798
0.95, 0.252136, 0.22, 0.78, 0.248333
0.95, 0.233943, 0.22, 0.78, 0.237895
0.95, 0.233664, 0.22, 0.78, 0.239485
0.95, 0.237304, 0.22, 0.78, 0.237571
0.95, 0.242984, 0.22, 0.78, 0.239715
0.95, 0.233995, 0.22, 0.78, 0.236887
0.95, 0.229977, 0.22, 0.78, 0.235382
0.95, 0.231929, 0.22, 0.78, 0.233656
0.95, 0.241141, 0.22, 0.78, 0.241831
0.95, 0.236859, 0.22, 0.78, 0.24319
0.95, 0.24173, 0.22, 0.78, 0.237671
0.95, 0.236101, 0.22, 0.78, 0.239147
0.95, 0.255673, 0.23, 0.77, 0.251583
0.95, 0.252422, 0.23, 0.77, 0.251952
0.95, 0.249136, 0.23, 0.77, 0.252393
0.95, 0.253843, 0.23, 0.77, 0.256511
0.95, 0.24221, 0.23, 0.77, 0.245704
0.95, 0.250063, 0.23, 0.77, 0.248418
0.95, 0.259941, 0.23, 0.77, 0.256205
0.95, 0.247959, 0.23, 0.77, 0.251681
0.95, 0.255212, 0.23, 0.77, 0.254597
0.95, 0.244284, 0.23, 0.77, 0.249781
0.95, 0.24799, 0.23, 0.77, 0.249548
0.95, 0.251914, 0.23, 0.77, 0.249751
0.95, 0.239509, 0.23, 0.77, 0.244934
0.95, 0.249703, 0.23, 0.77, 0.250956
0.95, 0.250983, 0.23, 0.77, 0.250454
0.95, 0.254524, 0.23, 0.77, 0.256374
0.95, 0.245901, 0.23, 0.77, 0.251291
0.95, 0.250289, 0.23, 0.77, 0.251378
0.95, 0.241387, 0.23, 0.77, 0.248642
0.95, 0.249671, 0.23, 0.77, 0.25116
0.95, 0.249321, 0.23, 0.77, 0.247015
0.95, 0.249482, 0.23, 0.77, 0.252683
0.95, 0.243215, 0.23, 0.77, 0.241948
0.95, 0.24987, 0.23, 0.77, 0.250493
0.95, 0.249084, 0.23, 0.77, 0.249478
0.95, 0.267257, 0.24, 0.76, 0.262464
0.95, 0.269878, 0.24, 0.76, 0.27084
0.95, 0.256699, 0.24, 0.76, 0.259037
0.95, 0.262193, 0.24, 0.76, 0.261885
0.95, 0.260576, 0.24, 0.76, 0.262092
0.95, 0.262407, 0.24, 0.76, 0.263187
0.95, 0.268069, 0.24, 0.76, 0.27036
0.95, 0.265628, 0.24, 0.76, 0.265506
0.95, 0.262503, 0.24, 0.76, 0.2594
0.95, 0.264134, 0.24, 0.76, 0.263967
0.95, 0.264254, 0.24, 0.76, 0.265259
0.95, 0.266362, 0.24, 0.76, 0.265706
0.95, 0.263118, 0.24, 0.76, 0.260424
0.95, 0.261621, 0.24, 0.76, 0.263391
0.95, 0.260783, 0.24, 0.76, 0.262836
0.95, 0.257729, 0.24, 0.76, 0.257886
0.95, 0.267798, 0.24, 0.76, 0.264384
0.95, 0.256538, 0.24, 0.76, 0.265727
0.95, 0.258812, 0.24, 0.76, 0.262179
0.95, 0.268022, 0.24, 0.76, 0.265863
0.95, 0.262404, 0.24, 0.76, 0.264906
0.95, 0.271775, 0.24, 0.76, 0.266902
0.95, 0.256361, 0.24, 0.76, 0.263086
0.95, 0.263184, 0.24, 0.76, 0.259783
0.95, 0.264267, 0.24, 0.76, 0.258095
0.95, 0.27588, 0.25, 0.75, 0.275848
0.95, 0.267301, 0.25, 0.75, 0.27176
0.95, 0.275301, 0.25, 0.75, 0.275109
0.95, 0.273298, 0.25, 0.75, 0.273765
0.95, 0.282993, 0.25, 0.75, 0.279964
0.95, 0.273759, 0.25, 0.75, 0.272446
0.95, 0.271134, 0.25, 0.75, 0.270484
0.95, 0.275985, 0.25, 0.75, 0.274104
0.95, 0.273337, 0.25, 0.75, 0.276536
0.95, 0.282947, 0.25, 0.75, 0.279026
0.95, 0.270515, 0.25, 0.75, 0.269158
0.95, 0.268389, 0.25, 0.75, 0.267657
0.95, 0.263962, 0.25, 0.75, 0.269854
0.95, 0.270403, 0.25, 0.75, 0.273338
0.95, 0.277144, 0.25, 0.75, 0.276617
0.95, 0.272758, 0.25, 0.75, 0.273637
0.95, 0.265721, 0.25, 0.75, 0.26849
0.95, 0.275957, 0.25, 0.75, 0.275181
0.95, 0.279144, 0.25, 0.75, 0.275787
0.95, 0.26776, 0.25, 0.75, 0.271383
0.95, 0.282139, 0.25, 0.75, 0.276703
0.95, 0.274076, 0.25, 0.75, 0.275424
0.95, 0.280702, 0.25, 0.75, 0.274039
0.95, 0.280485, 0.25, 0.75, 0.276997
0.95, 0.278983, 0.25, 0.75, 0.273233
0.95, 0.28916, 0.26, 0.74, 0.288049
0.95, 0.284604, 0.26, 0.74, 0.288419
0.95, 0.288242, 0.26, 0.74, 0.294042
0.95, 0.288559, 0.26, 0.74, 0.288625
0.95, 0.285178, 0.26, 0.74, 0.28557
0.95, 0.290994, 0.26, 0.74, 0.284847
0.95, 0.288519, 0.26, 0.74, 0.286558
0.95, 0.288546, 0.26, 0.74, 0.288067
0.95, 0.283957, 0.26, 0.74, 0.28479
0.95, 0.286231, 0.26, 0.74, 0.289163
0.95, 0.289969, 0.26, 0.74, 0.286906
0.95, 0.281751, 0.26, 0.74, 0.281877
0.95, 0.282689, 0.26, 0.74, 0.281781
0.95, 0.280204, 0.26, 0.74, 0.28569
0.95, 0.282629, 0.26, 0.74, 0.282154
0.95, 0.296663, 0.26, 0.74, 0.286893
0.95, 0.283155, 0.26, 0.74, 0.284
0.95, 0.286846, 0.26, 0.74, 0.284916
0.95, 0.285383, 0.26, 0.74, 0.287292
0.95, 0.281418, 0.26, 0.74, 0.287229
0.95, 0.286056, 0.26, 0.74, 0.282352
0.95, 0.284864, 0.26, 0.74, 0.285954
0.95, 0.297208, 0.26, 0.74, 0.288827
0.95, 0.281098, 0.26, 0.74, 0.282965
0.95, 0.283878, 0.26, 0.74, 0.286309
0.95, 0.305292, 0.27, 0.73, 0.303071
0.95, 0.299024, 0.27, 0.73, 0.299479
0.95, 0.30865, 0.27, 0.73, 0.303244
0.95, 0.288001, 0.27, 0.73, 0.293301
0.95, 0.302598, 0.27, 0.73, 0.301469
0.95, 0.308801, 0.27, 0.73, 0.303895
0.95, 0.293671, 0.27, 0.73, 0.298628
0.95, 0.298335, 0.27, 0.73, 0.30024
0.95, 0.299394, 0.27, 0.73, 0.296007
0.95, 0.297107, 0.27, 0.73, 0.295694
0.95, 0.302367, 0.27, 0.73, 0.299505
0.95, 0.30243, 0.27, 0.73, 0.300356
0.95, 0.297611, 0.27, 0.73, 0.292932
0.95, 0.304905, 0.27, 0.73, 0.305151
0.95, 0.294869, 0.27, 0.73, 0.298004
0.95, 0.306854, 0.27, 0.73, 0.302357
0.95, 0.299126, 0.27, 0.73, 0.298432
0.95, 0.296703, 0.27, 0.73, 0.295655
0.95, 0.306027, 0.27, 0.73, 0.302469
0.95, 0.296726, 0.27, 0.73, 0.297189
0.95, 0.297464, 0.27, 0.73, 0.294993
0.95, 0.293161, 0.27, 0.73, 0.294983
0.95, 0.300979, 0.27, 0.73, 0.29912
0.95, 0.296504, 0.27, 0.73, 0.302858
0.95, 0.298754, 0.27, 0.73, 0.2961
0.95, 0.309147, 0.28, 0.72, 0.309173
0.95, 0.310134, 0.28, 0.72, 0.311582
0.95, 0.310649, 0.28, 0.72, 0.314572
0.95, 0.299752, 0.28, 0.72, 0.300919
0.95, 0.308926, 0.28, 0.72, 0.309749
0.95, 0.324903, 0.28, 0.72, 0.320472
0.95, 0.309225, 0.28, 0.72, 0.311179
0.95, 0.314499, 0.28, 0.72, 0.315191
0.95, 0.307252, 0.28, 0.72, 0.313425
0.95, 0.308252, 0.28, 0.72, 0.308735
0.95, 0.314802, 0.28, 0.72, 0.310801
0.95, 0.320174, 0.28, 0.72, 0.316797
0.95, 0.319794, 0.28, 0.72, 0.309694
0.95, 0.305042, 0.28, 0.72, 0.30809
0.95, 0.305026, 0.28, 0.72, 0.303203
0.95, 0.309499, 0.28, 0.72, 0.310579
0.95, 0.318681, 0.28, 0.72, 0.315072
0.95, 0.306035, 0.28, 0.72, 0.308417
0.95, 0.311054, 0.28, 0.72, 0.308344
0.95, 0.316354, 0.28, 0.72, 0.313312
0.95, 0.317161, 0.28, 0.72, 0.317708
0.95, 0.314045, 0.28, 0.72, 0.312556
0.95, 0.310787, 0.28, 0.72, 0.316655
0.95, 0.310386, 0.28, 0.72, 0.309529
0.95, 0.321889, 0.28, 0.72, 0.3196
0.95, 0.332292, 0.29, 0.71, 0.326519
0.95, 0.33651, 0.29, 0.71, 0.326907
0.95, 0.323144, 0.29, 0.71, 0.321445
0.95, 0.318414, 0.29, 0.71, 0.318543
0.95, 0.322247, 0.29, 0.71, 0.32733
0.95, 0.326977, 0.29, 0.71, 0.31992
0.95, 0.323835, 0.29, 0.71, 0.325944
0.95, 0.312613, 0.29, 0.71, 0.321198
0.95, 0.332881, 0.29, 0.71, 0.326921
0.95, 0.328523, 0.29, 0.71, 0.326463
0.95, 0.319133, 0.29, 0.71, 0.316222
0.95, 0.329545, 0.29, 0.71, 0.325975
0.95, 0.323342, 0.29, 0.71, 0.321047
0.95, 0.321987, 0.29, 0.71, 0.320118
0.95, 0.327859, 0.29, 0.71, 0.322134
0.95, 0.321185, 0.29, 0.71, 0.324482
0.95, 0.329849, 0.29, 0.71, 0.323053
0.95, 0.321225, 0.29, 0.71, 0.319199
0.95, 0.32075, 0.29, 0.71, 0.32309
0.95, 0.32249, 0.29, 0.71, 0.324977
0.95, 0.322284, 0.29, 0.71, 0.3237
0.95, 0.328975, 0.29, 0.71, 0.32723
0.95, 0.332308, 0.29, 0.71, 0.331761
0.95, 0.326593, 0.29, 0.71, 0.327584
0.95, 0.330427, 0.29, 0.71, 0.326017
0.95, 0.335971, 0.3, 0.7, 0.332697
0.95, 0.339647, 0.3, 0.7, 0.337349
0.95, 0.335785, 0.3, 0.7, 0.334763
0.95, 0.339786, 0.3, 0.7, 0.335872
0.95, 0.332456, 0.3, 0.7, 0.335837
0.95, 0.34226, 0.3, 0.7, 0.33783
0.95, 0.344367, 0.3, 0.7, 0.340874
0.95, 0.340334, 0.3, 0.7, 0.337795
0.95, 0.331674, 0.3, 0.7, 0.333561
0.95, 0.332573, 0.3, 0.7, 0.333333
0.95, 0.330887, 0.3, 0.7, 0.33296
0.95, 0.329365, 0.3, 0.7, 0.333997
0.95, 0.336426, 0.3, 0.7, 0.333427
0.95, 0.338633, 0.3, 0.7, 0.338469
0.95, 0.343785, 0.3, 0.7, 0.341009
0.95, 0.338591, 0.3, 0.7, 0.338919
0.95, 0.341235, 0.3, 0.7, 0.339763
0.95, 0.343651, 0.3, 0.7, 0.339654
0.95, 0.351809, 0.3, 0.7, 0.339183
0.95, 0.344053, 0.3, 0.7, 0.344868
0.95, 0.336854, 0.3, 0.7, 0.336027
0.95, 0.341781, 0.3, 0.7, 0.340387
0.95, 0.333472, 0.3, 0.7, 0.334296
0.95, 0.341636, 0.3, 0.7, 0.341922
0.95, 0.330128, 0.3, 0.7, 0.333371
1, 0.153094, 0.15, 0.85, 0.157002
1, 0.155185, 0.15, 0.85, 0.158079
1, 0.156176, 0.15, 0.85, 0.159029
1, 0.162642, 0.15, 0.85, 0.159384
1, 0.159954, 0.15, 0.85, 0.161363
1, 0.161901, 0.15, 0.85, 0.162969
1, 0.167642, 0.15, 0.85, 0.163107
1, 0.151051, 0.15, 0.85, 0.156326
1, 0.16092, 0.15, 0.85, 0.161727
1, 0.151681, 0.15, 0.85, 0.155297
1, 0.158207, 0.15, 0.85, 0.16341
1, 0.161917, 0.15, 0.85, 0.159718
1, 0.152538, 0.15, 0.85, 0.155768
1, 0.162416, 0.15, 0.85, 0.165612
1, 0.16027, 0.15, 0.85, 0.165252
1, 0.163628, 0.15, 0.85, 0.163414
1, 0.16207, 0.15, 0.85, 0.157875
1, 0.15642, 0.15, 0.85, 0.16125
1, 0.155945, 0.15, 0.85, 0.154589
1, 0.156981, 0.15, 0.85, 0.160725
1, 0.159478, 0.15, 0.85, 0.158045
1, 0.16339, 0.15, 0.85, 0.163251
1, 0.157812, 0.15, 0.85, 0.156802
1, 0.155552, 0.15, 0.85, 0.156242
1, 0.155883, 0.15, 0.85, 0.156632
1, 0.164638, 0.16, 0.84, 0.162793
1, 0.170694, 0.16, 0.84, 0.172186
1, 0.172451, 0.16, 0.84, 0.175677
1, 0.172227, 0.16, 0.84, 0.169823
1, 0.174798, 0.16, 0.84, 0.172681
1, 0.172578, 0.16, 0.84, 0.1709
1, 0.168126, 0.16, 0.84, 0.171238
1, 0.171951, 0.16, 0.84, 0.168745
1, 0.168306, 0.16, 0.84, 0.169876
1, 0.176654, 0.16, 0.84, 0.172708
1, 0.174079, 0.16, 0.84, 0.16976
1, 0.166796, 0.16, 0.84, 0.168462
1, 0.171246, 0.16, 0.84, 0.17474
1, 0.172593, 0.16, 0.84, 0.173583
1, 0.165337, 0.16, 0.84, 0.16921
1, 0.172397, 0.16, 0.84, 0.171085
1, 0.167196, 0.16, 0.84, 0.171328
1, 0.172557, 0.16, 0.84, 0.173578
1, 0.168109, 0.16, 0.84, 0.169153
1, 0.16604, 0.16, 0.84, 0.166781
1, 0.171029, 0.16, 0.84, 0.167838
1, 0.174143, 0.16, 0.84, 0.171246
1, 0.174771, 0.16, 0.84, 0.171626
1, 0.166824, 0.16, 0.84, 0.171212
1, 0.173005, 0.16, 0.84, 0.172545
1, 0.188022, 0.17, 0.83, 0.185001
1, 0.183819, 0.17, 0.83, 0.183719
1, 0.176301, 0.17, 0.83, 0.177363
1, 0.182148, 0.17, 0.83, 0.181
1, 0.184592, 0.17, 0.83, 0.18216
1, 0.175741, 0.17, 0.83, 0.17757
1, 0.180545, 0.17, 0.83, 0.181179
1, 0.182824, 0.17, 0.83, 0.181431
1, 0.189494, 0.17, 0.83, 0.188067
1, 0.178805, 0.17, 0.83, 0.181344
1, 0.185378, 0.17, 0.83, 0.185109
1, 0.183644, 0.17, 0.83, 0.18336
1, 0.185213, 0.17, 0.83, 0.18004
1, 0.179602, 0.17, 0.83, 0.178612
1, 0.177703, 0.17, 0.83, 0.183694
1, 0.180734, 0.17, 0.83, 0.181241
1, 0.186063, 0.17, 0.83, 0.182692
1, 0.183837, 0.17, 0.83, 0.183004
1, 0.180017, 0.17, 0.83, 0.17966
1, 0.185788, 0.17, 0.83, 0.186402
1, 0.176573, 0.17, 0.83, 0.179319
1, 0.181596, 0.17, 0.83, 0.180195
1, 0.185145, 0.17, 0.83, 0.184643
1, 0.179801, 0.17, 0.83, 0.180212
1, 0.182615, 0.17, 0.83, 0.187604
1, 0.195564, 0.18, 0.82, 0.198903
1, 0.198683, 0.18, 0.82, 0.198684
1, 0.199675, 0.18, 0.82, 0.194733
1, 0.198631, 0.18, 0.82, 0.196079
1, 0.194481, 0.18, 0.82, 0.191981
1, 0.19741, 0.18, 0.82, 0.198848
1, 0.193488, 0.18, 0.82, 0.19433
1, 0.192973, 0.18, 0.82, 0.190014
1, 0.186411, 0.18, 0.82, 0.189052
1, 0.20082, 0.18, 0.82, 0.197753
1, 0.188946, 0.18, 0.82, 0.188455
1, 0.196293, 0.18, 0.82, 0.192911
1, 0.199764, 0.18, 0.82, 0.199637
1, 0.190817, 0.18, 0.82, 0.192681
1, 0.196292, 0.18, 0.82, 0.198043
1, 0.193313, 0.18, 0.82, 0.195059
1, 0.192635, 0.18, 0.82, 0.191832
1, 0.196318, 0.18, 0.82, 0.196426
1, 0.195037, 0.18, 0.82, 0.192714
1, 0.190382, 0.18, 0.82, 0.189918
1, 0.196338, 0.18, 0.82, 0.195822
1, 0.199241, 0.18, 0.82, 0.195981
1, 0.191581, 0.18, 0.82, 0.190012
1, 0.18616, 0.18, 0.82, 0.189617
1, 0.192777, 0.18, 0.82, 0.19276
1, 0.204263, 0.19, 0.81, 0.209735
1, 0.208859, 0.19, 0.81, 0.202682
1, 0.198696, 0.19, 0.81, 0.202282
1, 0.199816, 0.19, 0.81, 0.206182
1, 0.207404, 0.19, 0.81, 0.208799
1, 0.211083, 0.19, 0.81, 0.208585
1, 0.207971, 0.19, 0.81, 0.206568
1, 0.206941, 0.19, 0.81, 0.20574
1, 0.201426, 0.19, 0.81, 0.203942
1, 0.208646, 0.19, 0.81, 0.207246
1, 0.20653, 0.19, 0.81, 0.20803
1, 0.204443, 0.19, 0.81, 0.20582
1, 0.204252, 0.19, 0.81, 0.207386
1, 0.199676, 0.19, 0.81, 0.204495
1, 0.203098, 0.19, 0.81, 0.204277
1, 0.201439, 0.19, 0.81, 0.203221
1, 0.211463, 0.19, 0.81, 0.21015
1, 0.206347, 0.19, 0.81, 0.204584
1, 0.206263, 0.19, 0.81, 0.205649
1, 0.208019, 0.19, 0.81, 0.207735
1, 0.205198, 0.19, 0.81, 0.205941
1, 0.199951, 0.19, 0.81, 0.207573
1, 0.205225, 0.19, 0.81, 0.20586
1, 0.204152, 0.19, 0.81, 0.204159
1, 0.205622, 0.19, 0.81, 0.207916
1, 0.214613, 0.2, 0.8, 0.217318
1, 0.217651, 0.2, 0.8, 0.218603
1, 0.21506, 0.2, 0.8, 0.217822
1, 0.213344, 0.2, 0.8, 0.213674
1, 0.217004, 0.2, 0.8, 0.217273
1, 0.220233, 0.2, 0.8, 0.214092
1, 0.214921, 0.2, 0.8, 0.218967
1, 0.216642, 0.2, 0.8, 0.217291
1, 0.218603, 0.2, 0.8, 0.215711
1, 0.214644, 0.2, 0.8, 0.216688
1, 0.224173, 0.2, 0.8, 0.223033
1, 0.222193, 0.2, 0.8, 0.218671
1, 0.216958, 0.2, 0.8, 0.220419
1, 0.215178, 0.2, 0.8, 0.215039
1, 0.213991, 0.2, 0.8, 0.216639
1, 0.211507, 0.2, 0.8, 0.21583
1, 0.211541, 0.2, 0.8, 0.210787
1, 0.210356, 0.2, 0.8, 0.213647
1, 0.211038, 0.2, 0.8, 0.216079
1, 0.218706, 0.2, 0.8, 0.221764
1, 0.208122, 0.2, 0.8, 0.210476
1, 0.21622, 0.2, 0.8, 0.215957
1, 0.212166, 0.2, 0.8, 0.215941
1, 0.211679, 0.2, 0.8, 0.21157
1, 0.218866, 0.2, 0.8, 0.216814
1, 0.2247, 0.21, 0.79, 0.230862
1, 0.234447, 0.21, 0.79, 0.233788
1, 0.232276, 0.21, 0.79, 0.230549
1, 0.229316, 0.21, 0.79, 0.227719
1, 0.233107, 0.21, 0.79, 0.234856
1, 0.223698, 0.21, 0.79, 0.226204
1, 0.224861, 0.21, 0.79, 0.227859
1, 0.220141, 0.21, 0.79, 0.219803
1, 0.221538, 0.21, 0.79, 0.224588
1, 0.230565, 0.21, 0.79, 0.227686
1, 0.227131, 0.21, 0.79, 0.230761
1, 0.226022, 0.21, 0.79, 0.227332
1, 0.241134, 0.21, 0.79, 0.237809
1, 0.227639, 0.21, 0.79, 0.230255
1, 0.227092, 0.21, 0.79, 0.231479
1, 0.225609, 0.21, 0.79, 0.228418
1, 0.23009, 0.21, 0.79, 0.230633
1, 0.229365, 0.21, 0.79, 0.22658
1, 0.233168, 0.21, 0.79, 0.232355
1, 0.222747, 0.21, 0.79, 0.223664
1, 0.231276, 0.21, 0.79, 0.230731
1, 0.230013, 0.21, 0.79, 0.228405
1, 0.2243, 0.21, 0.79, 0.227362
1, 0.22928, 0.21, 0.79, 0.227315
1, 0.225955, 0.21, 0.79, 0.22782
1, 0.243532, 0.22, 0.78, 0.23532
1, 0.238824, 0.22, 0.78, 0.240587
1, 0.238622, 0.22, 0.78, 0.237642
1, 0.241403, 0.22, 0.78, 0.243661
1, 0.234409, 0.22, 0.78, 0.239263
1, 0.248903, 0.22, 0.78, 0.240285
1, 0.241321, 0.22, 0.78, 0.240427
1, 0.24767, 0.22, 0.78, 0.24236
1, 0.241809, 0.22, 0.78, 0.240707
1, 0.248212, 0.22, 0.78, 0.245786
1, 0.234734, 0.22, 0.78, 0.239914
1, 0.239354, 0.22, 0.78, 0.237303
1, 0.245031, 0.22, 0.78, 0.240087
1, 0.23775, 0.22, 0.78, 0.236724
1, 0.243222, 0.22, 0.78, 0.246132
1, 0.24471, 0.22, 0.78, 0.245555
1, 0.245087, 0.22, 0.78, 0.243691
1, 0.241228, 0.22, 0.78, 0.240527
1, 0.236748, 0.22, 0.78, 0.236445
1, 0.243238, 0.22, 0.78, 0.243138
1, 0.244721, 0.22, 0.78, 0.242863
1, 0.239108, 0.22, 0.78, 0.239559
1, 0.242067, 0.22, 0.78, 0.239998
1, 0.237577, 0.22, 0.78, 0.242767
1, 0.237341, 0.22, 0.78, 0.234716
1, 0.253028, 0.23, 0.77, 0.253197
1, 0.24942, 0.23, 0.77, 0.249946
1, 0.249037, 0.23, 0.77, 0.251395
1, 0.24974, 0.23, 0.77, 0.246365
1, 0.252589, 0.23, 0.77, 0.24911
1, 0.2454, 0.23, 0.77, 0.252775
1, 0.252988, 0.23, 0.77, 0.255148
1, 0.249016, 0.23, 0.77, 0.25022
1, 0.258085, 0.23, 0.77, 0.257002
1, 0.246007, 0.23, 0.77, 0.246206
1, 0.244892, 0.23, 0.77, 0.246237
1, 0.253047, 0.23, 0.77, 0.257346
1, 0.253691, 0.23, 0.77, 0.251425
1, 0.249183, 0.23, 0.77, 0.252112
1, 0.250287, 0.23, 0.77, 0.250513
1, 0.26034, 0.23, 0.77, 0.257977
1, 0.24655, 0.23, 0.77, 0.246313
1, 0.258407, 0.23, 0.77, 0.257089
1, 0.247513, 0.23, 0.77, 0.247742
1, 0.257948, 0.23, 0.77, 0.252447
1, 0.262819, 0.23, 0.77, 0.257768
1, 0.248329, 0.23, 0.77, 0.254802
1, 0.260144, 0.23, 0.77, 0.257093
1, 0.249709, 0.23, 0.77, 0.251424
1, 0.245125, 0.23, 0.77, 0.2471
1, 0.262722, 0.24, 0.76, 0.263265
1, 0.26754, 0.24, 0.76, 0.265753
1, 0.266154, 0.24, 0.76, 0.263989
1, 0.26925, 0.24, 0.76, 0.26895
1, 0.263977, 0.24, 0.76, 0.266885
1, 0.263016, 0.24, 0.76, 0.266729
1, 0.266921, 0.24, 0.76, 0.268831
1, 0.270357, 0.24, 0.76, 0.266357
1, 0.264552, 0.24, 0.76, 0.269291
1, 0.264878, 0.24, 0.76, 0.26694
1, 0.258276, 0.24, 0.76, 0.25916
1, 0.261858, 0.24, 0.76, 0.2616
1, 0.259875, 0.24, 0.76, 0.25887
1, 0.264124, 0.24, 0.76, 0.265274
1, 0.262022, 0.24, 0.76, 0.26236
1, 0.264735, 0.24, 0.76, 0.264504
1, 0.256023, 0.24, 0.76, 0.260668
1, 0.265202, 0.24, 0.76, 0.264288
1, 0.255631, 0.24, 0.76, 0.257328
1, 0.26644, 0.24, 0.76, 0.263547
1, 0.262851, 0.24, 0.76, 0.264524
1, 0.264507, 0.24, 0.76, 0.265549
1, 0.263598, 0.24, 0.76, 0.265777
1, 0.270287, 0.24, 0.76, 0.267002
1, 0.264718, 0.24, 0.76, 0.266512
1, 0.277967, 0.25, 0.75, 0.278098
1, 0.278911, 0.25, 0.75, 0.273279
1, 0.282632, 0.25, 0.75, 0.277274
1, 0.281333, 0.25, 0.75, 0.279129
1, 0.26865, 0.25, 0.75, 0.272955
1, 0.273307, 0.25, 0.75, 0.276939
1, 0.277344, 0.25, 0.75, 0.276682
1, 0.290333, 0.25, 0.75, 0.282927
1, 0.272049, 0.25, 0.75, 0.278392
1, 0.27332, 0.25, 0.75, 0.273574
1, 0.277928, 0.25, 0.75, 0.280484
1, 0.277549, 0.25, 0.75, 0.274866
1, 0.280016, 0.25, 0.75, 0.28107
1, 0.276097, 0.25, 0.75, 0.278236
1, 0.279225, 0.25, 0.75, 0.275536
1, 0.273343, 0.25, 0.75, 0.278352
1, 0.283349, 0.25, 0.75, 0.279829
1, 0.288036, 0.25, 0.75, 0.282456
1, 0.278762, 0.25, 0.75, 0.273104
1, 0.274547, 0.25, 0.75, 0.277023
1, 0.283914, 0.25, 0.75, 0.281477
1, 0.285494, 0.25, 0.75, 0.280906
1, 0.271587, 0.25, 0.75, 0.276622
1, 0.280564, 0.25, 0.75, 0.277659
1, 0.280667, 0.25, 0.75, 0.280716
1, 0.289646, 0.26, 0.74, 0.2918
1, 0.28573, 0.26, 0.74, 0.285259
1, 0.298701, 0.26, 0.74, 0.299151
1, 0.287947, 0.26, 0.74, 0.289929
1, 0.293544, 0.26, 0.74, 0.293494
1, 0.288055, 0.26, 0.74, 0.286387
1, 0.279452, 0.26, 0.74, 0.286631
1, 0.291634, 0.26, 0.74, 0.290294
1, 0.295926, 0.26, 0.74, 0.290559
1, 0.283393, 0.26, 0.74, 0.286842
1, 0.282309, 0.26, 0.74, 0.285311
1, 0.289453, 0.26, 0.74, 0.289106
1, 0.294873, 0.26, 0.74, 0.289372
1, 0.288857, 0.26, 0.74, 0.292278
1, 0.288932, 0.26, 0.74, 0.289387
1, 0.285098, 0.26, 0.74, 0.291226
1, 0.292453, 0.26, 0.74, 0.295103
1, 0.292946, 0.26, 0.74, 0.292088
1, 0.283293, 0.26, 0.74, 0.284208
1, 0.285438, 0.26, 0.74, 0.28618
1, 0.286447, 0.26, 0.74, 0.287014
1, 0.286183, 0.26, 0.74, 0.291906
1, 0.299673, 0.26, 0.74, 0.294709
1, 0.287883, 0.26, 0.74, 0.291699
1, 0.283979, 0.26, 0.74, 0.289681
1, 0.309129, 0.27, 0.73, 0.307395
1, 0.304951, 0.27, 0.73, 0.304027
1, 0.304098, 0.27, 0.73, 0.304179
1, 0.300612, 0.27, 0.73, 0.296319
1, 0.298995, 0.27, 0.73, 0.299593
1, 0.291481, 0.27, 0.73, 0.300006
1, 0.304919, 0.27, 0.73, 0.306079
1, 0.302935, 0.27, 0.73, 0.304453
1, 0.308595, 0.27, 0.73, 0.30333
1, 0.304392, 0.27, 0.73, 0.296806
1, 0.305275, 0.27, 0.73, 0.299274
1, 0.300816, 0.27, 0.73, 0.295904
1, 0.305277, 0.27, 0.73, 0.304299
1, 0.298528, 0.27, 0.73, 0.298015
1, 0.302762, 0.27, 0.73, 0.302452
1, 0.309888, 0.27, 0.73, 0.305557
1, 0.309355, 0.27, 0.73, 0.303522
1, 0.307581, 0.27, 0.73, 0.302438
1, 0.310631, 0.27, 0.73, 0.304865
1, 0.31634, 0.27, 0.73, 0.30501
1, 0.289196, 0.27, 0.73, 0.292168
1, 0.31369, 0.27, 0.73, 0.307987
1, 0.302661, 0.27, 0.73, 0.303912
1, 0.301314, 0.27, 0.73, 0.301372
1, 0.302193, 0.27, 0.73, 0.301558
1, 0.313353, 0.28, 0.72, 0.312447
1, 0.318935, 0.28, 0.72, 0.313485
1, 0.313096, 0.28, 0.72, 0.321483
1, 0.313975, 0.28, 0.72, 0.315001
1, 0.308155, 0.28, 0.72, 0.308552
1, 0.319297, 0.28, 0.72, 0.317803
1, 0.314874, 0.28, 0.72, 0.320457
1, 0.308793, 0.28, 0.72, 0.311654
1, 0.321301, 0.28, 0.72, 0.318409
1, 0.322669, 0.28, 0.72, 0.320018
1, 0.322029, 0.28, 0.72, 0.320454
1, 0.319711, 0.28, 0.72, 0.319826
1, 0.313569, 0.28, 0.72, 0.309662
1, 0.321068, 0.28, 0.72, 0.318082
1, 0.318676, 0.28, 0.72, 0.317978
1, 0.310584, 0.28, 0.72, 0.314201
1, 0.306032, 0.28, 0.72, 0.308895
1, 0.320289, 0.28, 0.72, 0.319828
1, 0.31607, 0.28, 0.72, 0.312154
1, 0.314892, 0.28, 0.72, 0.312332
1, 0.31536, 0.28, 0.72, 0.312769
1, 0.315141, 0.28, 0.72, 0.314959
1, 0.310379, 0.28, 0.72, 0.313373
1, 0.323103, 0.28, 0.72, 0.316421
1, 0.317147, 0.28, 0.72, 0.314409
1, 0.329596, 0.29, 0.71, 0.32918
1, 0.339142, 0.29, 0.71, 0.33468
1, 0.326102, 0.29, 0.71, 0.32723
1, 0.334412, 0.29, 0.71, 0.327899
1, 0.329164, 0.29, 0.71, 0.328441
1, 0.335098, 0.29, 0.71, 0.328878
1, 0.32343, 0.29, 0.71, 0.324753
1, 0.321982, 0.29, 0.71, 0.320948
1, 0.316314, 0.29, 0.71, 0.325795
1, 0.329436, 0.29, 0.71, 0.329288
1, 0.320396, 0.29, 0.71, 0.32219
1, 0.325725, 0.29, 0.71, 0.323283
1, 0.328446, 0.29, 0.71, 0.326277
1, 0.325795, 0.29, 0.71, 0.328387
1, 0.335952, 0.29, 0.71, 0.325631
1, 0.319854, 0.29, 0.71, 0.319023
1, 0.328866, 0.29, 0.71, 0.327017
1, 0.330588, 0.29, 0.71, 0.324615
1, 0.325397, 0.29, 0.71, 0.328623
1, 0.332015, 0.29, 0.71, 0.329145
1, 0.326801, 0.29, 0.71, 0.321431
1, 0.322339, 0.29, 0.71, 0.322321
1, 0.322776, 0.29, 0.71, 0.322444
1, 0.320178, 0.29, 0.71, 0.318491
1, 0.323502, 0.29, 0.71, 0.323716
1, 0.339261, 0.3, 0.7, 0.337486
1, 0.346791, 0.3, 0.7, 0.342566
1, 0.346966, 0.3, 0.7, 0.343319
1, 0.345907, 0.3, 0.7, 0.346136
1, 0.342135, 0.3, 0.7, 0.348045
1, 0.338257, 0.3, 0.7, 0.334767
1, 0.344572, 0.3, 0.7, 0.339099
1, 0.337717, 0.3, 0.7, 0.339729
1, 0.32738, 0.3, 0.7, 0.332693
1, 0.345726, 0.3, 0.7, 0.340576
1, 0.329397, 0.3, 0.7, 0.332345
1, 0.336191, 0.3, 0.7, 0.339049
1, 0.341935, 0.3, 0.7, 0.336966
1, 0.337153, 0.3, 0.7, 0.33778
1, 0.332971, 0.3, 0.7, 0.338319
1, 0.342091, 0.3, 0.7, 0.339011
1, 0.333057, 0.3, 0.7, 0.340436
1, 0.341909, 0.3, 0.7, 0.338217
1, 0.344697, 0.3, 0.7, 0.341209
1, 0.341154, 0.3, 0.7, 0.340275
1, 0.340909, 0.3, 0.7, 0.339331
1, 0.340841, 0.3, 0.7, 0.337279
1, 0.345922, 0.3, 0.7, 0.342437
1, 0.334045, 0.3, 0.7, 0.332952
1, 0.353128, 0.3, 0.7, 0.348338
