# B5 Gamma Dynamic Simulation Results
# Strategy schedule: schedules/schedule_b5_stubborn_lead_trail_1000.txt
# Gamma schedule: schedules/gamma_schedule_volatile.txt
# Hash rate range: 0.15 - 0.3 (15% - 30%) in 0.01 increments
InitialGamma, Miner0_ProfitFraction, Miner0_HashRate, Miner1_HashRate, Miner0_BlockFraction
0.95, 0.1633, 0.15, 0.85, 0.160855
0.95, 0.161592, 0.15, 0.85, 0.155391
0.95, 0.166075, 0.15, 0.85, 0.161014
0.95, 0.169381, 0.15, 0.85, 0.166923
0.95, 0.157128, 0.15, 0.85, 0.154638
0.95, 0.161426, 0.15, 0.85, 0.161689
0.95, 0.162202, 0.15, 0.85, 0.161749
0.95, 0.152822, 0.15, 0.85, 0.157384
0.95, 0.152012, 0.15, 0.85, 0.160503
0.95, 0.155166, 0.15, 0.85, 0.155731
0.95, 0.168415, 0.15, 0.85, 0.162905
0.95, 0.16406, 0.15, 0.85, 0.160275
0.95, 0.163723, 0.15, 0.85, 0.159271
0.95, 0.157293, 0.15, 0.85, 0.153109
0.95, 0.155859, 0.15, 0.85, 0.155827
0.95, 0.159069, 0.15, 0.85, 0.160597
0.95, 0.160359, 0.15, 0.85, 0.161296
0.95, 0.162203, 0.15, 0.85, 0.159035
0.95, 0.159229, 0.15, 0.85, 0.159541
0.95, 0.164761, 0.15, 0.85, 0.162215
0.95, 0.165368, 0.15, 0.85, 0.161644
0.95, 0.149228, 0.15, 0.85, 0.153173
0.95, 0.159711, 0.15, 0.85, 0.161036
0.95, 0.151934, 0.15, 0.85, 0.156259
0.95, 0.156571, 0.15, 0.85, 0.15781
0.95, 0.167874, 0.16, 0.84, 0.170064
0.95, 0.164927, 0.16, 0.84, 0.167391
0.95, 0.177259, 0.16, 0.84, 0.175032
0.95, 0.176358, 0.16, 0.84, 0.172138
0.95, 0.168378, 0.16, 0.84, 0.167754
0.95, 0.174747, 0.16, 0.84, 0.17227
0.95, 0.171021, 0.16, 0.84, 0.168994
0.95, 0.173447, 0.16, 0.84, 0.169532
0.95, 0.165998, 0.16, 0.84, 0.1697
0.95, 0.170523, 0.16, 0.84, 0.173903
0.95, 0.161924, 0.16, 0.84, 0.165055
0.95, 0.181571, 0.16, 0.84, 0.174062
0.95, 0.186469, 0.16, 0.84, 0.180124
0.95, 0.175803, 0.16, 0.84, 0.172248
0.95, 0.169422, 0.16, 0.84, 0.168627
0.95, 0.178834, 0.16, 0.84, 0.177817
0.95, 0.173444, 0.16, 0.84, 0.171178
0.95, 0.16527, 0.16, 0.84, 0.166176
0.95, 0.173891, 0.16, 0.84, 0.175332
0.95, 0.170914, 0.16, 0.84, 0.1695
0.95, 0.173943, 0.16, 0.84, 0.173891
0.95, 0.170807, 0.16, 0.84, 0.16957
0.95, 0.170711, 0.16, 0.84, 0.169949
0.95, 0.171982, 0.16, 0.84, 0.172318
0.95, 0.180146, 0.16, 0.84, 0.175881
0.95, 0.185655, 0.17, 0.83, 0.181813
0.95, 0.180704, 0.17, 0.83, 0.181113
0.95, 0.1813, 0.17, 0.83, 0.184194
0.95, 0.190338, 0.17, 0.83, 0.18684
0.95, 0.192421, 0.17, 0.83, 0.186657
0.95, 0.186936, 0.17, 0.83, 0.183173
0.95, 0.179592, 0.17, 0.83, 0.180941
0.95, 0.189614, 0.17, 0.83, 0.185989
0.95, 0.17803, 0.17, 0.83, 0.183399
0.95, 0.186499, 0.17, 0.83, 0.183612
0.95, 0.185744, 0.17, 0.83, 0.184476
0.95, 0.184069, 0.17, 0.83, 0.18142
0.95, 0.193308, 0.17, 0.83, 0.193149
0.95, 0.193477, 0.17, 0.83, 0.192396
0.95, 0.190956, 0.17, 0.83, 0.186098
0.95, 0.184449, 0.17, 0.83, 0.181903
0.95, 0.184438, 0.17, 0.83, 0.182412
0.95, 0.187121, 0.17, 0.83, 0.186332
0.95, 0.178667, 0.17, 0.83, 0.179415
0.95, 0.185363, 0.17, 0.83, 0.187985
0.95, 0.189293, 0.17, 0.83, 0.183578
0.95, 0.18502, 0.17, 0.83, 0.182841
0.95, 0.190987, 0.17, 0.83, 0.185159
0.95, 0.183867, 0.17, 0.83, 0.182314
0.95, 0.196792, 0.17, 0.83, 0.194849
0.95, 0.196797, 0.18, 0.82, 0.198385
0.95, 0.194107, 0.18, 0.82, 0.197453
0.95, 0.197587, 0.18, 0.82, 0.196207
0.95, 0.202687, 0.18, 0.82, 0.200047
0.95, 0.198615, 0.18, 0.82, 0.201112
0.95, 0.191656, 0.18, 0.82, 0.197146
0.95, 0.196538, 0.18, 0.82, 0.197163
0.95, 0.187677, 0.18, 0.82, 0.189721
0.95, 0.189842, 0.18, 0.82, 0.190096
0.95, 0.196102, 0.18, 0.82, 0.194496
0.95, 0.193645, 0.18, 0.82, 0.199272
0.95, 0.195083, 0.18, 0.82, 0.196553
0.95, 0.197769, 0.18, 0.82, 0.194376
0.95, 0.189412, 0.18, 0.82, 0.189885
0.95, 0.194363, 0.18, 0.82, 0.192826
0.95, 0.201832, 0.18, 0.82, 0.196984
0.95, 0.199453, 0.18, 0.82, 0.200365
0.95, 0.200567, 0.18, 0.82, 0.197406
0.95, 0.198268, 0.18, 0.82, 0.200319
0.95, 0.191588, 0.18, 0.82, 0.19933
0.95, 0.194701, 0.18, 0.82, 0.196192
0.95, 0.194378, 0.18, 0.82, 0.19933
0.95, 0.20245, 0.18, 0.82, 0.199695
0.95, 0.192922, 0.18, 0.82, 0.192197
0.95, 0.19747, 0.18, 0.82, 0.199847
0.95, 0.206594, 0.19, 0.81, 0.205206
0.95, 0.218446, 0.19, 0.81, 0.216731
0.95, 0.219489, 0.19, 0.81, 0.218721
0.95, 0.20415, 0.19, 0.81, 0.205461
0.95, 0.212566, 0.19, 0.81, 0.209555
0.95, 0.227447, 0.19, 0.81, 0.220008
0.95, 0.207234, 0.19, 0.81, 0.206387
0.95, 0.216571, 0.19, 0.81, 0.210715
0.95, 0.2131, 0.19, 0.81, 0.215097
0.95, 0.208386, 0.19, 0.81, 0.209218
0.95, 0.213884, 0.19, 0.81, 0.210933
0.95, 0.207418, 0.19, 0.81, 0.206878
0.95, 0.218039, 0.19, 0.81, 0.211074
0.95, 0.217173, 0.19, 0.81, 0.211936
0.95, 0.214367, 0.19, 0.81, 0.2121
0.95, 0.215263, 0.19, 0.81, 0.213089
0.95, 0.205515, 0.19, 0.81, 0.205432
0.95, 0.21318, 0.19, 0.81, 0.2114
0.95, 0.211822, 0.19, 0.81, 0.210331
0.95, 0.212182, 0.19, 0.81, 0.210039
0.95, 0.208205, 0.19, 0.81, 0.208722
0.95, 0.209941, 0.19, 0.81, 0.210385
0.95, 0.208829, 0.19, 0.81, 0.207382
0.95, 0.207968, 0.19, 0.81, 0.205655
0.95, 0.214568, 0.19, 0.81, 0.217726
0.95, 0.225569, 0.2, 0.8, 0.225883
0.95, 0.228691, 0.2, 0.8, 0.226058
0.95, 0.225098, 0.2, 0.8, 0.222242
0.95, 0.218757, 0.2, 0.8, 0.21628
0.95, 0.226105, 0.2, 0.8, 0.222309
0.95, 0.225835, 0.2, 0.8, 0.221905
0.95, 0.240178, 0.2, 0.8, 0.230175
0.95, 0.230495, 0.2, 0.8, 0.223948
0.95, 0.214483, 0.2, 0.8, 0.220234
0.95, 0.219404, 0.2, 0.8, 0.220674
0.95, 0.222156, 0.2, 0.8, 0.222476
0.95, 0.217049, 0.2, 0.8, 0.219333
0.95, 0.226543, 0.2, 0.8, 0.220706
0.95, 0.223815, 0.2, 0.8, 0.223132
0.95, 0.222382, 0.2, 0.8, 0.222845
0.95, 0.230462, 0.2, 0.8, 0.224982
0.95, 0.232038, 0.2, 0.8, 0.230221
0.95, 0.215912, 0.2, 0.8, 0.217391
0.95, 0.225131, 0.2, 0.8, 0.224583
0.95, 0.232198, 0.2, 0.8, 0.22873
0.95, 0.22166, 0.2, 0.8, 0.220244
0.95, 0.226143, 0.2, 0.8, 0.227749
0.95, 0.233713, 0.2, 0.8, 0.233272
0.95, 0.22258, 0.2, 0.8, 0.220088
0.95, 0.223673, 0.2, 0.8, 0.222222
0.95, 0.237863, 0.21, 0.79, 0.235358
0.95, 0.23435, 0.21, 0.79, 0.233847
0.95, 0.242843, 0.21, 0.79, 0.239954
0.95, 0.237037, 0.21, 0.79, 0.236087
0.95, 0.233866, 0.21, 0.79, 0.237031
0.95, 0.232418, 0.21, 0.79, 0.233154
0.95, 0.243449, 0.21, 0.79, 0.242671
0.95, 0.237006, 0.21, 0.79, 0.235209
0.95, 0.235556, 0.21, 0.79, 0.238038
0.95, 0.234598, 0.21, 0.79, 0.237152
0.95, 0.246637, 0.21, 0.79, 0.244765
0.95, 0.237708, 0.21, 0.79, 0.240934
0.95, 0.234417, 0.21, 0.79, 0.234462
0.95, 0.245196, 0.21, 0.79, 0.240723
0.95, 0.241733, 0.21, 0.79, 0.241982
0.95, 0.234961, 0.21, 0.79, 0.235478
0.95, 0.238567, 0.21, 0.79, 0.235434
0.95, 0.244122, 0.21, 0.79, 0.241986
0.95, 0.238017, 0.21, 0.79, 0.239212
0.95, 0.237953, 0.21, 0.79, 0.235741
0.95, 0.246015, 0.21, 0.79, 0.244255
0.95, 0.234379, 0.21, 0.79, 0.235319
0.95, 0.23684, 0.21, 0.79, 0.23474
0.95, 0.2419, 0.21, 0.79, 0.237594
0.95, 0.238021, 0.21, 0.79, 0.238235
0.95, 0.257393, 0.22, 0.78, 0.254928
0.95, 0.245509, 0.22, 0.78, 0.245431
0.95, 0.248234, 0.22, 0.78, 0.24655
0.95, 0.250045, 0.22, 0.78, 0.254085
0.95, 0.254896, 0.22, 0.78, 0.253681
0.95, 0.25469, 0.22, 0.78, 0.255733
0.95, 0.26473, 0.22, 0.78, 0.264351
0.95, 0.247196, 0.22, 0.78, 0.246543
0.95, 0.247622, 0.22, 0.78, 0.24889
0.95, 0.257955, 0.22, 0.78, 0.260509
0.95, 0.270669, 0.22, 0.78, 0.261274
0.95, 0.249605, 0.22, 0.78, 0.251085
0.95, 0.258653, 0.22, 0.78, 0.259758
0.95, 0.259692, 0.22, 0.78, 0.256793
0.95, 0.268311, 0.22, 0.78, 0.265605
0.95, 0.253543, 0.22, 0.78, 0.250979
0.95, 0.259163, 0.22, 0.78, 0.255982
0.95, 0.252721, 0.22, 0.78, 0.256065
0.95, 0.246293, 0.22, 0.78, 0.247788
0.95, 0.248773, 0.22, 0.78, 0.248664
0.95, 0.2586, 0.22, 0.78, 0.257383
0.95, 0.247521, 0.22, 0.78, 0.247553
0.95, 0.250263, 0.22, 0.78, 0.249639
0.95, 0.249183, 0.22, 0.78, 0.2486
0.95, 0.257081, 0.22, 0.78, 0.254818
0.95, 0.268376, 0.23, 0.77, 0.26971
0.95, 0.265829, 0.23, 0.77, 0.261412
0.95, 0.271344, 0.23, 0.77, 0.26903
0.95, 0.268704, 0.23, 0.77, 0.265882
0.95, 0.270217, 0.23, 0.77, 0.27025
0.95, 0.266252, 0.23, 0.77, 0.268128
0.95, 0.270585, 0.23, 0.77, 0.267843
0.95, 0.259959, 0.23, 0.77, 0.257959
0.95, 0.265153, 0.23, 0.77, 0.267262
0.95, 0.272733, 0.23, 0.77, 0.270063
0.95, 0.273117, 0.23, 0.77, 0.266211
0.95, 0.270604, 0.23, 0.77, 0.264189
0.95, 0.267307, 0.23, 0.77, 0.267274
0.95, 0.266576, 0.23, 0.77, 0.26242
0.95, 0.264469, 0.23, 0.77, 0.261665
0.95, 0.274063, 0.23, 0.77, 0.271109
0.95, 0.274947, 0.23, 0.77, 0.270725
0.95, 0.258037, 0.23, 0.77, 0.265081
0.95, 0.268108, 0.23, 0.77, 0.266466
0.95, 0.267659, 0.23, 0.77, 0.267791
0.95, 0.268202, 0.23, 0.77, 0.266908
0.95, 0.264485, 0.23, 0.77, 0.261642
0.95, 0.27692, 0.23, 0.77, 0.272348
0.95, 0.275273, 0.23, 0.77, 0.277589
0.95, 0.267252, 0.23, 0.77, 0.269814
0.95, 0.281746, 0.24, 0.76, 0.278381
0.95, 0.272362, 0.24, 0.76, 0.271924
0.95, 0.270126, 0.24, 0.76, 0.271145
0.95, 0.285908, 0.24, 0.76, 0.282586
0.95, 0.267517, 0.24, 0.76, 0.273263
0.95, 0.282041, 0.24, 0.76, 0.276486
0.95, 0.29197, 0.24, 0.76, 0.286881
0.95, 0.282135, 0.24, 0.76, 0.280938
0.95, 0.2867, 0.24, 0.76, 0.284385
0.95, 0.294744, 0.24, 0.76, 0.289612
0.95, 0.285338, 0.24, 0.76, 0.278519
0.95, 0.286425, 0.24, 0.76, 0.280275
0.95, 0.278642, 0.24, 0.76, 0.27629
0.95, 0.274778, 0.24, 0.76, 0.276869
0.95, 0.274577, 0.24, 0.76, 0.28069
0.95, 0.284899, 0.24, 0.76, 0.286245
0.95, 0.287708, 0.24, 0.76, 0.284332
0.95, 0.284602, 0.24, 0.76, 0.284536
0.95, 0.274799, 0.24, 0.76, 0.275488
0.95, 0.29716, 0.24, 0.76, 0.286699
0.95, 0.276644, 0.24, 0.76, 0.281387
0.95, 0.286711, 0.24, 0.76, 0.28597
0.95, 0.284451, 0.24, 0.76, 0.281772
0.95, 0.283257, 0.24, 0.76, 0.282516
0.95, 0.284204, 0.24, 0.76, 0.281641
0.95, 0.293124, 0.25, 0.75, 0.294363
0.95, 0.299404, 0.25, 0.75, 0.302169
0.95, 0.303433, 0.25, 0.75, 0.301186
0.95, 0.299893, 0.25, 0.75, 0.300558
0.95, 0.290758, 0.25, 0.75, 0.295084
0.95, 0.299131, 0.25, 0.75, 0.297612
0.95, 0.289078, 0.25, 0.75, 0.289014
0.95, 0.289888, 0.25, 0.75, 0.293607
0.95, 0.294552, 0.25, 0.75, 0.295651
0.95, 0.299174, 0.25, 0.75, 0.290778
0.95, 0.305766, 0.25, 0.75, 0.299128
0.95, 0.30758, 0.25, 0.75, 0.301846
0.95, 0.298131, 0.25, 0.75, 0.294838
0.95, 0.299441, 0.25, 0.75, 0.296609
0.95, 0.303452, 0.25, 0.75, 0.300801
0.95, 0.296168, 0.25, 0.75, 0.300695
0.95, 0.293652, 0.25, 0.75, 0.292122
0.95, 0.307268, 0.25, 0.75, 0.305491
0.95, 0.292966, 0.25, 0.75, 0.293309
0.95, 0.304147, 0.25, 0.75, 0.298509
0.95, 0.293973, 0.25, 0.75, 0.294187
0.95, 0.298884, 0.25, 0.75, 0.29153
0.95, 0.300445, 0.25, 0.75, 0.2955
0.95, 0.296294, 0.25, 0.75, 0.290674
0.95, 0.294897, 0.25, 0.75, 0.297062
0.95, 0.320042, 0.26, 0.74, 0.316678
0.95, 0.310696, 0.26, 0.74, 0.310524
0.95, 0.313148, 0.26, 0.74, 0.308335
0.95, 0.321812, 0.26, 0.74, 0.31611
0.95, 0.315806, 0.26, 0.74, 0.314478
0.95, 0.322103, 0.26, 0.74, 0.319656
0.95, 0.303845, 0.26, 0.74, 0.306078
0.95, 0.317603, 0.26, 0.74, 0.307639
0.95, 0.303293, 0.26, 0.74, 0.306376
0.95, 0.308545, 0.26, 0.74, 0.307255
0.95, 0.322259, 0.26, 0.74, 0.317509
0.95, 0.312433, 0.26, 0.74, 0.311224
0.95, 0.317869, 0.26, 0.74, 0.321202
0.95, 0.312843, 0.26, 0.74, 0.310116
0.95, 0.310109, 0.26, 0.74, 0.303567
0.95, 0.319773, 0.26, 0.74, 0.316818
0.95, 0.308746, 0.26, 0.74, 0.312874
0.95, 0.302641, 0.26, 0.74, 0.308486
0.95, 0.305407, 0.26, 0.74, 0.30369
0.95, 0.315027, 0.26, 0.74, 0.310096
0.95, 0.306622, 0.26, 0.74, 0.307142
0.95, 0.309745, 0.26, 0.74, 0.305458
0.95, 0.318136, 0.26, 0.74, 0.315932
0.95, 0.322721, 0.26, 0.74, 0.318571
0.95, 0.318202, 0.26, 0.74, 0.315624
0.95, 0.33265, 0.27, 0.73, 0.333568
0.95, 0.322157, 0.27, 0.73, 0.327299
0.95, 0.328444, 0.27, 0.73, 0.324114
0.95, 0.34278, 0.27, 0.73, 0.333844
0.95, 0.335757, 0.27, 0.73, 0.328683
0.95, 0.331215, 0.27, 0.73, 0.325663
0.95, 0.324851, 0.27, 0.73, 0.325788
0.95, 0.327793, 0.27, 0.73, 0.325552
0.95, 0.326858, 0.27, 0.73, 0.320219
0.95, 0.333755, 0.27, 0.73, 0.330126
0.95, 0.333103, 0.27, 0.73, 0.327797
0.95, 0.33443, 0.27, 0.73, 0.329844
0.95, 0.324454, 0.27, 0.73, 0.318352
0.95, 0.326265, 0.27, 0.73, 0.327308
0.95, 0.320823, 0.27, 0.73, 0.321413
0.95, 0.330258, 0.27, 0.73, 0.325011
0.95, 0.321177, 0.27, 0.73, 0.324754
0.95, 0.335241, 0.27, 0.73, 0.328787
0.95, 0.333986, 0.27, 0.73, 0.331608
0.95, 0.327274, 0.27, 0.73, 0.326893
0.95, 0.331102, 0.27, 0.73, 0.331955
0.95, 0.327744, 0.27, 0.73, 0.32994
0.95, 0.332244, 0.27, 0.73, 0.328127
0.95, 0.328024, 0.27, 0.73, 0.319247
0.95, 0.326822, 0.27, 0.73, 0.327278
0.95, 0.343748, 0.28, 0.72, 0.339983
0.95, 0.339894, 0.28, 0.72, 0.335867
0.95, 0.350763, 0.28, 0.72, 0.346105
0.95, 0.357306, 0.28, 0.72, 0.350223
0.95, 0.34175, 0.28, 0.72, 0.339828
0.95, 0.35183, 0.28, 0.72, 0.349275
0.95, 0.355421, 0.28, 0.72, 0.352273
0.95, 0.350193, 0.28, 0.72, 0.346008
0.95, 0.346315, 0.28, 0.72, 0.34419
0.95, 0.347074, 0.28, 0.72, 0.347075
0.95, 0.350134, 0.28, 0.72, 0.34661
0.95, 0.34517, 0.28, 0.72, 0.337737
0.95, 0.341196, 0.28, 0.72, 0.334851
0.95, 0.34552, 0.28, 0.72, 0.342171
0.95, 0.345003, 0.28, 0.72, 0.341247
0.95, 0.348575, 0.28, 0.72, 0.340801
0.95, 0.351695, 0.28, 0.72, 0.347899
0.95, 0.355249, 0.28, 0.72, 0.356231
0.95, 0.348121, 0.28, 0.72, 0.340211
0.95, 0.339236, 0.28, 0.72, 0.339825
0.95, 0.349147, 0.28, 0.72, 0.347004
0.95, 0.340693, 0.28, 0.72, 0.340718
0.95, 0.347009, 0.28, 0.72, 0.340984
0.95, 0.33923, 0.28, 0.72, 0.338797
0.95, 0.349844, 0.28, 0.72, 0.347083
0.95, 0.372136, 0.29, 0.71, 0.367071
0.95, 0.369178, 0.29, 0.71, 0.368924
0.95, 0.359973, 0.29, 0.71, 0.357597
0.95, 0.351306, 0.29, 0.71, 0.360633
0.95, 0.365561, 0.29, 0.71, 0.361392
0.95, 0.361005, 0.29, 0.71, 0.358876
0.95, 0.365709, 0.29, 0.71, 0.361175
0.95, 0.37336, 0.29, 0.71, 0.365608
0.95, 0.360489, 0.29, 0.71, 0.352042
0.95, 0.370756, 0.29, 0.71, 0.360598
0.95, 0.353197, 0.29, 0.71, 0.353544
0.95, 0.358345, 0.29, 0.71, 0.353955
0.95, 0.359179, 0.29, 0.71, 0.363583
0.95, 0.354963, 0.29, 0.71, 0.355209
0.95, 0.370052, 0.29, 0.71, 0.359426
0.95, 0.363002, 0.29, 0.71, 0.357568
0.95, 0.366184, 0.29, 0.71, 0.36153
0.95, 0.358618, 0.29, 0.71, 0.356124
0.95, 0.362074, 0.29, 0.71, 0.361695
0.95, 0.355969, 0.29, 0.71, 0.356441
0.95, 0.37251, 0.29, 0.71, 0.36871
0.95, 0.357304, 0.29, 0.71, 0.357523
0.95, 0.368959, 0.29, 0.71, 0.362174
0.95, 0.366497, 0.29, 0.71, 0.360561
0.95, 0.358762, 0.29, 0.71, 0.351282
0.95, 0.384864, 0.3, 0.7, 0.380684
0.95, 0.373984, 0.3, 0.7, 0.371218
0.95, 0.38535, 0.3, 0.7, 0.379902
0.95, 0.370816, 0.3, 0.7, 0.376428
0.95, 0.385385, 0.3, 0.7, 0.383681
0.95, 0.377404, 0.3, 0.7, 0.370459
0.95, 0.377507, 0.3, 0.7, 0.373939
0.95, 0.385937, 0.3, 0.7, 0.383491
0.95, 0.380328, 0.3, 0.7, 0.37603
0.95, 0.381255, 0.3, 0.7, 0.376794
0.95, 0.374353, 0.3, 0.7, 0.376131
0.95, 0.395793, 0.3, 0.7, 0.380085
0.95, 0.37764, 0.3, 0.7, 0.379791
0.95, 0.385968, 0.3, 0.7, 0.373505
0.95, 0.368444, 0.3, 0.7, 0.364518
0.95, 0.377706, 0.3, 0.7, 0.374017
0.95, 0.384903, 0.3, 0.7, 0.382541
0.95, 0.382153, 0.3, 0.7, 0.377635
0.95, 0.369369, 0.3, 0.7, 0.372822
0.95, 0.384307, 0.3, 0.7, 0.378118
0.95, 0.386834, 0.3, 0.7, 0.38752
0.95, 0.366942, 0.3, 0.7, 0.372325
0.95, 0.378026, 0.3, 0.7, 0.378118
0.95, 0.378395, 0.3, 0.7, 0.37649
0.95, 0.379261, 0.3, 0.7, 0.372898
