# B5 Gamma Dynamic Simulation Results
# Strategy schedule: schedules/schedule_b5_gamma_stubborn_only.txt
# Gamma schedule: schedules/gamma_schedule_volatile.txt
# Hash rate range: 0.15 - 0.3 (15% - 30%) in 0.01 increments
InitialGamma, Miner0_ProfitFraction, Miner0_HashRate, Miner1_HashRate, Miner0_BlockFraction
0.95, 0.154855, 0.15, 0.85, 0.158908
0.95, 0.154912, 0.15, 0.85, 0.156397
0.95, 0.156276, 0.15, 0.85, 0.157234
0.95, 0.156623, 0.15, 0.85, 0.155414
0.95, 0.156994, 0.15, 0.85, 0.156566
0.95, 0.160711, 0.15, 0.85, 0.163541
0.95, 0.159158, 0.15, 0.85, 0.162372
0.95, 0.161956, 0.15, 0.85, 0.163178
0.95, 0.159597, 0.15, 0.85, 0.16115
0.95, 0.158013, 0.15, 0.85, 0.158761
0.95, 0.156537, 0.15, 0.85, 0.160253
0.95, 0.161257, 0.15, 0.85, 0.158223
0.95, 0.156339, 0.15, 0.85, 0.160869
0.95, 0.16184, 0.15, 0.85, 0.162182
0.95, 0.157506, 0.15, 0.85, 0.155947
0.95, 0.157095, 0.15, 0.85, 0.156314
0.95, 0.156688, 0.15, 0.85, 0.158767
0.95, 0.160288, 0.15, 0.85, 0.156035
0.95, 0.149166, 0.15, 0.85, 0.151524
0.95, 0.156693, 0.15, 0.85, 0.15859
0.95, 0.165462, 0.15, 0.85, 0.164607
0.95, 0.159488, 0.15, 0.85, 0.160406
0.95, 0.154601, 0.15, 0.85, 0.159463
0.95, 0.152744, 0.15, 0.85, 0.155791
0.95, 0.156568, 0.15, 0.85, 0.155778
0.95, 0.169309, 0.16, 0.84, 0.17373
0.95, 0.167297, 0.16, 0.84, 0.169917
0.95, 0.174264, 0.16, 0.84, 0.174987
0.95, 0.172976, 0.16, 0.84, 0.174491
0.95, 0.173023, 0.16, 0.84, 0.176046
0.95, 0.170846, 0.16, 0.84, 0.17064
0.95, 0.170626, 0.16, 0.84, 0.169138
0.95, 0.173544, 0.16, 0.84, 0.173251
0.95, 0.169751, 0.16, 0.84, 0.169971
0.95, 0.170024, 0.16, 0.84, 0.175022
0.95, 0.173703, 0.16, 0.84, 0.174367
0.95, 0.169714, 0.16, 0.84, 0.171816
0.95, 0.171135, 0.16, 0.84, 0.174843
0.95, 0.171159, 0.16, 0.84, 0.170757
0.95, 0.167714, 0.16, 0.84, 0.168769
0.95, 0.167018, 0.16, 0.84, 0.16841
0.95, 0.182002, 0.16, 0.84, 0.177737
0.95, 0.166691, 0.16, 0.84, 0.166561
0.95, 0.166865, 0.16, 0.84, 0.169748
0.95, 0.167789, 0.16, 0.84, 0.170274
0.95, 0.16991, 0.16, 0.84, 0.169706
0.95, 0.160109, 0.16, 0.84, 0.163756
0.95, 0.167835, 0.16, 0.84, 0.172245
0.95, 0.164698, 0.16, 0.84, 0.167616
0.95, 0.17087, 0.16, 0.84, 0.172892
0.95, 0.178363, 0.17, 0.83, 0.182911
0.95, 0.177952, 0.17, 0.83, 0.185443
0.95, 0.177697, 0.17, 0.83, 0.181345
0.95, 0.183135, 0.17, 0.83, 0.186034
0.95, 0.190704, 0.17, 0.83, 0.186375
0.95, 0.177699, 0.17, 0.83, 0.179167
0.95, 0.185433, 0.17, 0.83, 0.185057
0.95, 0.183216, 0.17, 0.83, 0.184734
0.95, 0.181228, 0.17, 0.83, 0.185674
0.95, 0.172473, 0.17, 0.83, 0.181201
0.95, 0.190221, 0.17, 0.83, 0.190295
0.95, 0.192763, 0.17, 0.83, 0.189562
0.95, 0.176939, 0.17, 0.83, 0.184684
0.95, 0.182106, 0.17, 0.83, 0.184701
0.95, 0.186757, 0.17, 0.83, 0.191652
0.95, 0.186254, 0.17, 0.83, 0.185706
0.95, 0.185362, 0.17, 0.83, 0.185659
0.95, 0.175292, 0.17, 0.83, 0.177212
0.95, 0.174275, 0.17, 0.83, 0.176824
0.95, 0.186623, 0.17, 0.83, 0.182022
0.95, 0.18506, 0.17, 0.83, 0.186673
0.95, 0.175035, 0.17, 0.83, 0.178357
0.95, 0.179585, 0.17, 0.83, 0.183458
0.95, 0.183022, 0.17, 0.83, 0.183134
0.95, 0.187229, 0.17, 0.83, 0.188858
0.95, 0.197626, 0.18, 0.82, 0.1974
0.95, 0.19759, 0.18, 0.82, 0.199063
0.95, 0.196522, 0.18, 0.82, 0.196872
0.95, 0.194604, 0.18, 0.82, 0.193269
0.95, 0.198798, 0.18, 0.82, 0.199734
0.95, 0.207923, 0.18, 0.82, 0.201611
0.95, 0.19264, 0.18, 0.82, 0.197197
0.95, 0.197672, 0.18, 0.82, 0.20071
0.95, 0.194938, 0.18, 0.82, 0.19249
0.95, 0.190826, 0.18, 0.82, 0.194092
0.95, 0.196401, 0.18, 0.82, 0.195468
0.95, 0.195226, 0.18, 0.82, 0.193987
0.95, 0.192482, 0.18, 0.82, 0.196548
0.95, 0.19907, 0.18, 0.82, 0.200359
0.95, 0.201286, 0.18, 0.82, 0.198575
0.95, 0.201578, 0.18, 0.82, 0.200206
0.95, 0.198279, 0.18, 0.82, 0.20007
0.95, 0.205261, 0.18, 0.82, 0.205953
0.95, 0.191816, 0.18, 0.82, 0.192479
0.95, 0.197193, 0.18, 0.82, 0.195965
0.95, 0.195855, 0.18, 0.82, 0.197745
0.95, 0.193397, 0.18, 0.82, 0.19978
0.95, 0.194153, 0.18, 0.82, 0.193007
0.95, 0.199096, 0.18, 0.82, 0.198823
0.95, 0.196128, 0.18, 0.82, 0.193305
0.95, 0.204474, 0.19, 0.81, 0.207951
0.95, 0.207151, 0.19, 0.81, 0.207761
0.95, 0.206289, 0.19, 0.81, 0.214402
0.95, 0.205041, 0.19, 0.81, 0.209839
0.95, 0.20604, 0.19, 0.81, 0.208634
0.95, 0.211221, 0.19, 0.81, 0.210563
0.95, 0.216663, 0.19, 0.81, 0.208928
0.95, 0.213181, 0.19, 0.81, 0.216118
0.95, 0.211937, 0.19, 0.81, 0.213982
0.95, 0.20616, 0.19, 0.81, 0.205676
0.95, 0.200527, 0.19, 0.81, 0.20098
0.95, 0.204698, 0.19, 0.81, 0.208355
0.95, 0.207082, 0.19, 0.81, 0.213667
0.95, 0.207629, 0.19, 0.81, 0.204831
0.95, 0.213153, 0.19, 0.81, 0.213724
0.95, 0.206526, 0.19, 0.81, 0.212803
0.95, 0.211853, 0.19, 0.81, 0.212866
0.95, 0.207275, 0.19, 0.81, 0.210499
0.95, 0.196864, 0.19, 0.81, 0.206877
0.95, 0.21519, 0.19, 0.81, 0.213808
0.95, 0.206003, 0.19, 0.81, 0.213176
0.95, 0.212223, 0.19, 0.81, 0.215285
0.95, 0.209324, 0.19, 0.81, 0.207567
0.95, 0.212851, 0.19, 0.81, 0.211076
0.95, 0.209363, 0.19, 0.81, 0.209946
0.95, 0.217943, 0.2, 0.8, 0.218541
0.95, 0.2262, 0.2, 0.8, 0.223978
0.95, 0.223093, 0.2, 0.8, 0.225454
0.95, 0.220276, 0.2, 0.8, 0.222365
0.95, 0.22195, 0.2, 0.8, 0.221214
0.95, 0.22248, 0.2, 0.8, 0.221041
0.95, 0.21809, 0.2, 0.8, 0.22197
0.95, 0.225408, 0.2, 0.8, 0.226568
0.95, 0.22268, 0.2, 0.8, 0.219608
0.95, 0.218622, 0.2, 0.8, 0.221291
0.95, 0.225222, 0.2, 0.8, 0.223942
0.95, 0.216507, 0.2, 0.8, 0.222668
0.95, 0.229903, 0.2, 0.8, 0.228622
0.95, 0.218375, 0.2, 0.8, 0.225675
0.95, 0.221102, 0.2, 0.8, 0.222713
0.95, 0.211588, 0.2, 0.8, 0.215162
0.95, 0.220915, 0.2, 0.8, 0.227491
0.95, 0.216146, 0.2, 0.8, 0.217944
0.95, 0.224904, 0.2, 0.8, 0.22709
0.95, 0.216023, 0.2, 0.8, 0.220152
0.95, 0.220756, 0.2, 0.8, 0.226945
0.95, 0.229809, 0.2, 0.8, 0.228746
0.95, 0.219424, 0.2, 0.8, 0.222966
0.95, 0.217549, 0.2, 0.8, 0.219348
0.95, 0.223245, 0.2, 0.8, 0.221844
0.95, 0.234127, 0.21, 0.79, 0.240617
0.95, 0.236792, 0.21, 0.79, 0.239628
0.95, 0.237021, 0.21, 0.79, 0.235518
0.95, 0.238891, 0.21, 0.79, 0.241634
0.95, 0.236612, 0.21, 0.79, 0.236323
0.95, 0.236027, 0.21, 0.79, 0.238723
0.95, 0.238002, 0.21, 0.79, 0.240295
0.95, 0.231564, 0.21, 0.79, 0.23315
0.95, 0.222861, 0.21, 0.79, 0.229925
0.95, 0.232584, 0.21, 0.79, 0.241012
0.95, 0.234774, 0.21, 0.79, 0.236759
0.95, 0.234995, 0.21, 0.79, 0.239021
0.95, 0.234108, 0.21, 0.79, 0.238419
0.95, 0.236852, 0.21, 0.79, 0.238179
0.95, 0.231564, 0.21, 0.79, 0.239197
0.95, 0.23627, 0.21, 0.79, 0.238033
0.95, 0.236606, 0.21, 0.79, 0.237406
0.95, 0.233729, 0.21, 0.79, 0.235737
0.95, 0.229147, 0.21, 0.79, 0.233313
0.95, 0.228923, 0.21, 0.79, 0.23287
0.95, 0.22792, 0.21, 0.79, 0.226945
0.95, 0.237078, 0.21, 0.79, 0.239885
0.95, 0.230804, 0.21, 0.79, 0.235883
0.95, 0.239763, 0.21, 0.79, 0.236118
0.95, 0.243823, 0.21, 0.79, 0.245268
0.95, 0.238422, 0.22, 0.78, 0.246065
0.95, 0.245634, 0.22, 0.78, 0.246054
0.95, 0.246198, 0.22, 0.78, 0.246561
0.95, 0.248756, 0.22, 0.78, 0.251405
0.95, 0.239295, 0.22, 0.78, 0.246754
0.95, 0.246617, 0.22, 0.78, 0.24558
0.95, 0.244829, 0.22, 0.78, 0.250182
0.95, 0.246423, 0.22, 0.78, 0.248167
0.95, 0.240078, 0.22, 0.78, 0.242068
0.95, 0.250977, 0.22, 0.78, 0.252782
0.95, 0.249438, 0.22, 0.78, 0.254262
0.95, 0.245507, 0.22, 0.78, 0.248447
0.95, 0.244788, 0.22, 0.78, 0.248996
0.95, 0.253769, 0.22, 0.78, 0.248078
0.95, 0.253304, 0.22, 0.78, 0.253329
0.95, 0.255317, 0.22, 0.78, 0.254998
0.95, 0.248584, 0.22, 0.78, 0.252736
0.95, 0.249795, 0.22, 0.78, 0.252308
0.95, 0.250006, 0.22, 0.78, 0.252414
0.95, 0.240965, 0.22, 0.78, 0.24249
0.95, 0.244303, 0.22, 0.78, 0.252683
0.95, 0.244284, 0.22, 0.78, 0.249274
0.95, 0.256464, 0.22, 0.78, 0.255334
0.95, 0.244554, 0.22, 0.78, 0.247039
0.95, 0.252721, 0.22, 0.78, 0.254481
0.95, 0.267771, 0.23, 0.77, 0.268554
0.95, 0.260006, 0.23, 0.77, 0.261224
0.95, 0.259622, 0.23, 0.77, 0.263715
0.95, 0.266073, 0.23, 0.77, 0.267711
0.95, 0.256131, 0.23, 0.77, 0.261495
0.95, 0.25843, 0.23, 0.77, 0.263592
0.95, 0.257919, 0.23, 0.77, 0.25958
0.95, 0.258461, 0.23, 0.77, 0.262585
0.95, 0.264946, 0.23, 0.77, 0.264206
0.95, 0.27172, 0.23, 0.77, 0.269948
0.95, 0.261444, 0.23, 0.77, 0.266635
0.95, 0.254848, 0.23, 0.77, 0.260462
0.95, 0.267018, 0.23, 0.77, 0.268376
0.95, 0.256823, 0.23, 0.77, 0.264373
0.95, 0.2666, 0.23, 0.77, 0.263579
0.95, 0.259774, 0.23, 0.77, 0.261147
0.95, 0.257947, 0.23, 0.77, 0.263274
0.95, 0.259152, 0.23, 0.77, 0.263374
0.95, 0.260849, 0.23, 0.77, 0.264284
0.95, 0.260544, 0.23, 0.77, 0.263299
0.95, 0.263744, 0.23, 0.77, 0.266365
0.95, 0.259694, 0.23, 0.77, 0.253162
0.95, 0.263411, 0.23, 0.77, 0.262675
0.95, 0.266752, 0.23, 0.77, 0.265182
0.95, 0.24502, 0.23, 0.77, 0.256693
0.95, 0.27757, 0.24, 0.76, 0.278269
0.95, 0.276035, 0.24, 0.76, 0.278062
0.95, 0.275897, 0.24, 0.76, 0.277334
0.95, 0.271919, 0.24, 0.76, 0.275223
0.95, 0.277548, 0.24, 0.76, 0.277764
0.95, 0.275296, 0.24, 0.76, 0.280598
0.95, 0.27168, 0.24, 0.76, 0.277798
0.95, 0.275113, 0.24, 0.76, 0.276829
0.95, 0.277014, 0.24, 0.76, 0.275718
0.95, 0.26761, 0.24, 0.76, 0.27344
0.95, 0.277192, 0.24, 0.76, 0.282508
0.95, 0.281515, 0.24, 0.76, 0.283201
0.95, 0.274156, 0.24, 0.76, 0.272434
0.95, 0.287599, 0.24, 0.76, 0.288747
0.95, 0.272799, 0.24, 0.76, 0.276575
0.95, 0.27749, 0.24, 0.76, 0.279465
0.95, 0.275388, 0.24, 0.76, 0.275633
0.95, 0.273793, 0.24, 0.76, 0.276966
0.95, 0.273988, 0.24, 0.76, 0.280998
0.95, 0.27648, 0.24, 0.76, 0.277419
0.95, 0.268766, 0.24, 0.76, 0.271618
0.95, 0.269071, 0.24, 0.76, 0.275375
0.95, 0.279395, 0.24, 0.76, 0.280425
0.95, 0.276605, 0.24, 0.76, 0.279386
0.95, 0.276636, 0.24, 0.76, 0.277843
0.95, 0.299363, 0.25, 0.75, 0.296942
0.95, 0.289905, 0.25, 0.75, 0.295511
0.95, 0.293758, 0.25, 0.75, 0.295088
0.95, 0.291404, 0.25, 0.75, 0.293779
0.95, 0.285864, 0.25, 0.75, 0.288473
0.95, 0.280881, 0.25, 0.75, 0.286143
0.95, 0.287069, 0.25, 0.75, 0.289867
0.95, 0.287739, 0.25, 0.75, 0.293746
0.95, 0.287448, 0.25, 0.75, 0.289757
0.95, 0.290501, 0.25, 0.75, 0.294012
0.95, 0.292599, 0.25, 0.75, 0.289193
0.95, 0.282471, 0.25, 0.75, 0.295663
0.95, 0.285792, 0.25, 0.75, 0.290175
0.95, 0.285033, 0.25, 0.75, 0.285845
0.95, 0.302511, 0.25, 0.75, 0.296836
0.95, 0.296473, 0.25, 0.75, 0.296821
0.95, 0.279849, 0.25, 0.75, 0.28951
0.95, 0.283913, 0.25, 0.75, 0.287198
0.95, 0.294182, 0.25, 0.75, 0.29548
0.95, 0.295929, 0.25, 0.75, 0.296911
0.95, 0.295753, 0.25, 0.75, 0.298154
0.95, 0.288768, 0.25, 0.75, 0.292511
0.95, 0.282871, 0.25, 0.75, 0.285298
0.95, 0.285797, 0.25, 0.75, 0.289337
0.95, 0.289645, 0.25, 0.75, 0.289271
0.95, 0.311527, 0.26, 0.74, 0.3104
0.95, 0.294453, 0.26, 0.74, 0.299809
0.95, 0.300814, 0.26, 0.74, 0.308963
0.95, 0.301331, 0.26, 0.74, 0.306023
0.95, 0.304325, 0.26, 0.74, 0.310597
0.95, 0.299296, 0.26, 0.74, 0.300294
0.95, 0.31217, 0.26, 0.74, 0.316023
0.95, 0.295911, 0.26, 0.74, 0.303608
0.95, 0.304428, 0.26, 0.74, 0.306201
0.95, 0.302346, 0.26, 0.74, 0.306505
0.95, 0.315507, 0.26, 0.74, 0.311186
0.95, 0.291661, 0.26, 0.74, 0.298215
0.95, 0.297826, 0.26, 0.74, 0.30179
0.95, 0.298946, 0.26, 0.74, 0.301995
0.95, 0.304241, 0.26, 0.74, 0.308318
0.95, 0.30425, 0.26, 0.74, 0.307503
0.95, 0.302881, 0.26, 0.74, 0.311136
0.95, 0.305587, 0.26, 0.74, 0.311699
0.95, 0.30336, 0.26, 0.74, 0.309825
0.95, 0.30216, 0.26, 0.74, 0.306802
0.95, 0.30689, 0.26, 0.74, 0.307046
0.95, 0.302819, 0.26, 0.74, 0.310199
0.95, 0.305913, 0.26, 0.74, 0.307975
0.95, 0.304763, 0.26, 0.74, 0.304276
0.95, 0.298747, 0.26, 0.74, 0.30843
0.95, 0.310418, 0.27, 0.73, 0.316669
0.95, 0.325635, 0.27, 0.73, 0.323284
0.95, 0.317531, 0.27, 0.73, 0.317425
0.95, 0.31835, 0.27, 0.73, 0.321781
0.95, 0.329103, 0.27, 0.73, 0.328564
0.95, 0.317773, 0.27, 0.73, 0.319639
0.95, 0.313301, 0.27, 0.73, 0.312899
0.95, 0.325958, 0.27, 0.73, 0.329146
0.95, 0.324463, 0.27, 0.73, 0.328728
0.95, 0.309725, 0.27, 0.73, 0.318652
0.95, 0.322424, 0.27, 0.73, 0.326864
0.95, 0.315511, 0.27, 0.73, 0.320333
0.95, 0.308687, 0.27, 0.73, 0.315604
0.95, 0.323064, 0.27, 0.73, 0.324775
0.95, 0.316876, 0.27, 0.73, 0.323029
0.95, 0.333167, 0.27, 0.73, 0.332568
0.95, 0.32078, 0.27, 0.73, 0.323857
0.95, 0.304041, 0.27, 0.73, 0.31009
0.95, 0.316452, 0.27, 0.73, 0.31912
0.95, 0.322075, 0.27, 0.73, 0.324027
0.95, 0.318644, 0.27, 0.73, 0.323218
0.95, 0.313316, 0.27, 0.73, 0.321807
0.95, 0.313481, 0.27, 0.73, 0.319657
0.95, 0.317956, 0.27, 0.73, 0.318238
0.95, 0.32009, 0.27, 0.73, 0.324554
0.95, 0.345387, 0.28, 0.72, 0.347474
0.95, 0.331364, 0.28, 0.72, 0.33469
0.95, 0.339216, 0.28, 0.72, 0.346426
0.95, 0.32537, 0.28, 0.72, 0.332915
0.95, 0.333776, 0.28, 0.72, 0.339422
0.95, 0.338832, 0.28, 0.72, 0.335546
0.95, 0.331234, 0.28, 0.72, 0.339611
0.95, 0.328872, 0.28, 0.72, 0.333313
0.95, 0.336037, 0.28, 0.72, 0.340744
0.95, 0.328749, 0.28, 0.72, 0.333835
0.95, 0.335641, 0.28, 0.72, 0.335213
0.95, 0.326507, 0.28, 0.72, 0.335386
0.95, 0.333582, 0.28, 0.72, 0.329694
0.95, 0.334299, 0.28, 0.72, 0.339927
0.95, 0.331164, 0.28, 0.72, 0.334928
0.95, 0.325317, 0.28, 0.72, 0.32874
0.95, 0.330392, 0.28, 0.72, 0.330676
0.95, 0.328039, 0.28, 0.72, 0.331609
0.95, 0.324232, 0.28, 0.72, 0.334279
0.95, 0.322872, 0.28, 0.72, 0.331223
0.95, 0.334545, 0.28, 0.72, 0.338161
0.95, 0.327336, 0.28, 0.72, 0.334194
0.95, 0.339695, 0.28, 0.72, 0.339614
0.95, 0.326932, 0.28, 0.72, 0.334826
0.95, 0.329917, 0.28, 0.72, 0.338778
0.95, 0.348318, 0.29, 0.71, 0.353523
0.95, 0.352643, 0.29, 0.71, 0.352258
0.95, 0.332062, 0.29, 0.71, 0.337124
0.95, 0.3535, 0.29, 0.71, 0.353613
0.95, 0.341741, 0.29, 0.71, 0.34966
0.95, 0.342089, 0.29, 0.71, 0.348983
0.95, 0.359912, 0.29, 0.71, 0.362028
0.95, 0.351007, 0.29, 0.71, 0.350991
0.95, 0.351631, 0.29, 0.71, 0.354456
0.95, 0.339784, 0.29, 0.71, 0.349789
0.95, 0.349281, 0.29, 0.71, 0.348609
0.95, 0.346682, 0.29, 0.71, 0.349092
0.95, 0.338823, 0.29, 0.71, 0.354275
0.95, 0.357226, 0.29, 0.71, 0.365234
0.95, 0.357947, 0.29, 0.71, 0.361835
0.95, 0.345567, 0.29, 0.71, 0.347186
0.95, 0.348468, 0.29, 0.71, 0.355169
0.95, 0.35008, 0.29, 0.71, 0.351577
0.95, 0.353912, 0.29, 0.71, 0.354728
0.95, 0.354873, 0.29, 0.71, 0.355233
0.95, 0.336932, 0.29, 0.71, 0.347001
0.95, 0.344513, 0.29, 0.71, 0.350759
0.95, 0.337217, 0.29, 0.71, 0.344099
0.95, 0.343956, 0.29, 0.71, 0.351819
0.95, 0.333845, 0.29, 0.71, 0.337394
0.95, 0.349476, 0.3, 0.7, 0.353692
0.95, 0.359035, 0.3, 0.7, 0.364643
0.95, 0.371229, 0.3, 0.7, 0.373856
0.95, 0.365225, 0.3, 0.7, 0.376134
0.95, 0.364698, 0.3, 0.7, 0.367779
0.95, 0.35345, 0.3, 0.7, 0.358518
0.95, 0.363601, 0.3, 0.7, 0.366723
0.95, 0.351849, 0.3, 0.7, 0.36562
0.95, 0.353667, 0.3, 0.7, 0.363487
0.95, 0.372561, 0.3, 0.7, 0.379399
0.95, 0.375959, 0.3, 0.7, 0.375842
0.95, 0.359106, 0.3, 0.7, 0.363469
0.95, 0.365952, 0.3, 0.7, 0.366329
0.95, 0.354058, 0.3, 0.7, 0.366527
0.95, 0.369965, 0.3, 0.7, 0.37848
0.95, 0.362466, 0.3, 0.7, 0.366978
0.95, 0.357343, 0.3, 0.7, 0.364945
0.95, 0.355502, 0.3, 0.7, 0.362218
0.95, 0.374112, 0.3, 0.7, 0.375534
0.95, 0.370897, 0.3, 0.7, 0.372169
0.95, 0.360183, 0.3, 0.7, 0.364344
0.95, 0.35785, 0.3, 0.7, 0.366286
0.95, 0.365808, 0.3, 0.7, 0.368876
0.95, 0.367341, 0.3, 0.7, 0.373732
0.95, 0.356671, 0.3, 0.7, 0.361024
