# B5 Gamma Dynamic Simulation Results
# Strategy schedule: schedules/schedule_b5_gamma_adaptive_selfish.txt
# Gamma schedule: schedules/gamma_schedule_slow_drift.txt
# Hash rate range: 0.15 - 0.3 (15% - 30%) in 0.01 increments
InitialGamma, Miner0_ProfitFraction, Miner0_HashRate, Miner1_HashRate, Miner0_BlockFraction
0.95, 0.152668, 0.15, 0.85, 0.15029
0.95, 0.148709, 0.15, 0.85, 0.153241
0.95, 0.155234, 0.15, 0.85, 0.158745
0.95, 0.159448, 0.15, 0.85, 0.156524
0.95, 0.16186, 0.15, 0.85, 0.157928
0.95, 0.154937, 0.15, 0.85, 0.15749
0.95, 0.159461, 0.15, 0.85, 0.160224
0.95, 0.153084, 0.15, 0.85, 0.160075
0.95, 0.154389, 0.15, 0.85, 0.152065
0.95, 0.150912, 0.15, 0.85, 0.149691
0.95, 0.157388, 0.15, 0.85, 0.157835
0.95, 0.156105, 0.15, 0.85, 0.153947
0.95, 0.156347, 0.15, 0.85, 0.156427
0.95, 0.161226, 0.15, 0.85, 0.158846
0.95, 0.148958, 0.15, 0.85, 0.149629
0.95, 0.156763, 0.15, 0.85, 0.157579
0.95, 0.155131, 0.15, 0.85, 0.156478
0.95, 0.163227, 0.15, 0.85, 0.157494
0.95, 0.157282, 0.15, 0.85, 0.158932
0.95, 0.156757, 0.15, 0.85, 0.157083
0.95, 0.159101, 0.15, 0.85, 0.157369
0.95, 0.155877, 0.15, 0.85, 0.155668
0.95, 0.15368, 0.15, 0.85, 0.156374
0.95, 0.16068, 0.15, 0.85, 0.159876
0.95, 0.152572, 0.15, 0.85, 0.155427
0.95, 0.161365, 0.16, 0.84, 0.166373
0.95, 0.165561, 0.16, 0.84, 0.16923
0.95, 0.164982, 0.16, 0.84, 0.168712
0.95, 0.173087, 0.16, 0.84, 0.173444
0.95, 0.164489, 0.16, 0.84, 0.16698
0.95, 0.156132, 0.16, 0.84, 0.158809
0.95, 0.166534, 0.16, 0.84, 0.167204
0.95, 0.167114, 0.16, 0.84, 0.169065
0.95, 0.169176, 0.16, 0.84, 0.169582
0.95, 0.166368, 0.16, 0.84, 0.165045
0.95, 0.16917, 0.16, 0.84, 0.170133
0.95, 0.171056, 0.16, 0.84, 0.173319
0.95, 0.173009, 0.16, 0.84, 0.172085
0.95, 0.165869, 0.16, 0.84, 0.168596
0.95, 0.162749, 0.16, 0.84, 0.166495
0.95, 0.166224, 0.16, 0.84, 0.168691
0.95, 0.16999, 0.16, 0.84, 0.169878
0.95, 0.161, 0.16, 0.84, 0.164357
0.95, 0.168653, 0.16, 0.84, 0.165489
0.95, 0.175846, 0.16, 0.84, 0.179012
0.95, 0.16573, 0.16, 0.84, 0.166864
0.95, 0.161149, 0.16, 0.84, 0.169404
0.95, 0.166846, 0.16, 0.84, 0.169413
0.95, 0.159983, 0.16, 0.84, 0.162403
0.95, 0.162525, 0.16, 0.84, 0.16463
0.95, 0.181148, 0.17, 0.83, 0.182838
0.95, 0.179187, 0.17, 0.83, 0.1813
0.95, 0.178742, 0.17, 0.83, 0.17582
0.95, 0.181147, 0.17, 0.83, 0.1829
0.95, 0.172296, 0.17, 0.83, 0.174657
0.95, 0.17795, 0.17, 0.83, 0.179792
0.95, 0.193746, 0.17, 0.83, 0.193317
0.95, 0.184038, 0.17, 0.83, 0.181476
0.95, 0.180004, 0.17, 0.83, 0.176967
0.95, 0.18138, 0.17, 0.83, 0.184482
0.95, 0.179898, 0.17, 0.83, 0.182448
0.95, 0.179332, 0.17, 0.83, 0.185062
0.95, 0.179919, 0.17, 0.83, 0.179981
0.95, 0.177278, 0.17, 0.83, 0.179105
0.95, 0.172989, 0.17, 0.83, 0.17703
0.95, 0.184396, 0.17, 0.83, 0.187424
0.95, 0.181045, 0.17, 0.83, 0.185474
0.95, 0.180717, 0.17, 0.83, 0.182284
0.95, 0.179991, 0.17, 0.83, 0.181917
0.95, 0.177568, 0.17, 0.83, 0.182695
0.95, 0.175683, 0.17, 0.83, 0.179145
0.95, 0.175763, 0.17, 0.83, 0.182816
0.95, 0.17225, 0.17, 0.83, 0.175468
0.95, 0.180905, 0.17, 0.83, 0.178066
0.95, 0.185488, 0.17, 0.83, 0.187846
0.95, 0.191624, 0.18, 0.82, 0.192617
0.95, 0.192371, 0.18, 0.82, 0.195033
0.95, 0.192413, 0.18, 0.82, 0.195142
0.95, 0.193218, 0.18, 0.82, 0.195027
0.95, 0.196628, 0.18, 0.82, 0.194002
0.95, 0.189589, 0.18, 0.82, 0.186965
0.95, 0.18759, 0.18, 0.82, 0.191051
0.95, 0.197593, 0.18, 0.82, 0.196126
0.95, 0.194892, 0.18, 0.82, 0.199536
0.95, 0.191968, 0.18, 0.82, 0.191223
0.95, 0.183663, 0.18, 0.82, 0.185202
0.95, 0.190413, 0.18, 0.82, 0.191514
0.95, 0.199188, 0.18, 0.82, 0.198094
0.95, 0.186615, 0.18, 0.82, 0.189313
0.95, 0.193414, 0.18, 0.82, 0.194672
0.95, 0.196344, 0.18, 0.82, 0.199742
0.95, 0.190538, 0.18, 0.82, 0.192042
0.95, 0.195432, 0.18, 0.82, 0.192992
0.95, 0.189076, 0.18, 0.82, 0.188548
0.95, 0.183325, 0.18, 0.82, 0.188014
0.95, 0.18728, 0.18, 0.82, 0.185714
0.95, 0.192264, 0.18, 0.82, 0.196673
0.95, 0.1883, 0.18, 0.82, 0.188917
0.95, 0.188433, 0.18, 0.82, 0.193118
0.95, 0.197454, 0.18, 0.82, 0.193511
0.95, 0.200395, 0.19, 0.81, 0.20307
0.95, 0.203085, 0.19, 0.81, 0.203598
0.95, 0.202816, 0.19, 0.81, 0.204774
0.95, 0.204189, 0.19, 0.81, 0.203454
0.95, 0.202946, 0.19, 0.81, 0.198287
0.95, 0.204098, 0.19, 0.81, 0.207283
0.95, 0.205867, 0.19, 0.81, 0.207014
0.95, 0.207446, 0.19, 0.81, 0.207028
0.95, 0.208781, 0.19, 0.81, 0.208603
0.95, 0.196293, 0.19, 0.81, 0.200405
0.95, 0.203817, 0.19, 0.81, 0.205277
0.95, 0.207667, 0.19, 0.81, 0.209504
0.95, 0.204069, 0.19, 0.81, 0.207546
0.95, 0.211615, 0.19, 0.81, 0.207397
0.95, 0.202217, 0.19, 0.81, 0.200361
0.95, 0.207886, 0.19, 0.81, 0.205762
0.95, 0.211539, 0.19, 0.81, 0.208431
0.95, 0.207005, 0.19, 0.81, 0.207954
0.95, 0.204288, 0.19, 0.81, 0.205676
0.95, 0.205758, 0.19, 0.81, 0.207163
0.95, 0.201393, 0.19, 0.81, 0.204788
0.95, 0.203664, 0.19, 0.81, 0.205537
0.95, 0.201597, 0.19, 0.81, 0.201963
0.95, 0.200104, 0.19, 0.81, 0.204429
0.95, 0.210824, 0.19, 0.81, 0.210763
0.95, 0.208094, 0.2, 0.8, 0.213225
0.95, 0.216154, 0.2, 0.8, 0.219573
0.95, 0.215231, 0.2, 0.8, 0.21757
0.95, 0.220174, 0.2, 0.8, 0.223657
0.95, 0.215001, 0.2, 0.8, 0.214515
0.95, 0.218971, 0.2, 0.8, 0.219618
0.95, 0.217083, 0.2, 0.8, 0.218987
0.95, 0.210023, 0.2, 0.8, 0.215085
0.95, 0.214352, 0.2, 0.8, 0.216579
0.95, 0.212245, 0.2, 0.8, 0.213286
0.95, 0.21963, 0.2, 0.8, 0.22315
0.95, 0.215347, 0.2, 0.8, 0.215108
0.95, 0.214275, 0.2, 0.8, 0.218594
0.95, 0.215258, 0.2, 0.8, 0.2172
0.95, 0.222207, 0.2, 0.8, 0.223351
0.95, 0.222011, 0.2, 0.8, 0.223205
0.95, 0.217186, 0.2, 0.8, 0.218514
0.95, 0.221578, 0.2, 0.8, 0.221252
0.95, 0.217561, 0.2, 0.8, 0.216755
0.95, 0.229391, 0.2, 0.8, 0.226174
0.95, 0.21214, 0.2, 0.8, 0.216586
0.95, 0.211457, 0.2, 0.8, 0.218317
0.95, 0.221585, 0.2, 0.8, 0.223255
0.95, 0.215771, 0.2, 0.8, 0.219937
0.95, 0.214572, 0.2, 0.8, 0.217815
0.95, 0.234064, 0.21, 0.79, 0.235988
0.95, 0.232602, 0.21, 0.79, 0.230505
0.95, 0.232743, 0.21, 0.79, 0.234645
0.95, 0.229438, 0.21, 0.79, 0.229154
0.95, 0.224774, 0.21, 0.79, 0.229905
0.95, 0.227013, 0.21, 0.79, 0.230068
0.95, 0.235157, 0.21, 0.79, 0.233084
0.95, 0.234257, 0.21, 0.79, 0.236867
0.95, 0.225457, 0.21, 0.79, 0.230349
0.95, 0.232648, 0.21, 0.79, 0.235609
0.95, 0.226425, 0.21, 0.79, 0.225191
0.95, 0.240303, 0.21, 0.79, 0.23553
0.95, 0.228137, 0.21, 0.79, 0.230568
0.95, 0.224409, 0.21, 0.79, 0.227622
0.95, 0.231988, 0.21, 0.79, 0.236576
0.95, 0.235999, 0.21, 0.79, 0.23321
0.95, 0.225114, 0.21, 0.79, 0.224604
0.95, 0.236056, 0.21, 0.79, 0.233785
0.95, 0.221402, 0.21, 0.79, 0.226865
0.95, 0.236471, 0.21, 0.79, 0.233136
0.95, 0.232913, 0.21, 0.79, 0.225287
0.95, 0.236081, 0.21, 0.79, 0.237467
0.95, 0.231778, 0.21, 0.79, 0.230981
0.95, 0.219863, 0.21, 0.79, 0.227063
0.95, 0.225146, 0.21, 0.79, 0.228739
0.95, 0.253068, 0.22, 0.78, 0.252434
0.95, 0.241599, 0.22, 0.78, 0.241697
0.95, 0.249235, 0.22, 0.78, 0.252722
0.95, 0.251681, 0.22, 0.78, 0.251613
0.95, 0.246946, 0.22, 0.78, 0.248502
0.95, 0.233325, 0.22, 0.78, 0.242015
0.95, 0.241786, 0.22, 0.78, 0.246234
0.95, 0.239796, 0.22, 0.78, 0.246456
0.95, 0.249225, 0.22, 0.78, 0.247196
0.95, 0.246645, 0.22, 0.78, 0.245187
0.95, 0.238611, 0.22, 0.78, 0.242938
0.95, 0.246813, 0.22, 0.78, 0.245352
0.95, 0.238301, 0.22, 0.78, 0.242964
0.95, 0.240958, 0.22, 0.78, 0.247773
0.95, 0.24071, 0.22, 0.78, 0.248466
0.95, 0.24514, 0.22, 0.78, 0.245979
0.95, 0.241475, 0.22, 0.78, 0.244546
0.95, 0.236218, 0.22, 0.78, 0.246447
0.95, 0.236692, 0.22, 0.78, 0.242331
0.95, 0.241072, 0.22, 0.78, 0.246009
0.95, 0.245441, 0.22, 0.78, 0.249971
0.95, 0.252587, 0.22, 0.78, 0.254008
0.95, 0.2384, 0.22, 0.78, 0.239652
0.95, 0.242235, 0.22, 0.78, 0.241688
0.95, 0.245647, 0.22, 0.78, 0.247321
0.95, 0.252638, 0.23, 0.77, 0.256131
0.95, 0.269777, 0.23, 0.77, 0.264702
0.95, 0.255905, 0.23, 0.77, 0.259018
0.95, 0.244999, 0.23, 0.77, 0.254913
0.95, 0.249964, 0.23, 0.77, 0.25271
0.95, 0.263341, 0.23, 0.77, 0.263567
0.95, 0.262264, 0.23, 0.77, 0.261049
0.95, 0.258909, 0.23, 0.77, 0.26164
0.95, 0.253506, 0.23, 0.77, 0.2518
0.95, 0.257545, 0.23, 0.77, 0.257215
0.95, 0.257012, 0.23, 0.77, 0.262453
0.95, 0.259877, 0.23, 0.77, 0.263349
0.95, 0.258597, 0.23, 0.77, 0.257275
0.95, 0.258304, 0.23, 0.77, 0.264246
0.95, 0.25917, 0.23, 0.77, 0.262416
0.95, 0.256643, 0.23, 0.77, 0.259319
0.95, 0.264228, 0.23, 0.77, 0.268387
0.95, 0.261335, 0.23, 0.77, 0.261311
0.95, 0.255259, 0.23, 0.77, 0.26042
0.95, 0.264858, 0.23, 0.77, 0.265973
0.95, 0.260642, 0.23, 0.77, 0.261029
0.95, 0.25941, 0.23, 0.77, 0.258445
0.95, 0.248725, 0.23, 0.77, 0.252582
0.95, 0.260018, 0.23, 0.77, 0.26277
0.95, 0.254241, 0.23, 0.77, 0.258244
0.95, 0.275769, 0.24, 0.76, 0.269702
0.95, 0.264136, 0.24, 0.76, 0.271282
0.95, 0.271056, 0.24, 0.76, 0.273921
0.95, 0.267228, 0.24, 0.76, 0.277502
0.95, 0.269745, 0.24, 0.76, 0.274936
0.95, 0.266287, 0.24, 0.76, 0.267575
0.95, 0.27067, 0.24, 0.76, 0.275177
0.95, 0.272297, 0.24, 0.76, 0.269728
0.95, 0.279623, 0.24, 0.76, 0.274393
0.95, 0.266162, 0.24, 0.76, 0.272596
0.95, 0.26338, 0.24, 0.76, 0.268976
0.95, 0.259198, 0.24, 0.76, 0.266337
0.95, 0.279414, 0.24, 0.76, 0.278078
0.95, 0.264155, 0.24, 0.76, 0.269918
0.95, 0.273967, 0.24, 0.76, 0.271565
0.95, 0.256661, 0.24, 0.76, 0.261247
0.95, 0.276093, 0.24, 0.76, 0.275151
0.95, 0.263994, 0.24, 0.76, 0.266333
0.95, 0.26454, 0.24, 0.76, 0.26869
0.95, 0.274117, 0.24, 0.76, 0.27686
0.95, 0.272983, 0.24, 0.76, 0.277785
0.95, 0.275292, 0.24, 0.76, 0.278161
0.95, 0.273194, 0.24, 0.76, 0.27382
0.95, 0.270673, 0.24, 0.76, 0.277135
0.95, 0.271739, 0.24, 0.76, 0.274097
0.95, 0.282525, 0.25, 0.75, 0.28922
0.95, 0.287681, 0.25, 0.75, 0.290769
0.95, 0.28729, 0.25, 0.75, 0.289869
0.95, 0.290689, 0.25, 0.75, 0.294588
0.95, 0.286039, 0.25, 0.75, 0.292149
0.95, 0.282484, 0.25, 0.75, 0.286458
0.95, 0.282434, 0.25, 0.75, 0.285497
0.95, 0.279123, 0.25, 0.75, 0.282209
0.95, 0.296494, 0.25, 0.75, 0.296726
0.95, 0.281647, 0.25, 0.75, 0.282627
0.95, 0.295766, 0.25, 0.75, 0.298089
0.95, 0.285839, 0.25, 0.75, 0.294233
0.95, 0.291086, 0.25, 0.75, 0.2958
0.95, 0.279242, 0.25, 0.75, 0.281524
0.95, 0.289727, 0.25, 0.75, 0.285697
0.95, 0.286203, 0.25, 0.75, 0.289717
0.95, 0.296433, 0.25, 0.75, 0.294443
0.95, 0.287197, 0.25, 0.75, 0.292164
0.95, 0.278249, 0.25, 0.75, 0.282675
0.95, 0.278041, 0.25, 0.75, 0.286397
0.95, 0.282035, 0.25, 0.75, 0.286967
0.95, 0.278617, 0.25, 0.75, 0.283646
0.95, 0.292217, 0.25, 0.75, 0.291378
0.95, 0.287434, 0.25, 0.75, 0.297042
0.95, 0.282423, 0.25, 0.75, 0.278896
0.95, 0.296967, 0.26, 0.74, 0.302895
0.95, 0.302146, 0.26, 0.74, 0.305038
0.95, 0.301278, 0.26, 0.74, 0.30352
0.95, 0.298826, 0.26, 0.74, 0.303917
0.95, 0.306717, 0.26, 0.74, 0.309268
0.95, 0.306589, 0.26, 0.74, 0.312846
0.95, 0.291881, 0.26, 0.74, 0.298583
0.95, 0.290821, 0.26, 0.74, 0.294741
0.95, 0.301727, 0.26, 0.74, 0.306481
0.95, 0.29409, 0.26, 0.74, 0.298512
0.95, 0.305539, 0.26, 0.74, 0.308702
0.95, 0.30594, 0.26, 0.74, 0.308765
0.95, 0.298057, 0.26, 0.74, 0.301361
0.95, 0.301329, 0.26, 0.74, 0.306905
0.95, 0.303482, 0.26, 0.74, 0.302194
0.95, 0.291119, 0.26, 0.74, 0.296794
0.95, 0.299611, 0.26, 0.74, 0.304377
0.95, 0.304031, 0.26, 0.74, 0.300586
0.95, 0.302657, 0.26, 0.74, 0.30296
0.95, 0.300039, 0.26, 0.74, 0.304884
0.95, 0.302769, 0.26, 0.74, 0.301512
0.95, 0.30018, 0.26, 0.74, 0.304332
0.95, 0.301542, 0.26, 0.74, 0.304145
0.95, 0.297435, 0.26, 0.74, 0.298107
0.95, 0.296543, 0.26, 0.74, 0.301179
0.95, 0.31543, 0.27, 0.73, 0.316529
0.95, 0.309466, 0.27, 0.73, 0.317303
0.95, 0.313583, 0.27, 0.73, 0.317228
0.95, 0.312161, 0.27, 0.73, 0.318893
0.95, 0.319828, 0.27, 0.73, 0.324365
0.95, 0.322452, 0.27, 0.73, 0.327502
0.95, 0.33282, 0.27, 0.73, 0.332795
0.95, 0.319099, 0.27, 0.73, 0.317378
0.95, 0.313731, 0.27, 0.73, 0.319128
0.95, 0.316785, 0.27, 0.73, 0.321685
0.95, 0.313259, 0.27, 0.73, 0.316659
0.95, 0.313801, 0.27, 0.73, 0.317862
0.95, 0.31612, 0.27, 0.73, 0.315541
0.95, 0.316312, 0.27, 0.73, 0.320563
0.95, 0.318729, 0.27, 0.73, 0.320641
0.95, 0.310528, 0.27, 0.73, 0.309159
0.95, 0.317166, 0.27, 0.73, 0.314876
0.95, 0.298552, 0.27, 0.73, 0.309937
0.95, 0.318034, 0.27, 0.73, 0.316788
0.95, 0.312846, 0.27, 0.73, 0.320956
0.95, 0.309821, 0.27, 0.73, 0.318156
0.95, 0.320682, 0.27, 0.73, 0.322046
0.95, 0.308542, 0.27, 0.73, 0.314525
0.95, 0.310325, 0.27, 0.73, 0.316904
0.95, 0.305764, 0.27, 0.73, 0.310466
0.95, 0.332588, 0.28, 0.72, 0.33712
0.95, 0.328569, 0.28, 0.72, 0.333812
0.95, 0.319191, 0.28, 0.72, 0.327187
0.95, 0.321855, 0.28, 0.72, 0.328598
0.95, 0.33567, 0.28, 0.72, 0.335773
0.95, 0.33158, 0.28, 0.72, 0.335138
0.95, 0.345703, 0.28, 0.72, 0.347507
0.95, 0.32531, 0.28, 0.72, 0.325266
0.95, 0.324509, 0.28, 0.72, 0.326287
0.95, 0.321646, 0.28, 0.72, 0.3242
0.95, 0.32747, 0.28, 0.72, 0.335896
0.95, 0.329565, 0.28, 0.72, 0.332391
0.95, 0.337088, 0.28, 0.72, 0.335418
0.95, 0.320405, 0.28, 0.72, 0.326389
0.95, 0.324067, 0.28, 0.72, 0.332051
0.95, 0.32363, 0.28, 0.72, 0.325332
0.95, 0.325757, 0.28, 0.72, 0.334161
0.95, 0.326064, 0.28, 0.72, 0.332138
0.95, 0.337547, 0.28, 0.72, 0.341173
0.95, 0.325989, 0.28, 0.72, 0.331174
0.95, 0.3277, 0.28, 0.72, 0.334195
0.95, 0.322765, 0.28, 0.72, 0.329457
0.95, 0.325187, 0.28, 0.72, 0.33003
0.95, 0.319315, 0.28, 0.72, 0.323234
0.95, 0.328234, 0.28, 0.72, 0.333561
0.95, 0.345562, 0.29, 0.71, 0.353926
0.95, 0.354145, 0.29, 0.71, 0.352416
0.95, 0.34732, 0.29, 0.71, 0.348943
0.95, 0.336185, 0.29, 0.71, 0.343478
0.95, 0.35206, 0.29, 0.71, 0.351374
0.95, 0.337144, 0.29, 0.71, 0.340956
0.95, 0.351403, 0.29, 0.71, 0.356729
0.95, 0.348782, 0.29, 0.71, 0.348307
0.95, 0.349553, 0.29, 0.71, 0.354008
0.95, 0.345607, 0.29, 0.71, 0.347128
0.95, 0.341901, 0.29, 0.71, 0.343734
0.95, 0.343877, 0.29, 0.71, 0.347361
0.95, 0.343368, 0.29, 0.71, 0.347222
0.95, 0.34886, 0.29, 0.71, 0.353205
0.95, 0.352972, 0.29, 0.71, 0.353693
0.95, 0.334069, 0.29, 0.71, 0.341042
0.95, 0.353644, 0.29, 0.71, 0.355456
0.95, 0.359185, 0.29, 0.71, 0.358472
0.95, 0.342771, 0.29, 0.71, 0.350596
0.95, 0.342554, 0.29, 0.71, 0.348089
0.95, 0.341575, 0.29, 0.71, 0.342947
0.95, 0.338256, 0.29, 0.71, 0.343909
0.95, 0.340195, 0.29, 0.71, 0.348526
0.95, 0.337763, 0.29, 0.71, 0.344425
0.95, 0.341106, 0.29, 0.71, 0.345691
0.95, 0.362704, 0.3, 0.7, 0.360123
0.95, 0.368033, 0.3, 0.7, 0.362961
0.95, 0.362529, 0.3, 0.7, 0.365493
0.95, 0.370356, 0.3, 0.7, 0.371279
0.95, 0.355921, 0.3, 0.7, 0.367657
0.95, 0.354245, 0.3, 0.7, 0.353249
0.95, 0.361837, 0.3, 0.7, 0.365702
0.95, 0.369586, 0.3, 0.7, 0.370505
0.95, 0.362174, 0.3, 0.7, 0.364277
0.95, 0.370434, 0.3, 0.7, 0.370257
0.95, 0.3644, 0.3, 0.7, 0.361542
0.95, 0.361781, 0.3, 0.7, 0.364989
0.95, 0.336182, 0.3, 0.7, 0.351637
0.95, 0.362673, 0.3, 0.7, 0.362955
0.95, 0.357693, 0.3, 0.7, 0.361174
0.95, 0.359154, 0.3, 0.7, 0.363614
0.95, 0.352987, 0.3, 0.7, 0.360028
0.95, 0.359804, 0.3, 0.7, 0.363163
0.95, 0.368901, 0.3, 0.7, 0.371516
0.95, 0.353049, 0.3, 0.7, 0.35607
0.95, 0.36433, 0.3, 0.7, 0.367305
0.95, 0.354108, 0.3, 0.7, 0.360783
0.95, 0.353635, 0.3, 0.7, 0.36422
0.95, 0.342451, 0.3, 0.7, 0.352048
0.95, 0.36763, 0.3, 0.7, 0.369587
