# B5 Gamma Dynamic Simulation Results
# Strategy schedule: schedules/schedule_b5_gamma_adaptive_selfish.txt
# Gamma schedule: schedules/gamma_schedule_extreme.txt
# Hash rate range: 0.15 - 0.3 (15% - 30%) in 0.01 increments
InitialGamma, Miner0_ProfitFraction, Miner0_HashRate, Miner1_HashRate, Miner0_BlockFraction
1, 0.156769, 0.15, 0.85, 0.159863
1, 0.157094, 0.15, 0.85, 0.154173
1, 0.153003, 0.15, 0.85, 0.15422
1, 0.160358, 0.15, 0.85, 0.162377
1, 0.158016, 0.15, 0.85, 0.158675
1, 0.157022, 0.15, 0.85, 0.159377
1, 0.158097, 0.15, 0.85, 0.155974
1, 0.158513, 0.15, 0.85, 0.15974
1, 0.158238, 0.15, 0.85, 0.159014
1, 0.15394, 0.15, 0.85, 0.157662
1, 0.159186, 0.15, 0.85, 0.161815
1, 0.154241, 0.15, 0.85, 0.155514
1, 0.159267, 0.15, 0.85, 0.159388
1, 0.161198, 0.15, 0.85, 0.16118
1, 0.155386, 0.15, 0.85, 0.161714
1, 0.160909, 0.15, 0.85, 0.157386
1, 0.161117, 0.15, 0.85, 0.159125
1, 0.158829, 0.15, 0.85, 0.164032
1, 0.15532, 0.15, 0.85, 0.159083
1, 0.157153, 0.15, 0.85, 0.157261
1, 0.151134, 0.15, 0.85, 0.15519
1, 0.152559, 0.15, 0.85, 0.155582
1, 0.153617, 0.15, 0.85, 0.156768
1, 0.154845, 0.15, 0.85, 0.158237
1, 0.166298, 0.15, 0.85, 0.163492
1, 0.170736, 0.16, 0.84, 0.170463
1, 0.166894, 0.16, 0.84, 0.171233
1, 0.172781, 0.16, 0.84, 0.173886
1, 0.16063, 0.16, 0.84, 0.165384
1, 0.176051, 0.16, 0.84, 0.180057
1, 0.164702, 0.16, 0.84, 0.162483
1, 0.165429, 0.16, 0.84, 0.166034
1, 0.165436, 0.16, 0.84, 0.166734
1, 0.166244, 0.16, 0.84, 0.164995
1, 0.166842, 0.16, 0.84, 0.16781
1, 0.167882, 0.16, 0.84, 0.168714
1, 0.167334, 0.16, 0.84, 0.168263
1, 0.172402, 0.16, 0.84, 0.17319
1, 0.174923, 0.16, 0.84, 0.167336
1, 0.169292, 0.16, 0.84, 0.170491
1, 0.168093, 0.16, 0.84, 0.16699
1, 0.17732, 0.16, 0.84, 0.175893
1, 0.167164, 0.16, 0.84, 0.168174
1, 0.16523, 0.16, 0.84, 0.16884
1, 0.174527, 0.16, 0.84, 0.172412
1, 0.167669, 0.16, 0.84, 0.165267
1, 0.167571, 0.16, 0.84, 0.170281
1, 0.171548, 0.16, 0.84, 0.170838
1, 0.172593, 0.16, 0.84, 0.171282
1, 0.168795, 0.16, 0.84, 0.168788
1, 0.1811, 0.17, 0.83, 0.180001
1, 0.175935, 0.17, 0.83, 0.175079
1, 0.17664, 0.17, 0.83, 0.178026
1, 0.178179, 0.17, 0.83, 0.177761
1, 0.184662, 0.17, 0.83, 0.184467
1, 0.183351, 0.17, 0.83, 0.185944
1, 0.178167, 0.17, 0.83, 0.180115
1, 0.185512, 0.17, 0.83, 0.186594
1, 0.179099, 0.17, 0.83, 0.181578
1, 0.183988, 0.17, 0.83, 0.183233
1, 0.18164, 0.17, 0.83, 0.182965
1, 0.184451, 0.17, 0.83, 0.178806
1, 0.174382, 0.17, 0.83, 0.180048
1, 0.176576, 0.17, 0.83, 0.181048
1, 0.191443, 0.17, 0.83, 0.187929
1, 0.176232, 0.17, 0.83, 0.179356
1, 0.187982, 0.17, 0.83, 0.190093
1, 0.175257, 0.17, 0.83, 0.181506
1, 0.190507, 0.17, 0.83, 0.187889
1, 0.170363, 0.17, 0.83, 0.176102
1, 0.183723, 0.17, 0.83, 0.185385
1, 0.178825, 0.17, 0.83, 0.181476
1, 0.182453, 0.17, 0.83, 0.179638
1, 0.184303, 0.17, 0.83, 0.185129
1, 0.179819, 0.17, 0.83, 0.182587
1, 0.193077, 0.18, 0.82, 0.199226
1, 0.190928, 0.18, 0.82, 0.191606
1, 0.186085, 0.18, 0.82, 0.1886
1, 0.189501, 0.18, 0.82, 0.192131
1, 0.194714, 0.18, 0.82, 0.195966
1, 0.19977, 0.18, 0.82, 0.202179
1, 0.200556, 0.18, 0.82, 0.201423
1, 0.193666, 0.18, 0.82, 0.193509
1, 0.195196, 0.18, 0.82, 0.193885
1, 0.195409, 0.18, 0.82, 0.19578
1, 0.20027, 0.18, 0.82, 0.200117
1, 0.197003, 0.18, 0.82, 0.196643
1, 0.193552, 0.18, 0.82, 0.200785
1, 0.195417, 0.18, 0.82, 0.191505
1, 0.188391, 0.18, 0.82, 0.191827
1, 0.199921, 0.18, 0.82, 0.200907
1, 0.195505, 0.18, 0.82, 0.195184
1, 0.189356, 0.18, 0.82, 0.194047
1, 0.198611, 0.18, 0.82, 0.200648
1, 0.190303, 0.18, 0.82, 0.193405
1, 0.197762, 0.18, 0.82, 0.19851
1, 0.19346, 0.18, 0.82, 0.193278
1, 0.1989, 0.18, 0.82, 0.193926
1, 0.200932, 0.18, 0.82, 0.202838
1, 0.194042, 0.18, 0.82, 0.198478
1, 0.205449, 0.19, 0.81, 0.204797
1, 0.209258, 0.19, 0.81, 0.20835
1, 0.209945, 0.19, 0.81, 0.21024
1, 0.212692, 0.19, 0.81, 0.214702
1, 0.214321, 0.19, 0.81, 0.212884
1, 0.208276, 0.19, 0.81, 0.210865
1, 0.203044, 0.19, 0.81, 0.20706
1, 0.208811, 0.19, 0.81, 0.211752
1, 0.206816, 0.19, 0.81, 0.208613
1, 0.205065, 0.19, 0.81, 0.20653
1, 0.211315, 0.19, 0.81, 0.208931
1, 0.212715, 0.19, 0.81, 0.213617
1, 0.213224, 0.19, 0.81, 0.214976
1, 0.207858, 0.19, 0.81, 0.206456
1, 0.20437, 0.19, 0.81, 0.209722
1, 0.207546, 0.19, 0.81, 0.210529
1, 0.202128, 0.19, 0.81, 0.206561
1, 0.196842, 0.19, 0.81, 0.202654
1, 0.204003, 0.19, 0.81, 0.20749
1, 0.199392, 0.19, 0.81, 0.203868
1, 0.212614, 0.19, 0.81, 0.210927
1, 0.210093, 0.19, 0.81, 0.205565
1, 0.198665, 0.19, 0.81, 0.208709
1, 0.206069, 0.19, 0.81, 0.210778
1, 0.21397, 0.19, 0.81, 0.210039
1, 0.227727, 0.2, 0.8, 0.22604
1, 0.216867, 0.2, 0.8, 0.216274
1, 0.21465, 0.2, 0.8, 0.217205
1, 0.218975, 0.2, 0.8, 0.222974
1, 0.223322, 0.2, 0.8, 0.225378
1, 0.219957, 0.2, 0.8, 0.216772
1, 0.216861, 0.2, 0.8, 0.221117
1, 0.220313, 0.2, 0.8, 0.222066
1, 0.22844, 0.2, 0.8, 0.230082
1, 0.226084, 0.2, 0.8, 0.228211
1, 0.216568, 0.2, 0.8, 0.221094
1, 0.220224, 0.2, 0.8, 0.222745
1, 0.220273, 0.2, 0.8, 0.223487
1, 0.223595, 0.2, 0.8, 0.220828
1, 0.220502, 0.2, 0.8, 0.214652
1, 0.219584, 0.2, 0.8, 0.218526
1, 0.215707, 0.2, 0.8, 0.217495
1, 0.230201, 0.2, 0.8, 0.230029
1, 0.221352, 0.2, 0.8, 0.224134
1, 0.220209, 0.2, 0.8, 0.218728
1, 0.225499, 0.2, 0.8, 0.225269
1, 0.221675, 0.2, 0.8, 0.223428
1, 0.219811, 0.2, 0.8, 0.222985
1, 0.224133, 0.2, 0.8, 0.224619
1, 0.225919, 0.2, 0.8, 0.225411
1, 0.227842, 0.21, 0.79, 0.233177
1, 0.229922, 0.21, 0.79, 0.236555
1, 0.231578, 0.21, 0.79, 0.233648
1, 0.230577, 0.21, 0.79, 0.229439
1, 0.235615, 0.21, 0.79, 0.237533
1, 0.226956, 0.21, 0.79, 0.234249
1, 0.227349, 0.21, 0.79, 0.22883
1, 0.229171, 0.21, 0.79, 0.234825
1, 0.234772, 0.21, 0.79, 0.236038
1, 0.230942, 0.21, 0.79, 0.233331
1, 0.228952, 0.21, 0.79, 0.23435
1, 0.230172, 0.21, 0.79, 0.231646
1, 0.234811, 0.21, 0.79, 0.236007
1, 0.230745, 0.21, 0.79, 0.234436
1, 0.229403, 0.21, 0.79, 0.232307
1, 0.230421, 0.21, 0.79, 0.233074
1, 0.228735, 0.21, 0.79, 0.235925
1, 0.226767, 0.21, 0.79, 0.22822
1, 0.235732, 0.21, 0.79, 0.235724
1, 0.237835, 0.21, 0.79, 0.240975
1, 0.236413, 0.21, 0.79, 0.23965
1, 0.230032, 0.21, 0.79, 0.231085
1, 0.228629, 0.21, 0.79, 0.229604
1, 0.230362, 0.21, 0.79, 0.237703
1, 0.234256, 0.21, 0.79, 0.235562
1, 0.247769, 0.22, 0.78, 0.251977
1, 0.252289, 0.22, 0.78, 0.24735
1, 0.235515, 0.22, 0.78, 0.244283
1, 0.23464, 0.22, 0.78, 0.239646
1, 0.247474, 0.22, 0.78, 0.249348
1, 0.241487, 0.22, 0.78, 0.24213
1, 0.24025, 0.22, 0.78, 0.244439
1, 0.241744, 0.22, 0.78, 0.246588
1, 0.246145, 0.22, 0.78, 0.24991
1, 0.245184, 0.22, 0.78, 0.248881
1, 0.250777, 0.22, 0.78, 0.252265
1, 0.243226, 0.22, 0.78, 0.247276
1, 0.238839, 0.22, 0.78, 0.240397
1, 0.24846, 0.22, 0.78, 0.247803
1, 0.247623, 0.22, 0.78, 0.246188
1, 0.246642, 0.22, 0.78, 0.250253
1, 0.243393, 0.22, 0.78, 0.246325
1, 0.247578, 0.22, 0.78, 0.251162
1, 0.241474, 0.22, 0.78, 0.246157
1, 0.243331, 0.22, 0.78, 0.247239
1, 0.252472, 0.22, 0.78, 0.252598
1, 0.244008, 0.22, 0.78, 0.243013
1, 0.239005, 0.22, 0.78, 0.245766
1, 0.244807, 0.22, 0.78, 0.250655
1, 0.24657, 0.22, 0.78, 0.251356
1, 0.256845, 0.23, 0.77, 0.255776
1, 0.254869, 0.23, 0.77, 0.262763
1, 0.259599, 0.23, 0.77, 0.260571
1, 0.263141, 0.23, 0.77, 0.26198
1, 0.259599, 0.23, 0.77, 0.264392
1, 0.260672, 0.23, 0.77, 0.259714
1, 0.261295, 0.23, 0.77, 0.256932
1, 0.264065, 0.23, 0.77, 0.262445
1, 0.260577, 0.23, 0.77, 0.257029
1, 0.271781, 0.23, 0.77, 0.269876
1, 0.257344, 0.23, 0.77, 0.262083
1, 0.259835, 0.23, 0.77, 0.264557
1, 0.255947, 0.23, 0.77, 0.259857
1, 0.267614, 0.23, 0.77, 0.269184
1, 0.260154, 0.23, 0.77, 0.263621
1, 0.247013, 0.23, 0.77, 0.248358
1, 0.260271, 0.23, 0.77, 0.26229
1, 0.267724, 0.23, 0.77, 0.266763
1, 0.260758, 0.23, 0.77, 0.262755
1, 0.27361, 0.23, 0.77, 0.269993
1, 0.264286, 0.23, 0.77, 0.265299
1, 0.262371, 0.23, 0.77, 0.259849
1, 0.256077, 0.23, 0.77, 0.261749
1, 0.258567, 0.23, 0.77, 0.26175
1, 0.254749, 0.23, 0.77, 0.257708
1, 0.26857, 0.24, 0.76, 0.272575
1, 0.272339, 0.24, 0.76, 0.279445
1, 0.272844, 0.24, 0.76, 0.27852
1, 0.277474, 0.24, 0.76, 0.282786
1, 0.283429, 0.24, 0.76, 0.283749
1, 0.271613, 0.24, 0.76, 0.273013
1, 0.272109, 0.24, 0.76, 0.269681
1, 0.271407, 0.24, 0.76, 0.27647
1, 0.284922, 0.24, 0.76, 0.27946
1, 0.275745, 0.24, 0.76, 0.275029
1, 0.281202, 0.24, 0.76, 0.279628
1, 0.27279, 0.24, 0.76, 0.273024
1, 0.271742, 0.24, 0.76, 0.270736
1, 0.280348, 0.24, 0.76, 0.275487
1, 0.252962, 0.24, 0.76, 0.267172
1, 0.264477, 0.24, 0.76, 0.273472
1, 0.266034, 0.24, 0.76, 0.268529
1, 0.276293, 0.24, 0.76, 0.274739
1, 0.270114, 0.24, 0.76, 0.282681
1, 0.270889, 0.24, 0.76, 0.267936
1, 0.269516, 0.24, 0.76, 0.273948
1, 0.266534, 0.24, 0.76, 0.270885
1, 0.266324, 0.24, 0.76, 0.273039
1, 0.276592, 0.24, 0.76, 0.274183
1, 0.283994, 0.24, 0.76, 0.284087
1, 0.28294, 0.25, 0.75, 0.284659
1, 0.285915, 0.25, 0.75, 0.287938
1, 0.295337, 0.25, 0.75, 0.292583
1, 0.297551, 0.25, 0.75, 0.295868
1, 0.285584, 0.25, 0.75, 0.288841
1, 0.288687, 0.25, 0.75, 0.290366
1, 0.279755, 0.25, 0.75, 0.281803
1, 0.281371, 0.25, 0.75, 0.289718
1, 0.294014, 0.25, 0.75, 0.29378
1, 0.285735, 0.25, 0.75, 0.289381
1, 0.284019, 0.25, 0.75, 0.289026
1, 0.286012, 0.25, 0.75, 0.290336
1, 0.283396, 0.25, 0.75, 0.286984
1, 0.287773, 0.25, 0.75, 0.288639
1, 0.290656, 0.25, 0.75, 0.294528
1, 0.288202, 0.25, 0.75, 0.285194
1, 0.292167, 0.25, 0.75, 0.291848
1, 0.290545, 0.25, 0.75, 0.29376
1, 0.288317, 0.25, 0.75, 0.288596
1, 0.286375, 0.25, 0.75, 0.292916
1, 0.279252, 0.25, 0.75, 0.283258
1, 0.279235, 0.25, 0.75, 0.282987
1, 0.287845, 0.25, 0.75, 0.292051
1, 0.294793, 0.25, 0.75, 0.298183
1, 0.283236, 0.25, 0.75, 0.289559
1, 0.287731, 0.26, 0.74, 0.296063
1, 0.309293, 0.26, 0.74, 0.309065
1, 0.300672, 0.26, 0.74, 0.299951
1, 0.296203, 0.26, 0.74, 0.303245
1, 0.305516, 0.26, 0.74, 0.307849
1, 0.305808, 0.26, 0.74, 0.311327
1, 0.314549, 0.26, 0.74, 0.310228
1, 0.302871, 0.26, 0.74, 0.297648
1, 0.305414, 0.26, 0.74, 0.310522
1, 0.30962, 0.26, 0.74, 0.305737
1, 0.301919, 0.26, 0.74, 0.299616
1, 0.309393, 0.26, 0.74, 0.311647
1, 0.301959, 0.26, 0.74, 0.300111
1, 0.286874, 0.26, 0.74, 0.293426
1, 0.307208, 0.26, 0.74, 0.309637
1, 0.302269, 0.26, 0.74, 0.308597
1, 0.299149, 0.26, 0.74, 0.303876
1, 0.299547, 0.26, 0.74, 0.304932
1, 0.303773, 0.26, 0.74, 0.303834
1, 0.305797, 0.26, 0.74, 0.308521
1, 0.290496, 0.26, 0.74, 0.294168
1, 0.29729, 0.26, 0.74, 0.303627
1, 0.296557, 0.26, 0.74, 0.302382
1, 0.309858, 0.26, 0.74, 0.305847
1, 0.302369, 0.26, 0.74, 0.307497
1, 0.31486, 0.27, 0.73, 0.31856
1, 0.322562, 0.27, 0.73, 0.319141
1, 0.318479, 0.27, 0.73, 0.323707
1, 0.313716, 0.27, 0.73, 0.319875
1, 0.306092, 0.27, 0.73, 0.315716
1, 0.318413, 0.27, 0.73, 0.325475
1, 0.317451, 0.27, 0.73, 0.317393
1, 0.321394, 0.27, 0.73, 0.323092
1, 0.307338, 0.27, 0.73, 0.313544
1, 0.322685, 0.27, 0.73, 0.323225
1, 0.307291, 0.27, 0.73, 0.314564
1, 0.309971, 0.27, 0.73, 0.318363
1, 0.327261, 0.27, 0.73, 0.32177
1, 0.321049, 0.27, 0.73, 0.320102
1, 0.320466, 0.27, 0.73, 0.314933
1, 0.312667, 0.27, 0.73, 0.320393
1, 0.316245, 0.27, 0.73, 0.316696
1, 0.310166, 0.27, 0.73, 0.314878
1, 0.305935, 0.27, 0.73, 0.316556
1, 0.326597, 0.27, 0.73, 0.327659
1, 0.308762, 0.27, 0.73, 0.3174
1, 0.319983, 0.27, 0.73, 0.324611
1, 0.312461, 0.27, 0.73, 0.321632
1, 0.30747, 0.27, 0.73, 0.317587
1, 0.320756, 0.27, 0.73, 0.320958
1, 0.327187, 0.28, 0.72, 0.329736
1, 0.333606, 0.28, 0.72, 0.337662
1, 0.330133, 0.28, 0.72, 0.332616
1, 0.3308, 0.28, 0.72, 0.332525
1, 0.321293, 0.28, 0.72, 0.327102
1, 0.324281, 0.28, 0.72, 0.330514
1, 0.330506, 0.28, 0.72, 0.335352
1, 0.327793, 0.28, 0.72, 0.329379
1, 0.334894, 0.28, 0.72, 0.332938
1, 0.333998, 0.28, 0.72, 0.341212
1, 0.330423, 0.28, 0.72, 0.334631
1, 0.321469, 0.28, 0.72, 0.330913
1, 0.319487, 0.28, 0.72, 0.328288
1, 0.329381, 0.28, 0.72, 0.329297
1, 0.328696, 0.28, 0.72, 0.337463
1, 0.337386, 0.28, 0.72, 0.337535
1, 0.329968, 0.28, 0.72, 0.330328
1, 0.330094, 0.28, 0.72, 0.333564
1, 0.323107, 0.28, 0.72, 0.328715
1, 0.323333, 0.28, 0.72, 0.330162
1, 0.324365, 0.28, 0.72, 0.326129
1, 0.335063, 0.28, 0.72, 0.337459
1, 0.339028, 0.28, 0.72, 0.342205
1, 0.33149, 0.28, 0.72, 0.33375
1, 0.33758, 0.28, 0.72, 0.338079
1, 0.346152, 0.29, 0.71, 0.350258
1, 0.353233, 0.29, 0.71, 0.357864
1, 0.339092, 0.29, 0.71, 0.341514
1, 0.339779, 0.29, 0.71, 0.339412
1, 0.339409, 0.29, 0.71, 0.344951
1, 0.359158, 0.29, 0.71, 0.36057
1, 0.339501, 0.29, 0.71, 0.351283
1, 0.349136, 0.29, 0.71, 0.352458
1, 0.353809, 0.29, 0.71, 0.35108
1, 0.348177, 0.29, 0.71, 0.348883
1, 0.353563, 0.29, 0.71, 0.358634
1, 0.354115, 0.29, 0.71, 0.350556
1, 0.33838, 0.29, 0.71, 0.344445
1, 0.352558, 0.29, 0.71, 0.349658
1, 0.347975, 0.29, 0.71, 0.352465
1, 0.347594, 0.29, 0.71, 0.353216
1, 0.336405, 0.29, 0.71, 0.340207
1, 0.346901, 0.29, 0.71, 0.348767
1, 0.345707, 0.29, 0.71, 0.350408
1, 0.334526, 0.29, 0.71, 0.343917
1, 0.342801, 0.29, 0.71, 0.345488
1, 0.348889, 0.29, 0.71, 0.353492
1, 0.337338, 0.29, 0.71, 0.343129
1, 0.347961, 0.29, 0.71, 0.351522
1, 0.35293, 0.29, 0.71, 0.35761
1, 0.360535, 0.3, 0.7, 0.365697
1, 0.353905, 0.3, 0.7, 0.360273
1, 0.370826, 0.3, 0.7, 0.368431
1, 0.363322, 0.3, 0.7, 0.367598
1, 0.350762, 0.3, 0.7, 0.353816
1, 0.367852, 0.3, 0.7, 0.372908
1, 0.357747, 0.3, 0.7, 0.36016
1, 0.360064, 0.3, 0.7, 0.366292
1, 0.354365, 0.3, 0.7, 0.356387
1, 0.364668, 0.3, 0.7, 0.365376
1, 0.352467, 0.3, 0.7, 0.357089
1, 0.347718, 0.3, 0.7, 0.354559
1, 0.365252, 0.3, 0.7, 0.369583
1, 0.362469, 0.3, 0.7, 0.363191
1, 0.362899, 0.3, 0.7, 0.366872
1, 0.359806, 0.3, 0.7, 0.364943
1, 0.360031, 0.3, 0.7, 0.362219
1, 0.358034, 0.3, 0.7, 0.362658
1, 0.358021, 0.3, 0.7, 0.362158
1, 0.357364, 0.3, 0.7, 0.364343
1, 0.374111, 0.3, 0.7, 0.372533
1, 0.363543, 0.3, 0.7, 0.366879
1, 0.356362, 0.3, 0.7, 0.367172
1, 0.351335, 0.3, 0.7, 0.355126
1, 0.353085, 0.3, 0.7, 0.361442
