# B5 Focused Dynamic Strategy Switching Simulation Results
# Schedule file: schedule_b5_fork_stubborn_trail_fork_1000.txt
# Gamma (connectivity) range: 0.8 - 1.0 in 0.05 increments
# Hash rate range: 0.15 - 0.3 (15% - 30%) in 0.01 increments
Gamma, Miner0_ProfitFraction, Miner0_HashRate, Miner1_HashRate, Miner0_BlockFraction
0.8, 0.146499, 0.15, 0.85, 0.147582
0.8, 0.138165, 0.15, 0.85, 0.143593
0.8, 0.144234, 0.15, 0.85, 0.144767
0.8, 0.148528, 0.15, 0.85, 0.146799
0.8, 0.151256, 0.15, 0.85, 0.151138
0.8, 0.152448, 0.15, 0.85, 0.153922
0.8, 0.144601, 0.15, 0.85, 0.150732
0.8, 0.146858, 0.15, 0.85, 0.148892
0.8, 0.143092, 0.15, 0.85, 0.144858
0.8, 0.142067, 0.15, 0.85, 0.144895
0.8, 0.155489, 0.15, 0.85, 0.155032
0.8, 0.152595, 0.15, 0.85, 0.150606
0.8, 0.145816, 0.15, 0.85, 0.147968
0.8, 0.138408, 0.15, 0.85, 0.139745
0.8, 0.153637, 0.15, 0.85, 0.151724
0.8, 0.150217, 0.15, 0.85, 0.149744
0.8, 0.145562, 0.15, 0.85, 0.146921
0.8, 0.151724, 0.15, 0.85, 0.150759
0.8, 0.146491, 0.15, 0.85, 0.152879
0.8, 0.148549, 0.15, 0.85, 0.156065
0.8, 0.141214, 0.15, 0.85, 0.145953
0.8, 0.144473, 0.15, 0.85, 0.150957
0.8, 0.152976, 0.15, 0.85, 0.151319
0.8, 0.150094, 0.15, 0.85, 0.157379
0.8, 0.142161, 0.15, 0.85, 0.146522
0.8, 0.162685, 0.16, 0.84, 0.163006
0.8, 0.165579, 0.16, 0.84, 0.165666
0.8, 0.16245, 0.16, 0.84, 0.160881
0.8, 0.162223, 0.16, 0.84, 0.160604
0.8, 0.159627, 0.16, 0.84, 0.161943
0.8, 0.155991, 0.16, 0.84, 0.154942
0.8, 0.163532, 0.16, 0.84, 0.160338
0.8, 0.156332, 0.16, 0.84, 0.158766
0.8, 0.160312, 0.16, 0.84, 0.159883
0.8, 0.158767, 0.16, 0.84, 0.163219
0.8, 0.152257, 0.16, 0.84, 0.154844
0.8, 0.161177, 0.16, 0.84, 0.163113
0.8, 0.160594, 0.16, 0.84, 0.165945
0.8, 0.156853, 0.16, 0.84, 0.162529
0.8, 0.160249, 0.16, 0.84, 0.163347
0.8, 0.157218, 0.16, 0.84, 0.158146
0.8, 0.157405, 0.16, 0.84, 0.159148
0.8, 0.163292, 0.16, 0.84, 0.162803
0.8, 0.161647, 0.16, 0.84, 0.16579
0.8, 0.157014, 0.16, 0.84, 0.155255
0.8, 0.17033, 0.16, 0.84, 0.164552
0.8, 0.166553, 0.16, 0.84, 0.164733
0.8, 0.157199, 0.16, 0.84, 0.159055
0.8, 0.156014, 0.16, 0.84, 0.157707
0.8, 0.15141, 0.16, 0.84, 0.15666
0.8, 0.173367, 0.17, 0.83, 0.173378
0.8, 0.171783, 0.17, 0.83, 0.172758
0.8, 0.168508, 0.17, 0.83, 0.175975
0.8, 0.169551, 0.17, 0.83, 0.168357
0.8, 0.177663, 0.17, 0.83, 0.174931
0.8, 0.167243, 0.17, 0.83, 0.17262
0.8, 0.169132, 0.17, 0.83, 0.170943
0.8, 0.179261, 0.17, 0.83, 0.175197
0.8, 0.170959, 0.17, 0.83, 0.172277
0.8, 0.17751, 0.17, 0.83, 0.181693
0.8, 0.16478, 0.17, 0.83, 0.167055
0.8, 0.169992, 0.17, 0.83, 0.173226
0.8, 0.17443, 0.17, 0.83, 0.171895
0.8, 0.169875, 0.17, 0.83, 0.165312
0.8, 0.177033, 0.17, 0.83, 0.177963
0.8, 0.179874, 0.17, 0.83, 0.179349
0.8, 0.175546, 0.17, 0.83, 0.174782
0.8, 0.168436, 0.17, 0.83, 0.171674
0.8, 0.176182, 0.17, 0.83, 0.176085
0.8, 0.166434, 0.17, 0.83, 0.168784
0.8, 0.169513, 0.17, 0.83, 0.173579
0.8, 0.174901, 0.17, 0.83, 0.173025
0.8, 0.16732, 0.17, 0.83, 0.167275
0.8, 0.172123, 0.17, 0.83, 0.170147
0.8, 0.174363, 0.17, 0.83, 0.174612
0.8, 0.188581, 0.18, 0.82, 0.189242
0.8, 0.181065, 0.18, 0.82, 0.182401
0.8, 0.179743, 0.18, 0.82, 0.181845
0.8, 0.181424, 0.18, 0.82, 0.191079
0.8, 0.185448, 0.18, 0.82, 0.187549
0.8, 0.183649, 0.18, 0.82, 0.185092
0.8, 0.190784, 0.18, 0.82, 0.188531
0.8, 0.187249, 0.18, 0.82, 0.186316
0.8, 0.188314, 0.18, 0.82, 0.19208
0.8, 0.184094, 0.18, 0.82, 0.181813
0.8, 0.180388, 0.18, 0.82, 0.184793
0.8, 0.182737, 0.18, 0.82, 0.186675
0.8, 0.196408, 0.18, 0.82, 0.191117
0.8, 0.189272, 0.18, 0.82, 0.192625
0.8, 0.190597, 0.18, 0.82, 0.194153
0.8, 0.179751, 0.18, 0.82, 0.182053
0.8, 0.184412, 0.18, 0.82, 0.18295
0.8, 0.177837, 0.18, 0.82, 0.178831
0.8, 0.187492, 0.18, 0.82, 0.187642
0.8, 0.192086, 0.18, 0.82, 0.189993
0.8, 0.186593, 0.18, 0.82, 0.188299
0.8, 0.197482, 0.18, 0.82, 0.193061
0.8, 0.189838, 0.18, 0.82, 0.190915
0.8, 0.191902, 0.18, 0.82, 0.187605
0.8, 0.186034, 0.18, 0.82, 0.189051
0.8, 0.201467, 0.19, 0.81, 0.200472
0.8, 0.192526, 0.19, 0.81, 0.197067
0.8, 0.201789, 0.19, 0.81, 0.200497
0.8, 0.196316, 0.19, 0.81, 0.201342
0.8, 0.19891, 0.19, 0.81, 0.208308
0.8, 0.196401, 0.19, 0.81, 0.198839
0.8, 0.196249, 0.19, 0.81, 0.193552
0.8, 0.189868, 0.19, 0.81, 0.193901
0.8, 0.201345, 0.19, 0.81, 0.204612
0.8, 0.20512, 0.19, 0.81, 0.206884
0.8, 0.205777, 0.19, 0.81, 0.20449
0.8, 0.201081, 0.19, 0.81, 0.200546
0.8, 0.196515, 0.19, 0.81, 0.200256
0.8, 0.205818, 0.19, 0.81, 0.206528
0.8, 0.197887, 0.19, 0.81, 0.202717
0.8, 0.198367, 0.19, 0.81, 0.205367
0.8, 0.197688, 0.19, 0.81, 0.198372
0.8, 0.20105, 0.19, 0.81, 0.204503
0.8, 0.198202, 0.19, 0.81, 0.199047
0.8, 0.201126, 0.19, 0.81, 0.200072
0.8, 0.20128, 0.19, 0.81, 0.207249
0.8, 0.200516, 0.19, 0.81, 0.207391
0.8, 0.194639, 0.19, 0.81, 0.201001
0.8, 0.20156, 0.19, 0.81, 0.203954
0.8, 0.187339, 0.19, 0.81, 0.192417
0.8, 0.209867, 0.2, 0.8, 0.211373
0.8, 0.210946, 0.2, 0.8, 0.212566
0.8, 0.21042, 0.2, 0.8, 0.213088
0.8, 0.222499, 0.2, 0.8, 0.222099
0.8, 0.210946, 0.2, 0.8, 0.213112
0.8, 0.212107, 0.2, 0.8, 0.21889
0.8, 0.211643, 0.2, 0.8, 0.214735
0.8, 0.217251, 0.2, 0.8, 0.216625
0.8, 0.208547, 0.2, 0.8, 0.209833
0.8, 0.216205, 0.2, 0.8, 0.218549
0.8, 0.215206, 0.2, 0.8, 0.217892
0.8, 0.216968, 0.2, 0.8, 0.220161
0.8, 0.215902, 0.2, 0.8, 0.213516
0.8, 0.22069, 0.2, 0.8, 0.218273
0.8, 0.212992, 0.2, 0.8, 0.217082
0.8, 0.218872, 0.2, 0.8, 0.214229
0.8, 0.211065, 0.2, 0.8, 0.217434
0.8, 0.22052, 0.2, 0.8, 0.219238
0.8, 0.214664, 0.2, 0.8, 0.216407
0.8, 0.210707, 0.2, 0.8, 0.213905
0.8, 0.217376, 0.2, 0.8, 0.217056
0.8, 0.216649, 0.2, 0.8, 0.218763
0.8, 0.220365, 0.2, 0.8, 0.218758
0.8, 0.208105, 0.2, 0.8, 0.216973
0.8, 0.213837, 0.2, 0.8, 0.216537
0.8, 0.233956, 0.21, 0.79, 0.230664
0.8, 0.228453, 0.21, 0.79, 0.230639
0.8, 0.229038, 0.21, 0.79, 0.229857
0.8, 0.222868, 0.21, 0.79, 0.226104
0.8, 0.234319, 0.21, 0.79, 0.23743
0.8, 0.232318, 0.21, 0.79, 0.233757
0.8, 0.228789, 0.21, 0.79, 0.233281
0.8, 0.232075, 0.21, 0.79, 0.23263
0.8, 0.229028, 0.21, 0.79, 0.230422
0.8, 0.224707, 0.21, 0.79, 0.221783
0.8, 0.226916, 0.21, 0.79, 0.229274
0.8, 0.231673, 0.21, 0.79, 0.23438
0.8, 0.239268, 0.21, 0.79, 0.238842
0.8, 0.227027, 0.21, 0.79, 0.230301
0.8, 0.221783, 0.21, 0.79, 0.221023
0.8, 0.220685, 0.21, 0.79, 0.220927
0.8, 0.227031, 0.21, 0.79, 0.226059
0.8, 0.226612, 0.21, 0.79, 0.234429
0.8, 0.232037, 0.21, 0.79, 0.234598
0.8, 0.215517, 0.21, 0.79, 0.221137
0.8, 0.224256, 0.21, 0.79, 0.229306
0.8, 0.223047, 0.21, 0.79, 0.220009
0.8, 0.232092, 0.21, 0.79, 0.232807
0.8, 0.210674, 0.21, 0.79, 0.222063
0.8, 0.224486, 0.21, 0.79, 0.22718
0.8, 0.242425, 0.22, 0.78, 0.240177
0.8, 0.240275, 0.22, 0.78, 0.238922
0.8, 0.23138, 0.22, 0.78, 0.239448
0.8, 0.24384, 0.22, 0.78, 0.246959
0.8, 0.248329, 0.22, 0.78, 0.246855
0.8, 0.244732, 0.22, 0.78, 0.242315
0.8, 0.246574, 0.22, 0.78, 0.249731
0.8, 0.239786, 0.22, 0.78, 0.242846
0.8, 0.243438, 0.22, 0.78, 0.243857
0.8, 0.245632, 0.22, 0.78, 0.247275
0.8, 0.242242, 0.22, 0.78, 0.246738
0.8, 0.231654, 0.22, 0.78, 0.239284
0.8, 0.246591, 0.22, 0.78, 0.246473
0.8, 0.249014, 0.22, 0.78, 0.247772
0.8, 0.231355, 0.22, 0.78, 0.235786
0.8, 0.242074, 0.22, 0.78, 0.244451
0.8, 0.232559, 0.22, 0.78, 0.237338
0.8, 0.249185, 0.22, 0.78, 0.246603
0.8, 0.239857, 0.22, 0.78, 0.245692
0.8, 0.237455, 0.22, 0.78, 0.24185
0.8, 0.236245, 0.22, 0.78, 0.240882
0.8, 0.239102, 0.22, 0.78, 0.237589
0.8, 0.244142, 0.22, 0.78, 0.244707
0.8, 0.246318, 0.22, 0.78, 0.24833
0.8, 0.24075, 0.22, 0.78, 0.244904
0.8, 0.257061, 0.23, 0.77, 0.26001
0.8, 0.252792, 0.23, 0.77, 0.250953
0.8, 0.247154, 0.23, 0.77, 0.247729
0.8, 0.265458, 0.23, 0.77, 0.264165
0.8, 0.25821, 0.23, 0.77, 0.257859
0.8, 0.257717, 0.23, 0.77, 0.257092
0.8, 0.263074, 0.23, 0.77, 0.265961
0.8, 0.250491, 0.23, 0.77, 0.248793
0.8, 0.256013, 0.23, 0.77, 0.263078
0.8, 0.2502, 0.23, 0.77, 0.254589
0.8, 0.263155, 0.23, 0.77, 0.259224
0.8, 0.252292, 0.23, 0.77, 0.255853
0.8, 0.261583, 0.23, 0.77, 0.267631
0.8, 0.251333, 0.23, 0.77, 0.258177
0.8, 0.258147, 0.23, 0.77, 0.268139
0.8, 0.242294, 0.23, 0.77, 0.249057
0.8, 0.242212, 0.23, 0.77, 0.250732
0.8, 0.261543, 0.23, 0.77, 0.262663
0.8, 0.250915, 0.23, 0.77, 0.252946
0.8, 0.251172, 0.23, 0.77, 0.254208
0.8, 0.256366, 0.23, 0.77, 0.258333
0.8, 0.251077, 0.23, 0.77, 0.252888
0.8, 0.264464, 0.23, 0.77, 0.264371
0.8, 0.254276, 0.23, 0.77, 0.260011
0.8, 0.266818, 0.23, 0.77, 0.261204
0.8, 0.27061, 0.24, 0.76, 0.274674
0.8, 0.273423, 0.24, 0.76, 0.277814
0.8, 0.27632, 0.24, 0.76, 0.27756
0.8, 0.276598, 0.24, 0.76, 0.271258
0.8, 0.275363, 0.24, 0.76, 0.278066
0.8, 0.285102, 0.24, 0.76, 0.280349
0.8, 0.275077, 0.24, 0.76, 0.280103
0.8, 0.27034, 0.24, 0.76, 0.271358
0.8, 0.271718, 0.24, 0.76, 0.275433
0.8, 0.277795, 0.24, 0.76, 0.273819
0.8, 0.277361, 0.24, 0.76, 0.27014
0.8, 0.274405, 0.24, 0.76, 0.280496
0.8, 0.280676, 0.24, 0.76, 0.278492
0.8, 0.263846, 0.24, 0.76, 0.267426
0.8, 0.273464, 0.24, 0.76, 0.276447
0.8, 0.27423, 0.24, 0.76, 0.275525
0.8, 0.275783, 0.24, 0.76, 0.278833
0.8, 0.270169, 0.24, 0.76, 0.275098
0.8, 0.275428, 0.24, 0.76, 0.278205
0.8, 0.261214, 0.24, 0.76, 0.264313
0.8, 0.27399, 0.24, 0.76, 0.279829
0.8, 0.276824, 0.24, 0.76, 0.279353
0.8, 0.270021, 0.24, 0.76, 0.275879
0.8, 0.26813, 0.24, 0.76, 0.27464
0.8, 0.278294, 0.24, 0.76, 0.27991
0.8, 0.294011, 0.25, 0.75, 0.294452
0.8, 0.298559, 0.25, 0.75, 0.295523
0.8, 0.290879, 0.25, 0.75, 0.292658
0.8, 0.289772, 0.25, 0.75, 0.289893
0.8, 0.293937, 0.25, 0.75, 0.296886
0.8, 0.287861, 0.25, 0.75, 0.289646
0.8, 0.286721, 0.25, 0.75, 0.292338
0.8, 0.277131, 0.25, 0.75, 0.283283
0.8, 0.295445, 0.25, 0.75, 0.292351
0.8, 0.287465, 0.25, 0.75, 0.293805
0.8, 0.297528, 0.25, 0.75, 0.299491
0.8, 0.289831, 0.25, 0.75, 0.285854
0.8, 0.287355, 0.25, 0.75, 0.295607
0.8, 0.299488, 0.25, 0.75, 0.297911
0.8, 0.285822, 0.25, 0.75, 0.289368
0.8, 0.294566, 0.25, 0.75, 0.297197
0.8, 0.293443, 0.25, 0.75, 0.294527
0.8, 0.285027, 0.25, 0.75, 0.288217
0.8, 0.287982, 0.25, 0.75, 0.287612
0.8, 0.291636, 0.25, 0.75, 0.28705
0.8, 0.28283, 0.25, 0.75, 0.289019
0.8, 0.274112, 0.25, 0.75, 0.279429
0.8, 0.279742, 0.25, 0.75, 0.288003
0.8, 0.29213, 0.25, 0.75, 0.289603
0.8, 0.29673, 0.25, 0.75, 0.299556
0.8, 0.307293, 0.26, 0.74, 0.312162
0.8, 0.302704, 0.26, 0.74, 0.307962
0.8, 0.307628, 0.26, 0.74, 0.310094
0.8, 0.302449, 0.26, 0.74, 0.299212
0.8, 0.303673, 0.26, 0.74, 0.30677
0.8, 0.309015, 0.26, 0.74, 0.312288
0.8, 0.302022, 0.26, 0.74, 0.309942
0.8, 0.302581, 0.26, 0.74, 0.302722
0.8, 0.296552, 0.26, 0.74, 0.300267
0.8, 0.31358, 0.26, 0.74, 0.312475
0.8, 0.30513, 0.26, 0.74, 0.311834
0.8, 0.313692, 0.26, 0.74, 0.319044
0.8, 0.298417, 0.26, 0.74, 0.307229
0.8, 0.304612, 0.26, 0.74, 0.304489
0.8, 0.303911, 0.26, 0.74, 0.307091
0.8, 0.307512, 0.26, 0.74, 0.31028
0.8, 0.31805, 0.26, 0.74, 0.314108
0.8, 0.310613, 0.26, 0.74, 0.307493
0.8, 0.309777, 0.26, 0.74, 0.315872
0.8, 0.300736, 0.26, 0.74, 0.302409
0.8, 0.302731, 0.26, 0.74, 0.307988
0.8, 0.305656, 0.26, 0.74, 0.310535
0.8, 0.306494, 0.26, 0.74, 0.30708
0.8, 0.311399, 0.26, 0.74, 0.306687
0.8, 0.314909, 0.26, 0.74, 0.3155
0.8, 0.325463, 0.27, 0.73, 0.328614
0.8, 0.325327, 0.27, 0.73, 0.327404
0.8, 0.326965, 0.27, 0.73, 0.325052
0.8, 0.326294, 0.27, 0.73, 0.328177
0.8, 0.327916, 0.27, 0.73, 0.323635
0.8, 0.330187, 0.27, 0.73, 0.327051
0.8, 0.328634, 0.27, 0.73, 0.330749
0.8, 0.323331, 0.27, 0.73, 0.326216
0.8, 0.314462, 0.27, 0.73, 0.321012
0.8, 0.318124, 0.27, 0.73, 0.323354
0.8, 0.314887, 0.27, 0.73, 0.324434
0.8, 0.326139, 0.27, 0.73, 0.325157
0.8, 0.324119, 0.27, 0.73, 0.324228
0.8, 0.312444, 0.27, 0.73, 0.322946
0.8, 0.327138, 0.27, 0.73, 0.326976
0.8, 0.327023, 0.27, 0.73, 0.327524
0.8, 0.327874, 0.27, 0.73, 0.326025
0.8, 0.318647, 0.27, 0.73, 0.324005
0.8, 0.321214, 0.27, 0.73, 0.321922
0.8, 0.326288, 0.27, 0.73, 0.327676
0.8, 0.329721, 0.27, 0.73, 0.330152
0.8, 0.32407, 0.27, 0.73, 0.323435
0.8, 0.333149, 0.27, 0.73, 0.334376
0.8, 0.319156, 0.27, 0.73, 0.316707
0.8, 0.3145, 0.27, 0.73, 0.323276
0.8, 0.345105, 0.28, 0.72, 0.349266
0.8, 0.336978, 0.28, 0.72, 0.344823
0.8, 0.332121, 0.28, 0.72, 0.343092
0.8, 0.339655, 0.28, 0.72, 0.336768
0.8, 0.330459, 0.28, 0.72, 0.333535
0.8, 0.33523, 0.28, 0.72, 0.334989
0.8, 0.34775, 0.28, 0.72, 0.34635
0.8, 0.324287, 0.28, 0.72, 0.334164
0.8, 0.331937, 0.28, 0.72, 0.33423
0.8, 0.333233, 0.28, 0.72, 0.342119
0.8, 0.347063, 0.28, 0.72, 0.346239
0.8, 0.324442, 0.28, 0.72, 0.332749
0.8, 0.336167, 0.28, 0.72, 0.340722
0.8, 0.344062, 0.28, 0.72, 0.347131
0.8, 0.3363, 0.28, 0.72, 0.332414
0.8, 0.333282, 0.28, 0.72, 0.332492
0.8, 0.331431, 0.28, 0.72, 0.332411
0.8, 0.336976, 0.28, 0.72, 0.344106
0.8, 0.332566, 0.28, 0.72, 0.343434
0.8, 0.346008, 0.28, 0.72, 0.348122
0.8, 0.347873, 0.28, 0.72, 0.35098
0.8, 0.330124, 0.28, 0.72, 0.336271
0.8, 0.351465, 0.28, 0.72, 0.352663
0.8, 0.341398, 0.28, 0.72, 0.342798
0.8, 0.348736, 0.28, 0.72, 0.339169
0.8, 0.347584, 0.29, 0.71, 0.354328
0.8, 0.358995, 0.29, 0.71, 0.358091
0.8, 0.366931, 0.29, 0.71, 0.360274
0.8, 0.355995, 0.29, 0.71, 0.3588
0.8, 0.34851, 0.29, 0.71, 0.360153
0.8, 0.355951, 0.29, 0.71, 0.363506
0.8, 0.35235, 0.29, 0.71, 0.350798
0.8, 0.360281, 0.29, 0.71, 0.36393
0.8, 0.368993, 0.29, 0.71, 0.368259
0.8, 0.367084, 0.29, 0.71, 0.368791
0.8, 0.365431, 0.29, 0.71, 0.372485
0.8, 0.349144, 0.29, 0.71, 0.351574
0.8, 0.357533, 0.29, 0.71, 0.358905
0.8, 0.349948, 0.29, 0.71, 0.353742
0.8, 0.351496, 0.29, 0.71, 0.362445
0.8, 0.362918, 0.29, 0.71, 0.364956
0.8, 0.351144, 0.29, 0.71, 0.358743
0.8, 0.36171, 0.29, 0.71, 0.365463
0.8, 0.35908, 0.29, 0.71, 0.35723
0.8, 0.358846, 0.29, 0.71, 0.36168
0.8, 0.364835, 0.29, 0.71, 0.365625
0.8, 0.350436, 0.29, 0.71, 0.360103
0.8, 0.351268, 0.29, 0.71, 0.358549
0.8, 0.344804, 0.29, 0.71, 0.352218
0.8, 0.361932, 0.29, 0.71, 0.365657
0.8, 0.380906, 0.3, 0.7, 0.383028
0.8, 0.363824, 0.3, 0.7, 0.380003
0.8, 0.381026, 0.3, 0.7, 0.383946
0.8, 0.38393, 0.3, 0.7, 0.387234
0.8, 0.375981, 0.3, 0.7, 0.376595
0.8, 0.368533, 0.3, 0.7, 0.369344
0.8, 0.383609, 0.3, 0.7, 0.382602
0.8, 0.384165, 0.3, 0.7, 0.381867
0.8, 0.381794, 0.3, 0.7, 0.381355
0.8, 0.37379, 0.3, 0.7, 0.373959
0.8, 0.380103, 0.3, 0.7, 0.380274
0.8, 0.377632, 0.3, 0.7, 0.381666
0.8, 0.384672, 0.3, 0.7, 0.384498
0.8, 0.377537, 0.3, 0.7, 0.380783
0.8, 0.368993, 0.3, 0.7, 0.377674
0.8, 0.365517, 0.3, 0.7, 0.375903
0.8, 0.374759, 0.3, 0.7, 0.377339
0.8, 0.386101, 0.3, 0.7, 0.389231
0.8, 0.380472, 0.3, 0.7, 0.38586
0.8, 0.385798, 0.3, 0.7, 0.380672
0.8, 0.377102, 0.3, 0.7, 0.375587
0.8, 0.375616, 0.3, 0.7, 0.37298
0.8, 0.360032, 0.3, 0.7, 0.369802
0.8, 0.384029, 0.3, 0.7, 0.379416
0.8, 0.378511, 0.3, 0.7, 0.381128
0.85, 0.146498, 0.15, 0.85, 0.152168
0.85, 0.152317, 0.15, 0.85, 0.152082
0.85, 0.16087, 0.15, 0.85, 0.159407
0.85, 0.154842, 0.15, 0.85, 0.156885
0.85, 0.153381, 0.15, 0.85, 0.1531
0.85, 0.154207, 0.15, 0.85, 0.154418
0.85, 0.147891, 0.15, 0.85, 0.151797
0.85, 0.157406, 0.15, 0.85, 0.157428
0.85, 0.155279, 0.15, 0.85, 0.152078
0.85, 0.162344, 0.15, 0.85, 0.163954
0.85, 0.165681, 0.15, 0.85, 0.164498
0.85, 0.159667, 0.15, 0.85, 0.16092
0.85, 0.152537, 0.15, 0.85, 0.150112
0.85, 0.151578, 0.15, 0.85, 0.152355
0.85, 0.161726, 0.15, 0.85, 0.163993
0.85, 0.148191, 0.15, 0.85, 0.155056
0.85, 0.154497, 0.15, 0.85, 0.153886
0.85, 0.155635, 0.15, 0.85, 0.155168
0.85, 0.1486, 0.15, 0.85, 0.153414
0.85, 0.154461, 0.15, 0.85, 0.156272
0.85, 0.154623, 0.15, 0.85, 0.158179
0.85, 0.154599, 0.15, 0.85, 0.157727
0.85, 0.147517, 0.15, 0.85, 0.149359
0.85, 0.1589, 0.15, 0.85, 0.159535
0.85, 0.149261, 0.15, 0.85, 0.154848
0.85, 0.166139, 0.16, 0.84, 0.168053
0.85, 0.167699, 0.16, 0.84, 0.170265
0.85, 0.164819, 0.16, 0.84, 0.166982
0.85, 0.168467, 0.16, 0.84, 0.168765
0.85, 0.169361, 0.16, 0.84, 0.171582
0.85, 0.165685, 0.16, 0.84, 0.168692
0.85, 0.167437, 0.16, 0.84, 0.168503
0.85, 0.16571, 0.16, 0.84, 0.169164
0.85, 0.164122, 0.16, 0.84, 0.169583
0.85, 0.162465, 0.16, 0.84, 0.165941
0.85, 0.158516, 0.16, 0.84, 0.162398
0.85, 0.164678, 0.16, 0.84, 0.169376
0.85, 0.170716, 0.16, 0.84, 0.174586
0.85, 0.168533, 0.16, 0.84, 0.172608
0.85, 0.169914, 0.16, 0.84, 0.169012
0.85, 0.166225, 0.16, 0.84, 0.168667
0.85, 0.167842, 0.16, 0.84, 0.169478
0.85, 0.175114, 0.16, 0.84, 0.172579
0.85, 0.163203, 0.16, 0.84, 0.167842
0.85, 0.160599, 0.16, 0.84, 0.161995
0.85, 0.166127, 0.16, 0.84, 0.167455
0.85, 0.162849, 0.16, 0.84, 0.16415
0.85, 0.1643, 0.16, 0.84, 0.162546
0.85, 0.166029, 0.16, 0.84, 0.174874
0.85, 0.171492, 0.16, 0.84, 0.167991
0.85, 0.189706, 0.17, 0.83, 0.184107
0.85, 0.18663, 0.17, 0.83, 0.18483
0.85, 0.172273, 0.17, 0.83, 0.177005
0.85, 0.179065, 0.17, 0.83, 0.178144
0.85, 0.186311, 0.17, 0.83, 0.180995
0.85, 0.176006, 0.17, 0.83, 0.177846
0.85, 0.182069, 0.17, 0.83, 0.179906
0.85, 0.175569, 0.17, 0.83, 0.176685
0.85, 0.184484, 0.17, 0.83, 0.183594
0.85, 0.190907, 0.17, 0.83, 0.185059
0.85, 0.193097, 0.17, 0.83, 0.191355
0.85, 0.188216, 0.17, 0.83, 0.187764
0.85, 0.183156, 0.17, 0.83, 0.181216
0.85, 0.180392, 0.17, 0.83, 0.17883
0.85, 0.182827, 0.17, 0.83, 0.183623
0.85, 0.175582, 0.17, 0.83, 0.179566
0.85, 0.186066, 0.17, 0.83, 0.184943
0.85, 0.172945, 0.17, 0.83, 0.176071
0.85, 0.183882, 0.17, 0.83, 0.184214
0.85, 0.179065, 0.17, 0.83, 0.17658
0.85, 0.178322, 0.17, 0.83, 0.179133
0.85, 0.186928, 0.17, 0.83, 0.187194
0.85, 0.172124, 0.17, 0.83, 0.177964
0.85, 0.171157, 0.17, 0.83, 0.175812
0.85, 0.181215, 0.17, 0.83, 0.182153
0.85, 0.196105, 0.18, 0.82, 0.201651
0.85, 0.193377, 0.18, 0.82, 0.196742
0.85, 0.191715, 0.18, 0.82, 0.198788
0.85, 0.186303, 0.18, 0.82, 0.193915
0.85, 0.181648, 0.18, 0.82, 0.183923
0.85, 0.193434, 0.18, 0.82, 0.195361
0.85, 0.194054, 0.18, 0.82, 0.190545
0.85, 0.196146, 0.18, 0.82, 0.195941
0.85, 0.18727, 0.18, 0.82, 0.193389
0.85, 0.18949, 0.18, 0.82, 0.19091
0.85, 0.192895, 0.18, 0.82, 0.198455
0.85, 0.194926, 0.18, 0.82, 0.19332
0.85, 0.194975, 0.18, 0.82, 0.195613
0.85, 0.201551, 0.18, 0.82, 0.203575
0.85, 0.194142, 0.18, 0.82, 0.194388
0.85, 0.198906, 0.18, 0.82, 0.19858
0.85, 0.200213, 0.18, 0.82, 0.200614
0.85, 0.195841, 0.18, 0.82, 0.196908
0.85, 0.196708, 0.18, 0.82, 0.199988
0.85, 0.198801, 0.18, 0.82, 0.198931
0.85, 0.190388, 0.18, 0.82, 0.192694
0.85, 0.186277, 0.18, 0.82, 0.188188
0.85, 0.190766, 0.18, 0.82, 0.193408
0.85, 0.188874, 0.18, 0.82, 0.188593
0.85, 0.191378, 0.18, 0.82, 0.195868
0.85, 0.204667, 0.19, 0.81, 0.206742
0.85, 0.210472, 0.19, 0.81, 0.20611
0.85, 0.200768, 0.19, 0.81, 0.206397
0.85, 0.209983, 0.19, 0.81, 0.209755
0.85, 0.207638, 0.19, 0.81, 0.211183
0.85, 0.209482, 0.19, 0.81, 0.209868
0.85, 0.208221, 0.19, 0.81, 0.20797
0.85, 0.205074, 0.19, 0.81, 0.208656
0.85, 0.206146, 0.19, 0.81, 0.213174
0.85, 0.208153, 0.19, 0.81, 0.21583
0.85, 0.20553, 0.19, 0.81, 0.210945
0.85, 0.208634, 0.19, 0.81, 0.209266
0.85, 0.214966, 0.19, 0.81, 0.212064
0.85, 0.206224, 0.19, 0.81, 0.209454
0.85, 0.208598, 0.19, 0.81, 0.20949
0.85, 0.207919, 0.19, 0.81, 0.206947
0.85, 0.209393, 0.19, 0.81, 0.209397
0.85, 0.200596, 0.19, 0.81, 0.20017
0.85, 0.202682, 0.19, 0.81, 0.20688
0.85, 0.204583, 0.19, 0.81, 0.206993
0.85, 0.216948, 0.19, 0.81, 0.212512
0.85, 0.205576, 0.19, 0.81, 0.209388
0.85, 0.202808, 0.19, 0.81, 0.204368
0.85, 0.203909, 0.19, 0.81, 0.21107
0.85, 0.211036, 0.19, 0.81, 0.210962
0.85, 0.224614, 0.2, 0.8, 0.221551
0.85, 0.224132, 0.2, 0.8, 0.223437
0.85, 0.216332, 0.2, 0.8, 0.224863
0.85, 0.218654, 0.2, 0.8, 0.220899
0.85, 0.227201, 0.2, 0.8, 0.226387
0.85, 0.21659, 0.2, 0.8, 0.21852
0.85, 0.229551, 0.2, 0.8, 0.228556
0.85, 0.215803, 0.2, 0.8, 0.221116
0.85, 0.222004, 0.2, 0.8, 0.221668
0.85, 0.229624, 0.2, 0.8, 0.227848
0.85, 0.220983, 0.2, 0.8, 0.221143
0.85, 0.220701, 0.2, 0.8, 0.222712
0.85, 0.224085, 0.2, 0.8, 0.21985
0.85, 0.227812, 0.2, 0.8, 0.226288
0.85, 0.227219, 0.2, 0.8, 0.222519
0.85, 0.213269, 0.2, 0.8, 0.218718
0.85, 0.217457, 0.2, 0.8, 0.220452
0.85, 0.228558, 0.2, 0.8, 0.230888
0.85, 0.213872, 0.2, 0.8, 0.219468
0.85, 0.21593, 0.2, 0.8, 0.217804
0.85, 0.21781, 0.2, 0.8, 0.221676
0.85, 0.213781, 0.2, 0.8, 0.213762
0.85, 0.228375, 0.2, 0.8, 0.227032
0.85, 0.218867, 0.2, 0.8, 0.221291
0.85, 0.224807, 0.2, 0.8, 0.220936
0.85, 0.242315, 0.21, 0.79, 0.239712
0.85, 0.234341, 0.21, 0.79, 0.23575
0.85, 0.23216, 0.21, 0.79, 0.235367
0.85, 0.240022, 0.21, 0.79, 0.234898
0.85, 0.232289, 0.21, 0.79, 0.239539
0.85, 0.227996, 0.21, 0.79, 0.228842
0.85, 0.232788, 0.21, 0.79, 0.241815
0.85, 0.242488, 0.21, 0.79, 0.238095
0.85, 0.239323, 0.21, 0.79, 0.239467
0.85, 0.217941, 0.21, 0.79, 0.225501
0.85, 0.23951, 0.21, 0.79, 0.239118
0.85, 0.23349, 0.21, 0.79, 0.235443
0.85, 0.238458, 0.21, 0.79, 0.241073
0.85, 0.234744, 0.21, 0.79, 0.23691
0.85, 0.234652, 0.21, 0.79, 0.237961
0.85, 0.246597, 0.21, 0.79, 0.243576
0.85, 0.238006, 0.21, 0.79, 0.238895
0.85, 0.236391, 0.21, 0.79, 0.237749
0.85, 0.243097, 0.21, 0.79, 0.24776
0.85, 0.238651, 0.21, 0.79, 0.240286
0.85, 0.243426, 0.21, 0.79, 0.243785
0.85, 0.244125, 0.21, 0.79, 0.24025
0.85, 0.231711, 0.21, 0.79, 0.236363
0.85, 0.240446, 0.21, 0.79, 0.238701
0.85, 0.242229, 0.21, 0.79, 0.241815
0.85, 0.249319, 0.22, 0.78, 0.253681
0.85, 0.259404, 0.22, 0.78, 0.258217
0.85, 0.250642, 0.22, 0.78, 0.250205
0.85, 0.25328, 0.22, 0.78, 0.253923
0.85, 0.258519, 0.22, 0.78, 0.25586
0.85, 0.2528, 0.22, 0.78, 0.254371
0.85, 0.244573, 0.22, 0.78, 0.249081
0.85, 0.247935, 0.22, 0.78, 0.248647
0.85, 0.245937, 0.22, 0.78, 0.249613
0.85, 0.251566, 0.22, 0.78, 0.258232
0.85, 0.252799, 0.22, 0.78, 0.256268
0.85, 0.251067, 0.22, 0.78, 0.256038
0.85, 0.262825, 0.22, 0.78, 0.264476
0.85, 0.245958, 0.22, 0.78, 0.249149
0.85, 0.255649, 0.22, 0.78, 0.254175
0.85, 0.256162, 0.22, 0.78, 0.256322
0.85, 0.248048, 0.22, 0.78, 0.246322
0.85, 0.250322, 0.22, 0.78, 0.252961
0.85, 0.250902, 0.22, 0.78, 0.256008
0.85, 0.238046, 0.22, 0.78, 0.243866
0.85, 0.249277, 0.22, 0.78, 0.254138
0.85, 0.246552, 0.22, 0.78, 0.2494
0.85, 0.254293, 0.22, 0.78, 0.252489
0.85, 0.2547, 0.22, 0.78, 0.25143
0.85, 0.247391, 0.22, 0.78, 0.248805
0.85, 0.270083, 0.23, 0.77, 0.27197
0.85, 0.261805, 0.23, 0.77, 0.262288
0.85, 0.259877, 0.23, 0.77, 0.261577
0.85, 0.268911, 0.23, 0.77, 0.272431
0.85, 0.264739, 0.23, 0.77, 0.26972
0.85, 0.268276, 0.23, 0.77, 0.272075
0.85, 0.265488, 0.23, 0.77, 0.266241
0.85, 0.264233, 0.23, 0.77, 0.261453
0.85, 0.267225, 0.23, 0.77, 0.267037
0.85, 0.260131, 0.23, 0.77, 0.260996
0.85, 0.262876, 0.23, 0.77, 0.267965
0.85, 0.274093, 0.23, 0.77, 0.275291
0.85, 0.274123, 0.23, 0.77, 0.2705
0.85, 0.26416, 0.23, 0.77, 0.264764
0.85, 0.271668, 0.23, 0.77, 0.266247
0.85, 0.274311, 0.23, 0.77, 0.271078
0.85, 0.267599, 0.23, 0.77, 0.269787
0.85, 0.261864, 0.23, 0.77, 0.264052
0.85, 0.263745, 0.23, 0.77, 0.264281
0.85, 0.261826, 0.23, 0.77, 0.265579
0.85, 0.268867, 0.23, 0.77, 0.271484
0.85, 0.275368, 0.23, 0.77, 0.274172
0.85, 0.262956, 0.23, 0.77, 0.264163
0.85, 0.266531, 0.23, 0.77, 0.268677
0.85, 0.268234, 0.23, 0.77, 0.271647
0.85, 0.285348, 0.24, 0.76, 0.284754
0.85, 0.276187, 0.24, 0.76, 0.278102
0.85, 0.279158, 0.24, 0.76, 0.28466
0.85, 0.287817, 0.24, 0.76, 0.289346
0.85, 0.281823, 0.24, 0.76, 0.283648
0.85, 0.277605, 0.24, 0.76, 0.278263
0.85, 0.272153, 0.24, 0.76, 0.279003
0.85, 0.285646, 0.24, 0.76, 0.284342
0.85, 0.299058, 0.24, 0.76, 0.290243
0.85, 0.28974, 0.24, 0.76, 0.288782
0.85, 0.282688, 0.24, 0.76, 0.279313
0.85, 0.279369, 0.24, 0.76, 0.281899
0.85, 0.281186, 0.24, 0.76, 0.285861
0.85, 0.290995, 0.24, 0.76, 0.289241
0.85, 0.279686, 0.24, 0.76, 0.283817
0.85, 0.287822, 0.24, 0.76, 0.292263
0.85, 0.293638, 0.24, 0.76, 0.294966
0.85, 0.285616, 0.24, 0.76, 0.287089
0.85, 0.272047, 0.24, 0.76, 0.281644
0.85, 0.284038, 0.24, 0.76, 0.284396
0.85, 0.283312, 0.24, 0.76, 0.290813
0.85, 0.280546, 0.24, 0.76, 0.282834
0.85, 0.282001, 0.24, 0.76, 0.284422
0.85, 0.283248, 0.24, 0.76, 0.287958
0.85, 0.279871, 0.24, 0.76, 0.27597
0.85, 0.288298, 0.25, 0.75, 0.29684
0.85, 0.291734, 0.25, 0.75, 0.288074
0.85, 0.304586, 0.25, 0.75, 0.310567
0.85, 0.290907, 0.25, 0.75, 0.300381
0.85, 0.29955, 0.25, 0.75, 0.300084
0.85, 0.294807, 0.25, 0.75, 0.301314
0.85, 0.287147, 0.25, 0.75, 0.292147
0.85, 0.296337, 0.25, 0.75, 0.297997
0.85, 0.301491, 0.25, 0.75, 0.306199
0.85, 0.291999, 0.25, 0.75, 0.294462
0.85, 0.295591, 0.25, 0.75, 0.29959
0.85, 0.287634, 0.25, 0.75, 0.291019
0.85, 0.297262, 0.25, 0.75, 0.297861
0.85, 0.293259, 0.25, 0.75, 0.295969
0.85, 0.298737, 0.25, 0.75, 0.299766
0.85, 0.291231, 0.25, 0.75, 0.297705
0.85, 0.30091, 0.25, 0.75, 0.302855
0.85, 0.300662, 0.25, 0.75, 0.301893
0.85, 0.304152, 0.25, 0.75, 0.306978
0.85, 0.3008, 0.25, 0.75, 0.301723
0.85, 0.307121, 0.25, 0.75, 0.304969
0.85, 0.29269, 0.25, 0.75, 0.290963
0.85, 0.291996, 0.25, 0.75, 0.295493
0.85, 0.297045, 0.25, 0.75, 0.302583
0.85, 0.295321, 0.25, 0.75, 0.301998
0.85, 0.316042, 0.26, 0.74, 0.3179
0.85, 0.303995, 0.26, 0.74, 0.308533
0.85, 0.319267, 0.26, 0.74, 0.321097
0.85, 0.313864, 0.26, 0.74, 0.307414
0.85, 0.31278, 0.26, 0.74, 0.314689
0.85, 0.326273, 0.26, 0.74, 0.321457
0.85, 0.309999, 0.26, 0.74, 0.316807
0.85, 0.303453, 0.26, 0.74, 0.314662
0.85, 0.314015, 0.26, 0.74, 0.31539
0.85, 0.298461, 0.26, 0.74, 0.304751
0.85, 0.310727, 0.26, 0.74, 0.316282
0.85, 0.306804, 0.26, 0.74, 0.306865
0.85, 0.315171, 0.26, 0.74, 0.320097
0.85, 0.317599, 0.26, 0.74, 0.32122
0.85, 0.306004, 0.26, 0.74, 0.310956
0.85, 0.320502, 0.26, 0.74, 0.316552
0.85, 0.316357, 0.26, 0.74, 0.316481
0.85, 0.312404, 0.26, 0.74, 0.313812
0.85, 0.313403, 0.26, 0.74, 0.314492
0.85, 0.317105, 0.26, 0.74, 0.318619
0.85, 0.319797, 0.26, 0.74, 0.321386
0.85, 0.305994, 0.26, 0.74, 0.312645
0.85, 0.315778, 0.26, 0.74, 0.315897
0.85, 0.314174, 0.26, 0.74, 0.314306
0.85, 0.319312, 0.26, 0.74, 0.321627
0.85, 0.328953, 0.27, 0.73, 0.333683
0.85, 0.325019, 0.27, 0.73, 0.329894
0.85, 0.332796, 0.27, 0.73, 0.333064
0.85, 0.332719, 0.27, 0.73, 0.331749
0.85, 0.326163, 0.27, 0.73, 0.335398
0.85, 0.333742, 0.27, 0.73, 0.336992
0.85, 0.323234, 0.27, 0.73, 0.331648
0.85, 0.343154, 0.27, 0.73, 0.340029
0.85, 0.315821, 0.27, 0.73, 0.32438
0.85, 0.328975, 0.27, 0.73, 0.328123
0.85, 0.318609, 0.27, 0.73, 0.327467
0.85, 0.336123, 0.27, 0.73, 0.333846
0.85, 0.325105, 0.27, 0.73, 0.331614
0.85, 0.335438, 0.27, 0.73, 0.342591
0.85, 0.328305, 0.27, 0.73, 0.335968
0.85, 0.33288, 0.27, 0.73, 0.336019
0.85, 0.326667, 0.27, 0.73, 0.326111
0.85, 0.336789, 0.27, 0.73, 0.338303
0.85, 0.331725, 0.27, 0.73, 0.336797
0.85, 0.330932, 0.27, 0.73, 0.335325
0.85, 0.332162, 0.27, 0.73, 0.33378
0.85, 0.336502, 0.27, 0.73, 0.3379
0.85, 0.325556, 0.27, 0.73, 0.333311
0.85, 0.322499, 0.27, 0.73, 0.326308
0.85, 0.336514, 0.27, 0.73, 0.33307
0.85, 0.344558, 0.28, 0.72, 0.350494
0.85, 0.348647, 0.28, 0.72, 0.350645
0.85, 0.343979, 0.28, 0.72, 0.348244
0.85, 0.349864, 0.28, 0.72, 0.353363
0.85, 0.348069, 0.28, 0.72, 0.349741
0.85, 0.343479, 0.28, 0.72, 0.353114
0.85, 0.349361, 0.28, 0.72, 0.356038
0.85, 0.338179, 0.28, 0.72, 0.344376
0.85, 0.353401, 0.28, 0.72, 0.357309
0.85, 0.340583, 0.28, 0.72, 0.344099
0.85, 0.352593, 0.28, 0.72, 0.352804
0.85, 0.360968, 0.28, 0.72, 0.366813
0.85, 0.343888, 0.28, 0.72, 0.343934
0.85, 0.353475, 0.28, 0.72, 0.350781
0.85, 0.336435, 0.28, 0.72, 0.337745
0.85, 0.336576, 0.28, 0.72, 0.340998
0.85, 0.353635, 0.28, 0.72, 0.35379
0.85, 0.343188, 0.28, 0.72, 0.347143
0.85, 0.343358, 0.28, 0.72, 0.354719
0.85, 0.34231, 0.28, 0.72, 0.347426
0.85, 0.344074, 0.28, 0.72, 0.345518
0.85, 0.348984, 0.28, 0.72, 0.353568
0.85, 0.355887, 0.28, 0.72, 0.351272
0.85, 0.345979, 0.28, 0.72, 0.352851
0.85, 0.343363, 0.28, 0.72, 0.349165
0.85, 0.363672, 0.29, 0.71, 0.367852
0.85, 0.359479, 0.29, 0.71, 0.364355
0.85, 0.360667, 0.29, 0.71, 0.363875
0.85, 0.368803, 0.29, 0.71, 0.367913
0.85, 0.366997, 0.29, 0.71, 0.362247
0.85, 0.368096, 0.29, 0.71, 0.37005
0.85, 0.372883, 0.29, 0.71, 0.376174
0.85, 0.356313, 0.29, 0.71, 0.354399
0.85, 0.362465, 0.29, 0.71, 0.369368
0.85, 0.371149, 0.29, 0.71, 0.372263
0.85, 0.371608, 0.29, 0.71, 0.37404
0.85, 0.36332, 0.29, 0.71, 0.36503
0.85, 0.355439, 0.29, 0.71, 0.359739
0.85, 0.357326, 0.29, 0.71, 0.362592
0.85, 0.365356, 0.29, 0.71, 0.366737
0.85, 0.370566, 0.29, 0.71, 0.369761
0.85, 0.355131, 0.29, 0.71, 0.364714
0.85, 0.368658, 0.29, 0.71, 0.373741
0.85, 0.35954, 0.29, 0.71, 0.368245
0.85, 0.372237, 0.29, 0.71, 0.369522
0.85, 0.366008, 0.29, 0.71, 0.367459
0.85, 0.366982, 0.29, 0.71, 0.369236
0.85, 0.358695, 0.29, 0.71, 0.363856
0.85, 0.365112, 0.29, 0.71, 0.367487
0.85, 0.361637, 0.29, 0.71, 0.367521
0.85, 0.389147, 0.3, 0.7, 0.391125
0.85, 0.391977, 0.3, 0.7, 0.392293
0.85, 0.388673, 0.3, 0.7, 0.38936
0.85, 0.375327, 0.3, 0.7, 0.382089
0.85, 0.384299, 0.3, 0.7, 0.389795
0.85, 0.387762, 0.3, 0.7, 0.385782
0.85, 0.384764, 0.3, 0.7, 0.384505
0.85, 0.378162, 0.3, 0.7, 0.382003
0.85, 0.374202, 0.3, 0.7, 0.379066
0.85, 0.397775, 0.3, 0.7, 0.400774
0.85, 0.391506, 0.3, 0.7, 0.387182
0.85, 0.384664, 0.3, 0.7, 0.385783
0.85, 0.385006, 0.3, 0.7, 0.395796
0.85, 0.391351, 0.3, 0.7, 0.388439
0.85, 0.375561, 0.3, 0.7, 0.383218
0.85, 0.382094, 0.3, 0.7, 0.384054
0.85, 0.381431, 0.3, 0.7, 0.385185
0.85, 0.385361, 0.3, 0.7, 0.389662
0.85, 0.388079, 0.3, 0.7, 0.388991
0.85, 0.381234, 0.3, 0.7, 0.380995
0.85, 0.38321, 0.3, 0.7, 0.382902
0.85, 0.380504, 0.3, 0.7, 0.382472
0.85, 0.384826, 0.3, 0.7, 0.381735
0.85, 0.383164, 0.3, 0.7, 0.393803
0.85, 0.385176, 0.3, 0.7, 0.386434
0.9, 0.161571, 0.15, 0.85, 0.158182
0.9, 0.164158, 0.15, 0.85, 0.166127
0.9, 0.157673, 0.15, 0.85, 0.159454
0.9, 0.157331, 0.15, 0.85, 0.15868
0.9, 0.164207, 0.15, 0.85, 0.166003
0.9, 0.158927, 0.15, 0.85, 0.156453
0.9, 0.166408, 0.15, 0.85, 0.168756
0.9, 0.163669, 0.15, 0.85, 0.163209
0.9, 0.159862, 0.15, 0.85, 0.161553
0.9, 0.163436, 0.15, 0.85, 0.16123
0.9, 0.170265, 0.15, 0.85, 0.169331
0.9, 0.161151, 0.15, 0.85, 0.162857
0.9, 0.163104, 0.15, 0.85, 0.166793
0.9, 0.165055, 0.15, 0.85, 0.165251
0.9, 0.162529, 0.15, 0.85, 0.161851
0.9, 0.15852, 0.15, 0.85, 0.161097
0.9, 0.157623, 0.15, 0.85, 0.160211
0.9, 0.165904, 0.15, 0.85, 0.159773
0.9, 0.162357, 0.15, 0.85, 0.16594
0.9, 0.163843, 0.15, 0.85, 0.163323
0.9, 0.158444, 0.15, 0.85, 0.161057
0.9, 0.164223, 0.15, 0.85, 0.164494
0.9, 0.163953, 0.15, 0.85, 0.165166
0.9, 0.155917, 0.15, 0.85, 0.158206
0.9, 0.167247, 0.15, 0.85, 0.166308
0.9, 0.172318, 0.16, 0.84, 0.174872
0.9, 0.171429, 0.16, 0.84, 0.17112
0.9, 0.177051, 0.16, 0.84, 0.181523
0.9, 0.175962, 0.16, 0.84, 0.174727
0.9, 0.171562, 0.16, 0.84, 0.177429
0.9, 0.1654, 0.16, 0.84, 0.171624
0.9, 0.173475, 0.16, 0.84, 0.174212
0.9, 0.17719, 0.16, 0.84, 0.176877
0.9, 0.170721, 0.16, 0.84, 0.171498
0.9, 0.181323, 0.16, 0.84, 0.181944
0.9, 0.170835, 0.16, 0.84, 0.172538
0.9, 0.178827, 0.16, 0.84, 0.177614
0.9, 0.168495, 0.16, 0.84, 0.170194
0.9, 0.168618, 0.16, 0.84, 0.17442
0.9, 0.171379, 0.16, 0.84, 0.17563
0.9, 0.164769, 0.16, 0.84, 0.166899
0.9, 0.185361, 0.16, 0.84, 0.183417
0.9, 0.174209, 0.16, 0.84, 0.175037
0.9, 0.172831, 0.16, 0.84, 0.176608
0.9, 0.173224, 0.16, 0.84, 0.17125
0.9, 0.17052, 0.16, 0.84, 0.17266
0.9, 0.170998, 0.16, 0.84, 0.174432
0.9, 0.174162, 0.16, 0.84, 0.175216
0.9, 0.172679, 0.16, 0.84, 0.171529
0.9, 0.176964, 0.16, 0.84, 0.180776
0.9, 0.187757, 0.17, 0.83, 0.191257
0.9, 0.183442, 0.17, 0.83, 0.184277
0.9, 0.184303, 0.17, 0.83, 0.187325
0.9, 0.18548, 0.17, 0.83, 0.189917
0.9, 0.187523, 0.17, 0.83, 0.18793
0.9, 0.180319, 0.17, 0.83, 0.180949
0.9, 0.186174, 0.17, 0.83, 0.183567
0.9, 0.196691, 0.17, 0.83, 0.192556
0.9, 0.188782, 0.17, 0.83, 0.188871
0.9, 0.188252, 0.17, 0.83, 0.187321
0.9, 0.187728, 0.17, 0.83, 0.187597
0.9, 0.184278, 0.17, 0.83, 0.18413
0.9, 0.179919, 0.17, 0.83, 0.185752
0.9, 0.192001, 0.17, 0.83, 0.193463
0.9, 0.177545, 0.17, 0.83, 0.184492
0.9, 0.194643, 0.17, 0.83, 0.195588
0.9, 0.185762, 0.17, 0.83, 0.186394
0.9, 0.183595, 0.17, 0.83, 0.187228
0.9, 0.183243, 0.17, 0.83, 0.186497
0.9, 0.182197, 0.17, 0.83, 0.19178
0.9, 0.188371, 0.17, 0.83, 0.193218
0.9, 0.183907, 0.17, 0.83, 0.187492
0.9, 0.193151, 0.17, 0.83, 0.195199
0.9, 0.191683, 0.17, 0.83, 0.185082
0.9, 0.177992, 0.17, 0.83, 0.177892
0.9, 0.202637, 0.18, 0.82, 0.203487
0.9, 0.203884, 0.18, 0.82, 0.201478
0.9, 0.205486, 0.18, 0.82, 0.205189
0.9, 0.192368, 0.18, 0.82, 0.19821
0.9, 0.20213, 0.18, 0.82, 0.196368
0.9, 0.203584, 0.18, 0.82, 0.20146
0.9, 0.206064, 0.18, 0.82, 0.20315
0.9, 0.208496, 0.18, 0.82, 0.206377
0.9, 0.198382, 0.18, 0.82, 0.199438
0.9, 0.188977, 0.18, 0.82, 0.193548
0.9, 0.202039, 0.18, 0.82, 0.201577
0.9, 0.19764, 0.18, 0.82, 0.198914
0.9, 0.193285, 0.18, 0.82, 0.199614
0.9, 0.202674, 0.18, 0.82, 0.203526
0.9, 0.199938, 0.18, 0.82, 0.204152
0.9, 0.199121, 0.18, 0.82, 0.20124
0.9, 0.199267, 0.18, 0.82, 0.201091
0.9, 0.199775, 0.18, 0.82, 0.199618
0.9, 0.193412, 0.18, 0.82, 0.198935
0.9, 0.202448, 0.18, 0.82, 0.199453
0.9, 0.197764, 0.18, 0.82, 0.19517
0.9, 0.204323, 0.18, 0.82, 0.204004
0.9, 0.20538, 0.18, 0.82, 0.205547
0.9, 0.192269, 0.18, 0.82, 0.194778
0.9, 0.20383, 0.18, 0.82, 0.199521
0.9, 0.208068, 0.19, 0.81, 0.213532
0.9, 0.215805, 0.19, 0.81, 0.217955
0.9, 0.214624, 0.19, 0.81, 0.21622
0.9, 0.20668, 0.19, 0.81, 0.212021
0.9, 0.227011, 0.19, 0.81, 0.225857
0.9, 0.21062, 0.19, 0.81, 0.213663
0.9, 0.207834, 0.19, 0.81, 0.21161
0.9, 0.212417, 0.19, 0.81, 0.210058
0.9, 0.209494, 0.19, 0.81, 0.211551
0.9, 0.210458, 0.19, 0.81, 0.216236
0.9, 0.20316, 0.19, 0.81, 0.205331
0.9, 0.216684, 0.19, 0.81, 0.214652
0.9, 0.219103, 0.19, 0.81, 0.216997
0.9, 0.214702, 0.19, 0.81, 0.20759
0.9, 0.212017, 0.19, 0.81, 0.21524
0.9, 0.217895, 0.19, 0.81, 0.217344
0.9, 0.206669, 0.19, 0.81, 0.208425
0.9, 0.216247, 0.19, 0.81, 0.219563
0.9, 0.211341, 0.19, 0.81, 0.211514
0.9, 0.212455, 0.19, 0.81, 0.212026
0.9, 0.213399, 0.19, 0.81, 0.215653
0.9, 0.217378, 0.19, 0.81, 0.22075
0.9, 0.212039, 0.19, 0.81, 0.214004
0.9, 0.215703, 0.19, 0.81, 0.218841
0.9, 0.214849, 0.19, 0.81, 0.217304
0.9, 0.230329, 0.2, 0.8, 0.232123
0.9, 0.227467, 0.2, 0.8, 0.231096
0.9, 0.221398, 0.2, 0.8, 0.220823
0.9, 0.234551, 0.2, 0.8, 0.236758
0.9, 0.230723, 0.2, 0.8, 0.230439
0.9, 0.222862, 0.2, 0.8, 0.2257
0.9, 0.233231, 0.2, 0.8, 0.232335
0.9, 0.22439, 0.2, 0.8, 0.22595
0.9, 0.222808, 0.2, 0.8, 0.227242
0.9, 0.243231, 0.2, 0.8, 0.245043
0.9, 0.22656, 0.2, 0.8, 0.231107
0.9, 0.224317, 0.2, 0.8, 0.227043
0.9, 0.235412, 0.2, 0.8, 0.236885
0.9, 0.231463, 0.2, 0.8, 0.23308
0.9, 0.242101, 0.2, 0.8, 0.24208
0.9, 0.229795, 0.2, 0.8, 0.232403
0.9, 0.227788, 0.2, 0.8, 0.231516
0.9, 0.236752, 0.2, 0.8, 0.236495
0.9, 0.224773, 0.2, 0.8, 0.225763
0.9, 0.231054, 0.2, 0.8, 0.232095
0.9, 0.238773, 0.2, 0.8, 0.238607
0.9, 0.232205, 0.2, 0.8, 0.228251
0.9, 0.2324, 0.2, 0.8, 0.236806
0.9, 0.229738, 0.2, 0.8, 0.231817
0.9, 0.224753, 0.2, 0.8, 0.232058
0.9, 0.242248, 0.21, 0.79, 0.243585
0.9, 0.250325, 0.21, 0.79, 0.250843
0.9, 0.241881, 0.21, 0.79, 0.243631
0.9, 0.24209, 0.21, 0.79, 0.243473
0.9, 0.245041, 0.21, 0.79, 0.249044
0.9, 0.243064, 0.21, 0.79, 0.242364
0.9, 0.250495, 0.21, 0.79, 0.25031
0.9, 0.242666, 0.21, 0.79, 0.246487
0.9, 0.245383, 0.21, 0.79, 0.24983
0.9, 0.234821, 0.21, 0.79, 0.236712
0.9, 0.249102, 0.21, 0.79, 0.25036
0.9, 0.247348, 0.21, 0.79, 0.246098
0.9, 0.249081, 0.21, 0.79, 0.251499
0.9, 0.240429, 0.21, 0.79, 0.243925
0.9, 0.235282, 0.21, 0.79, 0.24302
0.9, 0.25097, 0.21, 0.79, 0.251361
0.9, 0.246983, 0.21, 0.79, 0.24596
0.9, 0.238678, 0.21, 0.79, 0.24182
0.9, 0.250347, 0.21, 0.79, 0.251108
0.9, 0.242427, 0.21, 0.79, 0.242053
0.9, 0.239909, 0.21, 0.79, 0.24065
0.9, 0.240833, 0.21, 0.79, 0.24759
0.9, 0.241046, 0.21, 0.79, 0.236913
0.9, 0.239787, 0.21, 0.79, 0.242721
0.9, 0.239387, 0.21, 0.79, 0.244783
0.9, 0.253612, 0.22, 0.78, 0.260502
0.9, 0.255984, 0.22, 0.78, 0.262073
0.9, 0.259285, 0.22, 0.78, 0.259059
0.9, 0.258214, 0.22, 0.78, 0.252647
0.9, 0.268555, 0.22, 0.78, 0.269011
0.9, 0.255886, 0.22, 0.78, 0.26202
0.9, 0.26038, 0.22, 0.78, 0.263652
0.9, 0.253264, 0.22, 0.78, 0.258086
0.9, 0.251126, 0.22, 0.78, 0.257
0.9, 0.257956, 0.22, 0.78, 0.25753
0.9, 0.25912, 0.22, 0.78, 0.26461
0.9, 0.258738, 0.22, 0.78, 0.261065
0.9, 0.253938, 0.22, 0.78, 0.257403
0.9, 0.262641, 0.22, 0.78, 0.264134
0.9, 0.257387, 0.22, 0.78, 0.260402
0.9, 0.255939, 0.22, 0.78, 0.25641
0.9, 0.266416, 0.22, 0.78, 0.262378
0.9, 0.260331, 0.22, 0.78, 0.263135
0.9, 0.260533, 0.22, 0.78, 0.262029
0.9, 0.25318, 0.22, 0.78, 0.254415
0.9, 0.254738, 0.22, 0.78, 0.25469
0.9, 0.251008, 0.22, 0.78, 0.254882
0.9, 0.256041, 0.22, 0.78, 0.260798
0.9, 0.257597, 0.22, 0.78, 0.259995
0.9, 0.260006, 0.22, 0.78, 0.257152
0.9, 0.261399, 0.23, 0.77, 0.268531
0.9, 0.257927, 0.23, 0.77, 0.269449
0.9, 0.269175, 0.23, 0.77, 0.279147
0.9, 0.280289, 0.23, 0.77, 0.27893
0.9, 0.275606, 0.23, 0.77, 0.27621
0.9, 0.274421, 0.23, 0.77, 0.277638
0.9, 0.267978, 0.23, 0.77, 0.27037
0.9, 0.271047, 0.23, 0.77, 0.271185
0.9, 0.284482, 0.23, 0.77, 0.281542
0.9, 0.272476, 0.23, 0.77, 0.273172
0.9, 0.274248, 0.23, 0.77, 0.275455
0.9, 0.259524, 0.23, 0.77, 0.265869
0.9, 0.276396, 0.23, 0.77, 0.280771
0.9, 0.260913, 0.23, 0.77, 0.270872
0.9, 0.270892, 0.23, 0.77, 0.276251
0.9, 0.264849, 0.23, 0.77, 0.265451
0.9, 0.278175, 0.23, 0.77, 0.276596
0.9, 0.271625, 0.23, 0.77, 0.275287
0.9, 0.283065, 0.23, 0.77, 0.284146
0.9, 0.278825, 0.23, 0.77, 0.273455
0.9, 0.282479, 0.23, 0.77, 0.282467
0.9, 0.278824, 0.23, 0.77, 0.279446
0.9, 0.267936, 0.23, 0.77, 0.274364
0.9, 0.271351, 0.23, 0.77, 0.273818
0.9, 0.259243, 0.23, 0.77, 0.268162
0.9, 0.288506, 0.24, 0.76, 0.294753
0.9, 0.294508, 0.24, 0.76, 0.296534
0.9, 0.292342, 0.24, 0.76, 0.29313
0.9, 0.288969, 0.24, 0.76, 0.293351
0.9, 0.292935, 0.24, 0.76, 0.294155
0.9, 0.286127, 0.24, 0.76, 0.286894
0.9, 0.285171, 0.24, 0.76, 0.288124
0.9, 0.286249, 0.24, 0.76, 0.291918
0.9, 0.289783, 0.24, 0.76, 0.290623
0.9, 0.296493, 0.24, 0.76, 0.293562
0.9, 0.286192, 0.24, 0.76, 0.295341
0.9, 0.283855, 0.24, 0.76, 0.287538
0.9, 0.288695, 0.24, 0.76, 0.291013
0.9, 0.288256, 0.24, 0.76, 0.29414
0.9, 0.289326, 0.24, 0.76, 0.292994
0.9, 0.287671, 0.24, 0.76, 0.287495
0.9, 0.288929, 0.24, 0.76, 0.295312
0.9, 0.290737, 0.24, 0.76, 0.291492
0.9, 0.288192, 0.24, 0.76, 0.287995
0.9, 0.286523, 0.24, 0.76, 0.29463
0.9, 0.28816, 0.24, 0.76, 0.293962
0.9, 0.28287, 0.24, 0.76, 0.284946
0.9, 0.292021, 0.24, 0.76, 0.292212
0.9, 0.291102, 0.24, 0.76, 0.291391
0.9, 0.282953, 0.24, 0.76, 0.293354
0.9, 0.30898, 0.25, 0.75, 0.311536
0.9, 0.294973, 0.25, 0.75, 0.306677
0.9, 0.307699, 0.25, 0.75, 0.313081
0.9, 0.304561, 0.25, 0.75, 0.307458
0.9, 0.299332, 0.25, 0.75, 0.310753
0.9, 0.302421, 0.25, 0.75, 0.303269
0.9, 0.302962, 0.25, 0.75, 0.306463
0.9, 0.308197, 0.25, 0.75, 0.314254
0.9, 0.293449, 0.25, 0.75, 0.296162
0.9, 0.298738, 0.25, 0.75, 0.301424
0.9, 0.306863, 0.25, 0.75, 0.309815
0.9, 0.30589, 0.25, 0.75, 0.305246
0.9, 0.307219, 0.25, 0.75, 0.306713
0.9, 0.297974, 0.25, 0.75, 0.302128
0.9, 0.302832, 0.25, 0.75, 0.309771
0.9, 0.297081, 0.25, 0.75, 0.305268
0.9, 0.296579, 0.25, 0.75, 0.303419
0.9, 0.311337, 0.25, 0.75, 0.310989
0.9, 0.302856, 0.25, 0.75, 0.304281
0.9, 0.29993, 0.25, 0.75, 0.309474
0.9, 0.304296, 0.25, 0.75, 0.308014
0.9, 0.302897, 0.25, 0.75, 0.308842
0.9, 0.304744, 0.25, 0.75, 0.311046
0.9, 0.299303, 0.25, 0.75, 0.303474
0.9, 0.30147, 0.25, 0.75, 0.307175
0.9, 0.319894, 0.26, 0.74, 0.322974
0.9, 0.335136, 0.26, 0.74, 0.334084
0.9, 0.327626, 0.26, 0.74, 0.3282
0.9, 0.322097, 0.26, 0.74, 0.325673
0.9, 0.332102, 0.26, 0.74, 0.337583
0.9, 0.319637, 0.26, 0.74, 0.319639
0.9, 0.324403, 0.26, 0.74, 0.328571
0.9, 0.315695, 0.26, 0.74, 0.316389
0.9, 0.324983, 0.26, 0.74, 0.328814
0.9, 0.314948, 0.26, 0.74, 0.319438
0.9, 0.320185, 0.26, 0.74, 0.324473
0.9, 0.30923, 0.26, 0.74, 0.313301
0.9, 0.312909, 0.26, 0.74, 0.324922
0.9, 0.309873, 0.26, 0.74, 0.318282
0.9, 0.323168, 0.26, 0.74, 0.321572
0.9, 0.32033, 0.26, 0.74, 0.324923
0.9, 0.330535, 0.26, 0.74, 0.326147
0.9, 0.314899, 0.26, 0.74, 0.320847
0.9, 0.319337, 0.26, 0.74, 0.322304
0.9, 0.316595, 0.26, 0.74, 0.319652
0.9, 0.312995, 0.26, 0.74, 0.319226
0.9, 0.314839, 0.26, 0.74, 0.320186
0.9, 0.322968, 0.26, 0.74, 0.324665
0.9, 0.307985, 0.26, 0.74, 0.320042
0.9, 0.324384, 0.26, 0.74, 0.326903
0.9, 0.353939, 0.27, 0.73, 0.353283
0.9, 0.334417, 0.27, 0.73, 0.344876
0.9, 0.345635, 0.27, 0.73, 0.349663
0.9, 0.343188, 0.27, 0.73, 0.345615
0.9, 0.338132, 0.27, 0.73, 0.345273
0.9, 0.348996, 0.27, 0.73, 0.348032
0.9, 0.33006, 0.27, 0.73, 0.330714
0.9, 0.347221, 0.27, 0.73, 0.343175
0.9, 0.342344, 0.27, 0.73, 0.344321
0.9, 0.333163, 0.27, 0.73, 0.338409
0.9, 0.340655, 0.27, 0.73, 0.344935
0.9, 0.337112, 0.27, 0.73, 0.344153
0.9, 0.336776, 0.27, 0.73, 0.341976
0.9, 0.341738, 0.27, 0.73, 0.346462
0.9, 0.339155, 0.27, 0.73, 0.347747
0.9, 0.337925, 0.27, 0.73, 0.343623
0.9, 0.345849, 0.27, 0.73, 0.352378
0.9, 0.340979, 0.27, 0.73, 0.346541
0.9, 0.341518, 0.27, 0.73, 0.342776
0.9, 0.334328, 0.27, 0.73, 0.334262
0.9, 0.331517, 0.27, 0.73, 0.331087
0.9, 0.34651, 0.27, 0.73, 0.350452
0.9, 0.353825, 0.27, 0.73, 0.350168
0.9, 0.339809, 0.27, 0.73, 0.34222
0.9, 0.33035, 0.27, 0.73, 0.335578
0.9, 0.353832, 0.28, 0.72, 0.355344
0.9, 0.348934, 0.28, 0.72, 0.358533
0.9, 0.357468, 0.28, 0.72, 0.363286
0.9, 0.354546, 0.28, 0.72, 0.355661
0.9, 0.357255, 0.28, 0.72, 0.358467
0.9, 0.352094, 0.28, 0.72, 0.35971
0.9, 0.349092, 0.28, 0.72, 0.35344
0.9, 0.35341, 0.28, 0.72, 0.36076
0.9, 0.364269, 0.28, 0.72, 0.36592
0.9, 0.349603, 0.28, 0.72, 0.35988
0.9, 0.360561, 0.28, 0.72, 0.363741
0.9, 0.3595, 0.28, 0.72, 0.362345
0.9, 0.35063, 0.28, 0.72, 0.354705
0.9, 0.346532, 0.28, 0.72, 0.352174
0.9, 0.350711, 0.28, 0.72, 0.357949
0.9, 0.349973, 0.28, 0.72, 0.35924
0.9, 0.357379, 0.28, 0.72, 0.358983
0.9, 0.355848, 0.28, 0.72, 0.362216
0.9, 0.34768, 0.28, 0.72, 0.355994
0.9, 0.358122, 0.28, 0.72, 0.360256
0.9, 0.354332, 0.28, 0.72, 0.357658
0.9, 0.353972, 0.28, 0.72, 0.357975
0.9, 0.369245, 0.28, 0.72, 0.369617
0.9, 0.362137, 0.28, 0.72, 0.363235
0.9, 0.356507, 0.28, 0.72, 0.36046
0.9, 0.371717, 0.29, 0.71, 0.375815
0.9, 0.382277, 0.29, 0.71, 0.38081
0.9, 0.3708, 0.29, 0.71, 0.375025
0.9, 0.367227, 0.29, 0.71, 0.375968
0.9, 0.377894, 0.29, 0.71, 0.379551
0.9, 0.367233, 0.29, 0.71, 0.373022
0.9, 0.386017, 0.29, 0.71, 0.383465
0.9, 0.38695, 0.29, 0.71, 0.386292
0.9, 0.376159, 0.29, 0.71, 0.381302
0.9, 0.379696, 0.29, 0.71, 0.376885
0.9, 0.384755, 0.29, 0.71, 0.376945
0.9, 0.367513, 0.29, 0.71, 0.371528
0.9, 0.365981, 0.29, 0.71, 0.372565
0.9, 0.379953, 0.29, 0.71, 0.380183
0.9, 0.373756, 0.29, 0.71, 0.379327
0.9, 0.373829, 0.29, 0.71, 0.378716
0.9, 0.387752, 0.29, 0.71, 0.380678
0.9, 0.382111, 0.29, 0.71, 0.382792
0.9, 0.360345, 0.29, 0.71, 0.368273
0.9, 0.368338, 0.29, 0.71, 0.375034
0.9, 0.371505, 0.29, 0.71, 0.373075
0.9, 0.358819, 0.29, 0.71, 0.367987
0.9, 0.364311, 0.29, 0.71, 0.365198
0.9, 0.366921, 0.29, 0.71, 0.369147
0.9, 0.371726, 0.29, 0.71, 0.377121
0.9, 0.393793, 0.3, 0.7, 0.396586
0.9, 0.398176, 0.3, 0.7, 0.398388
0.9, 0.389593, 0.3, 0.7, 0.390532
0.9, 0.389284, 0.3, 0.7, 0.392279
0.9, 0.389855, 0.3, 0.7, 0.394178
0.9, 0.372603, 0.3, 0.7, 0.387507
0.9, 0.389895, 0.3, 0.7, 0.395823
0.9, 0.38555, 0.3, 0.7, 0.392942
0.9, 0.394172, 0.3, 0.7, 0.407364
0.9, 0.392508, 0.3, 0.7, 0.393103
0.9, 0.392186, 0.3, 0.7, 0.388988
0.9, 0.390208, 0.3, 0.7, 0.39397
0.9, 0.397107, 0.3, 0.7, 0.398843
0.9, 0.389913, 0.3, 0.7, 0.394418
0.9, 0.392403, 0.3, 0.7, 0.397329
0.9, 0.374827, 0.3, 0.7, 0.384282
0.9, 0.385187, 0.3, 0.7, 0.389164
0.9, 0.384304, 0.3, 0.7, 0.388736
0.9, 0.387218, 0.3, 0.7, 0.39171
0.9, 0.388738, 0.3, 0.7, 0.388563
0.9, 0.40096, 0.3, 0.7, 0.397747
0.9, 0.404332, 0.3, 0.7, 0.40087
0.9, 0.390502, 0.3, 0.7, 0.39661
0.9, 0.385264, 0.3, 0.7, 0.389681
0.9, 0.382398, 0.3, 0.7, 0.384805
0.95, 0.161698, 0.15, 0.85, 0.164682
0.95, 0.162779, 0.15, 0.85, 0.164051
0.95, 0.165815, 0.15, 0.85, 0.166453
0.95, 0.172593, 0.15, 0.85, 0.172653
0.95, 0.168035, 0.15, 0.85, 0.166561
0.95, 0.168508, 0.15, 0.85, 0.173518
0.95, 0.159505, 0.15, 0.85, 0.160825
0.95, 0.165968, 0.15, 0.85, 0.165418
0.95, 0.160773, 0.15, 0.85, 0.165418
0.95, 0.161904, 0.15, 0.85, 0.167616
0.95, 0.174081, 0.15, 0.85, 0.175301
0.95, 0.172306, 0.15, 0.85, 0.17101
0.95, 0.170871, 0.15, 0.85, 0.172151
0.95, 0.1764, 0.15, 0.85, 0.169909
0.95, 0.171252, 0.15, 0.85, 0.17182
0.95, 0.171571, 0.15, 0.85, 0.171335
0.95, 0.169375, 0.15, 0.85, 0.169313
0.95, 0.164005, 0.15, 0.85, 0.163812
0.95, 0.165152, 0.15, 0.85, 0.167529
0.95, 0.169753, 0.15, 0.85, 0.168849
0.95, 0.161897, 0.15, 0.85, 0.164727
0.95, 0.169865, 0.15, 0.85, 0.169244
0.95, 0.171985, 0.15, 0.85, 0.173405
0.95, 0.169697, 0.15, 0.85, 0.169857
0.95, 0.171316, 0.15, 0.85, 0.170367
0.95, 0.181136, 0.16, 0.84, 0.184246
0.95, 0.192164, 0.16, 0.84, 0.189469
0.95, 0.179004, 0.16, 0.84, 0.177765
0.95, 0.185711, 0.16, 0.84, 0.18247
0.95, 0.182359, 0.16, 0.84, 0.184861
0.95, 0.179447, 0.16, 0.84, 0.184352
0.95, 0.17122, 0.16, 0.84, 0.180661
0.95, 0.181598, 0.16, 0.84, 0.179459
0.95, 0.172712, 0.16, 0.84, 0.176741
0.95, 0.174389, 0.16, 0.84, 0.180879
0.95, 0.181669, 0.16, 0.84, 0.184706
0.95, 0.179132, 0.16, 0.84, 0.180342
0.95, 0.181758, 0.16, 0.84, 0.183747
0.95, 0.177598, 0.16, 0.84, 0.178625
0.95, 0.180657, 0.16, 0.84, 0.18201
0.95, 0.17831, 0.16, 0.84, 0.180198
0.95, 0.17956, 0.16, 0.84, 0.183318
0.95, 0.181817, 0.16, 0.84, 0.186114
0.95, 0.175563, 0.16, 0.84, 0.177366
0.95, 0.183161, 0.16, 0.84, 0.185185
0.95, 0.184291, 0.16, 0.84, 0.185706
0.95, 0.175898, 0.16, 0.84, 0.181396
0.95, 0.177172, 0.16, 0.84, 0.179095
0.95, 0.184858, 0.16, 0.84, 0.182775
0.95, 0.183654, 0.16, 0.84, 0.182073
0.95, 0.187475, 0.17, 0.83, 0.190677
0.95, 0.190999, 0.17, 0.83, 0.196389
0.95, 0.193129, 0.17, 0.83, 0.19535
0.95, 0.191992, 0.17, 0.83, 0.195048
0.95, 0.188257, 0.17, 0.83, 0.191839
0.95, 0.195744, 0.17, 0.83, 0.19572
0.95, 0.194658, 0.17, 0.83, 0.193079
0.95, 0.197093, 0.17, 0.83, 0.196016
0.95, 0.200143, 0.17, 0.83, 0.197706
0.95, 0.195512, 0.17, 0.83, 0.192921
0.95, 0.193896, 0.17, 0.83, 0.197698
0.95, 0.188185, 0.17, 0.83, 0.194771
0.95, 0.195772, 0.17, 0.83, 0.198784
0.95, 0.191717, 0.17, 0.83, 0.192654
0.95, 0.184154, 0.17, 0.83, 0.188236
0.95, 0.190769, 0.17, 0.83, 0.196261
0.95, 0.192818, 0.17, 0.83, 0.192096
0.95, 0.194667, 0.17, 0.83, 0.1986
0.95, 0.189269, 0.17, 0.83, 0.192979
0.95, 0.187154, 0.17, 0.83, 0.190023
0.95, 0.198806, 0.17, 0.83, 0.199525
0.95, 0.194187, 0.17, 0.83, 0.193797
0.95, 0.190129, 0.17, 0.83, 0.194102
0.95, 0.195076, 0.17, 0.83, 0.195751
0.95, 0.192949, 0.17, 0.83, 0.194731
0.95, 0.212467, 0.18, 0.82, 0.212424
0.95, 0.202448, 0.18, 0.82, 0.210182
0.95, 0.206568, 0.18, 0.82, 0.207356
0.95, 0.202677, 0.18, 0.82, 0.210214
0.95, 0.209603, 0.18, 0.82, 0.210482
0.95, 0.20375, 0.18, 0.82, 0.201892
0.95, 0.209293, 0.18, 0.82, 0.214157
0.95, 0.209468, 0.18, 0.82, 0.216285
0.95, 0.209237, 0.18, 0.82, 0.213603
0.95, 0.206337, 0.18, 0.82, 0.207209
0.95, 0.199738, 0.18, 0.82, 0.205552
0.95, 0.203159, 0.18, 0.82, 0.205253
0.95, 0.213221, 0.18, 0.82, 0.209467
0.95, 0.207954, 0.18, 0.82, 0.208402
0.95, 0.209656, 0.18, 0.82, 0.208798
0.95, 0.205602, 0.18, 0.82, 0.208202
0.95, 0.209277, 0.18, 0.82, 0.211767
0.95, 0.209708, 0.18, 0.82, 0.20811
0.95, 0.216807, 0.18, 0.82, 0.21694
0.95, 0.203797, 0.18, 0.82, 0.205919
0.95, 0.207178, 0.18, 0.82, 0.209481
0.95, 0.20274, 0.18, 0.82, 0.209506
0.95, 0.206158, 0.18, 0.82, 0.208589
0.95, 0.209445, 0.18, 0.82, 0.206569
0.95, 0.196437, 0.18, 0.82, 0.206
0.95, 0.224659, 0.19, 0.81, 0.228715
0.95, 0.226283, 0.19, 0.81, 0.227549
0.95, 0.222561, 0.19, 0.81, 0.226497
0.95, 0.211917, 0.19, 0.81, 0.217956
0.95, 0.234134, 0.19, 0.81, 0.232117
0.95, 0.221523, 0.19, 0.81, 0.217177
0.95, 0.221555, 0.19, 0.81, 0.224751
0.95, 0.220058, 0.19, 0.81, 0.224066
0.95, 0.21233, 0.19, 0.81, 0.218854
0.95, 0.217991, 0.19, 0.81, 0.219057
0.95, 0.226832, 0.19, 0.81, 0.227754
0.95, 0.217308, 0.19, 0.81, 0.223049
0.95, 0.230964, 0.19, 0.81, 0.225494
0.95, 0.222672, 0.19, 0.81, 0.218816
0.95, 0.230934, 0.19, 0.81, 0.228666
0.95, 0.21471, 0.19, 0.81, 0.219626
0.95, 0.231456, 0.19, 0.81, 0.230118
0.95, 0.221819, 0.19, 0.81, 0.223648
0.95, 0.22662, 0.19, 0.81, 0.222399
0.95, 0.228599, 0.19, 0.81, 0.229509
0.95, 0.215049, 0.19, 0.81, 0.219958
0.95, 0.21868, 0.19, 0.81, 0.220908
0.95, 0.213479, 0.19, 0.81, 0.218194
0.95, 0.220621, 0.19, 0.81, 0.220496
0.95, 0.216589, 0.19, 0.81, 0.216637
0.95, 0.230266, 0.2, 0.8, 0.233321
0.95, 0.240104, 0.2, 0.8, 0.238031
0.95, 0.247286, 0.2, 0.8, 0.245529
0.95, 0.240938, 0.2, 0.8, 0.242935
0.95, 0.237692, 0.2, 0.8, 0.239654
0.95, 0.233614, 0.2, 0.8, 0.235724
0.95, 0.238776, 0.2, 0.8, 0.241254
0.95, 0.23905, 0.2, 0.8, 0.240239
0.95, 0.228254, 0.2, 0.8, 0.236999
0.95, 0.232444, 0.2, 0.8, 0.237399
0.95, 0.229335, 0.2, 0.8, 0.232679
0.95, 0.24277, 0.2, 0.8, 0.243697
0.95, 0.24269, 0.2, 0.8, 0.242439
0.95, 0.23381, 0.2, 0.8, 0.236548
0.95, 0.230008, 0.2, 0.8, 0.233941
0.95, 0.240748, 0.2, 0.8, 0.240114
0.95, 0.23889, 0.2, 0.8, 0.235973
0.95, 0.237326, 0.2, 0.8, 0.239755
0.95, 0.226528, 0.2, 0.8, 0.227038
0.95, 0.228712, 0.2, 0.8, 0.229069
0.95, 0.234238, 0.2, 0.8, 0.23581
0.95, 0.2324, 0.2, 0.8, 0.232739
0.95, 0.233431, 0.2, 0.8, 0.235817
0.95, 0.228316, 0.2, 0.8, 0.233643
0.95, 0.242038, 0.2, 0.8, 0.243832
0.95, 0.25665, 0.21, 0.79, 0.257084
0.95, 0.248625, 0.21, 0.79, 0.25429
0.95, 0.256312, 0.21, 0.79, 0.257259
0.95, 0.2417, 0.21, 0.79, 0.246789
0.95, 0.255359, 0.21, 0.79, 0.257427
0.95, 0.258306, 0.21, 0.79, 0.25353
0.95, 0.242603, 0.21, 0.79, 0.251279
0.95, 0.240862, 0.21, 0.79, 0.249518
0.95, 0.252556, 0.21, 0.79, 0.250741
0.95, 0.250395, 0.21, 0.79, 0.248143
0.95, 0.249355, 0.21, 0.79, 0.2509
0.95, 0.251957, 0.21, 0.79, 0.254464
0.95, 0.256347, 0.21, 0.79, 0.258041
0.95, 0.252706, 0.21, 0.79, 0.252744
0.95, 0.244307, 0.21, 0.79, 0.24836
0.95, 0.244451, 0.21, 0.79, 0.250031
0.95, 0.25237, 0.21, 0.79, 0.256471
0.95, 0.242491, 0.21, 0.79, 0.249751
0.95, 0.250076, 0.21, 0.79, 0.249325
0.95, 0.240475, 0.21, 0.79, 0.24721
0.95, 0.260012, 0.21, 0.79, 0.258723
0.95, 0.243537, 0.21, 0.79, 0.248863
0.95, 0.247509, 0.21, 0.79, 0.2555
0.95, 0.255279, 0.21, 0.79, 0.253279
0.95, 0.241889, 0.21, 0.79, 0.250943
0.95, 0.266183, 0.22, 0.78, 0.267214
0.95, 0.261975, 0.22, 0.78, 0.270014
0.95, 0.269601, 0.22, 0.78, 0.268125
0.95, 0.260596, 0.22, 0.78, 0.268609
0.95, 0.258651, 0.22, 0.78, 0.263194
0.95, 0.264529, 0.22, 0.78, 0.263606
0.95, 0.269837, 0.22, 0.78, 0.273032
0.95, 0.25899, 0.22, 0.78, 0.265812
0.95, 0.263406, 0.22, 0.78, 0.270487
0.95, 0.26022, 0.22, 0.78, 0.266888
0.95, 0.259614, 0.22, 0.78, 0.267263
0.95, 0.267512, 0.22, 0.78, 0.261053
0.95, 0.260343, 0.22, 0.78, 0.263598
0.95, 0.266459, 0.22, 0.78, 0.26653
0.95, 0.254204, 0.22, 0.78, 0.261099
0.95, 0.268086, 0.22, 0.78, 0.273608
0.95, 0.266214, 0.22, 0.78, 0.265849
0.95, 0.278425, 0.22, 0.78, 0.272367
0.95, 0.258094, 0.22, 0.78, 0.256632
0.95, 0.265664, 0.22, 0.78, 0.267479
0.95, 0.266702, 0.22, 0.78, 0.273905
0.95, 0.264884, 0.22, 0.78, 0.271127
0.95, 0.25506, 0.22, 0.78, 0.263227
0.95, 0.266884, 0.22, 0.78, 0.266105
0.95, 0.273676, 0.22, 0.78, 0.27375
0.95, 0.274114, 0.23, 0.77, 0.281151
0.95, 0.272961, 0.23, 0.77, 0.277396
0.95, 0.283353, 0.23, 0.77, 0.285723
0.95, 0.28001, 0.23, 0.77, 0.283635
0.95, 0.28682, 0.23, 0.77, 0.287724
0.95, 0.279402, 0.23, 0.77, 0.279456
0.95, 0.275864, 0.23, 0.77, 0.279783
0.95, 0.276805, 0.23, 0.77, 0.282056
0.95, 0.29271, 0.23, 0.77, 0.297358
0.95, 0.28225, 0.23, 0.77, 0.28976
0.95, 0.281274, 0.23, 0.77, 0.288208
0.95, 0.285607, 0.23, 0.77, 0.288291
0.95, 0.288348, 0.23, 0.77, 0.292453
0.95, 0.286536, 0.23, 0.77, 0.2847
0.95, 0.278684, 0.23, 0.77, 0.283593
0.95, 0.281932, 0.23, 0.77, 0.28566
0.95, 0.287569, 0.23, 0.77, 0.287745
0.95, 0.281673, 0.23, 0.77, 0.284041
0.95, 0.280259, 0.23, 0.77, 0.285595
0.95, 0.289825, 0.23, 0.77, 0.287556
0.95, 0.272187, 0.23, 0.77, 0.280718
0.95, 0.269984, 0.23, 0.77, 0.277889
0.95, 0.2711, 0.23, 0.77, 0.274754
0.95, 0.273371, 0.23, 0.77, 0.279211
0.95, 0.277873, 0.23, 0.77, 0.281185
0.95, 0.303888, 0.24, 0.76, 0.307309
0.95, 0.295115, 0.24, 0.76, 0.294252
0.95, 0.293225, 0.24, 0.76, 0.291991
0.95, 0.297445, 0.24, 0.76, 0.297029
0.95, 0.288153, 0.24, 0.76, 0.293045
0.95, 0.300915, 0.24, 0.76, 0.302105
0.95, 0.295119, 0.24, 0.76, 0.300274
0.95, 0.289468, 0.24, 0.76, 0.294163
0.95, 0.293994, 0.24, 0.76, 0.299387
0.95, 0.301806, 0.24, 0.76, 0.304515
0.95, 0.295181, 0.24, 0.76, 0.297677
0.95, 0.304351, 0.24, 0.76, 0.308057
0.95, 0.292463, 0.24, 0.76, 0.293701
0.95, 0.29251, 0.24, 0.76, 0.298092
0.95, 0.296628, 0.24, 0.76, 0.300103
0.95, 0.306925, 0.24, 0.76, 0.299449
0.95, 0.294715, 0.24, 0.76, 0.297019
0.95, 0.300593, 0.24, 0.76, 0.302422
0.95, 0.297238, 0.24, 0.76, 0.300422
0.95, 0.288313, 0.24, 0.76, 0.298732
0.95, 0.303061, 0.24, 0.76, 0.299513
0.95, 0.30604, 0.24, 0.76, 0.308687
0.95, 0.295002, 0.24, 0.76, 0.300514
0.95, 0.292226, 0.24, 0.76, 0.290694
0.95, 0.300784, 0.24, 0.76, 0.303855
0.95, 0.313007, 0.25, 0.75, 0.315081
0.95, 0.308631, 0.25, 0.75, 0.3152
0.95, 0.314675, 0.25, 0.75, 0.316492
0.95, 0.328198, 0.25, 0.75, 0.328295
0.95, 0.321801, 0.25, 0.75, 0.320563
0.95, 0.311995, 0.25, 0.75, 0.313
0.95, 0.32522, 0.25, 0.75, 0.322907
0.95, 0.319772, 0.25, 0.75, 0.322805
0.95, 0.320922, 0.25, 0.75, 0.317829
0.95, 0.313443, 0.25, 0.75, 0.320264
0.95, 0.309333, 0.25, 0.75, 0.309468
0.95, 0.315821, 0.25, 0.75, 0.314612
0.95, 0.315175, 0.25, 0.75, 0.315232
0.95, 0.321143, 0.25, 0.75, 0.318358
0.95, 0.313162, 0.25, 0.75, 0.319051
0.95, 0.317166, 0.25, 0.75, 0.321223
0.95, 0.308281, 0.25, 0.75, 0.307902
0.95, 0.317968, 0.25, 0.75, 0.319125
0.95, 0.311688, 0.25, 0.75, 0.317707
0.95, 0.309175, 0.25, 0.75, 0.311817
0.95, 0.309144, 0.25, 0.75, 0.313522
0.95, 0.313893, 0.25, 0.75, 0.317822
0.95, 0.318976, 0.25, 0.75, 0.324228
0.95, 0.318205, 0.25, 0.75, 0.319717
0.95, 0.310771, 0.25, 0.75, 0.31606
0.95, 0.321619, 0.26, 0.74, 0.329865
0.95, 0.330982, 0.26, 0.74, 0.338033
0.95, 0.334233, 0.26, 0.74, 0.337032
0.95, 0.325073, 0.26, 0.74, 0.330333
0.95, 0.323491, 0.26, 0.74, 0.326788
0.95, 0.332878, 0.26, 0.74, 0.331991
0.95, 0.33601, 0.26, 0.74, 0.340299
0.95, 0.332379, 0.26, 0.74, 0.334054
0.95, 0.340199, 0.26, 0.74, 0.341906
0.95, 0.330485, 0.26, 0.74, 0.33015
0.95, 0.327755, 0.26, 0.74, 0.331711
0.95, 0.337364, 0.26, 0.74, 0.337946
0.95, 0.320523, 0.26, 0.74, 0.32083
0.95, 0.334726, 0.26, 0.74, 0.333744
0.95, 0.32996, 0.26, 0.74, 0.329213
0.95, 0.335871, 0.26, 0.74, 0.341614
0.95, 0.328514, 0.26, 0.74, 0.33157
0.95, 0.326744, 0.26, 0.74, 0.331116
0.95, 0.339167, 0.26, 0.74, 0.337993
0.95, 0.3366, 0.26, 0.74, 0.336421
0.95, 0.323719, 0.26, 0.74, 0.328385
0.95, 0.328732, 0.26, 0.74, 0.331612
0.95, 0.329402, 0.26, 0.74, 0.328895
0.95, 0.335705, 0.26, 0.74, 0.334697
0.95, 0.336495, 0.26, 0.74, 0.338986
0.95, 0.348599, 0.27, 0.73, 0.35193
0.95, 0.347176, 0.27, 0.73, 0.351087
0.95, 0.341613, 0.27, 0.73, 0.347703
0.95, 0.34738, 0.27, 0.73, 0.34917
0.95, 0.340221, 0.27, 0.73, 0.350595
0.95, 0.348694, 0.27, 0.73, 0.353125
0.95, 0.352536, 0.27, 0.73, 0.350316
0.95, 0.36637, 0.27, 0.73, 0.363344
0.95, 0.345275, 0.27, 0.73, 0.347393
0.95, 0.348749, 0.27, 0.73, 0.34736
0.95, 0.352471, 0.27, 0.73, 0.352728
0.95, 0.338133, 0.27, 0.73, 0.345178
0.95, 0.345934, 0.27, 0.73, 0.349288
0.95, 0.335931, 0.27, 0.73, 0.344948
0.95, 0.35164, 0.27, 0.73, 0.352192
0.95, 0.345199, 0.27, 0.73, 0.347989
0.95, 0.366386, 0.27, 0.73, 0.360043
0.95, 0.347748, 0.27, 0.73, 0.349858
0.95, 0.342181, 0.27, 0.73, 0.351438
0.95, 0.355155, 0.27, 0.73, 0.358806
0.95, 0.34327, 0.27, 0.73, 0.343161
0.95, 0.359504, 0.27, 0.73, 0.359164
0.95, 0.341093, 0.27, 0.73, 0.344197
0.95, 0.346857, 0.27, 0.73, 0.34908
0.95, 0.34527, 0.27, 0.73, 0.346535
0.95, 0.357627, 0.28, 0.72, 0.368233
0.95, 0.366288, 0.28, 0.72, 0.366977
0.95, 0.353017, 0.28, 0.72, 0.363068
0.95, 0.362295, 0.28, 0.72, 0.368091
0.95, 0.375337, 0.28, 0.72, 0.376787
0.95, 0.378052, 0.28, 0.72, 0.376459
0.95, 0.361129, 0.28, 0.72, 0.364569
0.95, 0.366716, 0.28, 0.72, 0.366622
0.95, 0.361904, 0.28, 0.72, 0.369704
0.95, 0.359133, 0.28, 0.72, 0.367406
0.95, 0.371029, 0.28, 0.72, 0.370528
0.95, 0.366477, 0.28, 0.72, 0.370438
0.95, 0.357711, 0.28, 0.72, 0.362176
0.95, 0.37644, 0.28, 0.72, 0.376919
0.95, 0.369903, 0.28, 0.72, 0.370578
0.95, 0.37384, 0.28, 0.72, 0.376539
0.95, 0.358803, 0.28, 0.72, 0.366488
0.95, 0.349945, 0.28, 0.72, 0.358432
0.95, 0.366006, 0.28, 0.72, 0.368305
0.95, 0.381418, 0.28, 0.72, 0.38156
0.95, 0.365618, 0.28, 0.72, 0.369317
0.95, 0.362067, 0.28, 0.72, 0.364074
0.95, 0.367837, 0.28, 0.72, 0.370809
0.95, 0.365264, 0.28, 0.72, 0.368403
0.95, 0.378132, 0.28, 0.72, 0.372573
0.95, 0.389255, 0.29, 0.71, 0.390866
0.95, 0.381152, 0.29, 0.71, 0.383365
0.95, 0.370771, 0.29, 0.71, 0.375152
0.95, 0.379238, 0.29, 0.71, 0.387715
0.95, 0.393243, 0.29, 0.71, 0.393737
0.95, 0.386659, 0.29, 0.71, 0.387053
0.95, 0.373035, 0.29, 0.71, 0.382795
0.95, 0.374741, 0.29, 0.71, 0.384208
0.95, 0.388385, 0.29, 0.71, 0.391993
0.95, 0.368991, 0.29, 0.71, 0.377846
0.95, 0.372089, 0.29, 0.71, 0.379958
0.95, 0.370436, 0.29, 0.71, 0.376931
0.95, 0.385407, 0.29, 0.71, 0.391499
0.95, 0.367536, 0.29, 0.71, 0.375328
0.95, 0.38376, 0.29, 0.71, 0.387891
0.95, 0.379566, 0.29, 0.71, 0.383735
0.95, 0.378283, 0.29, 0.71, 0.382477
0.95, 0.381966, 0.29, 0.71, 0.387293
0.95, 0.375477, 0.29, 0.71, 0.385819
0.95, 0.378275, 0.29, 0.71, 0.381749
0.95, 0.388461, 0.29, 0.71, 0.384024
0.95, 0.397043, 0.29, 0.71, 0.395777
0.95, 0.378308, 0.29, 0.71, 0.386043
0.95, 0.380268, 0.29, 0.71, 0.381456
0.95, 0.370354, 0.29, 0.71, 0.376464
0.95, 0.396435, 0.3, 0.7, 0.409508
0.95, 0.398101, 0.3, 0.7, 0.40178
0.95, 0.408078, 0.3, 0.7, 0.407652
0.95, 0.399993, 0.3, 0.7, 0.397251
0.95, 0.396257, 0.3, 0.7, 0.394378
0.95, 0.394122, 0.3, 0.7, 0.401378
0.95, 0.410134, 0.3, 0.7, 0.409625
0.95, 0.40239, 0.3, 0.7, 0.407733
0.95, 0.401913, 0.3, 0.7, 0.407173
0.95, 0.387471, 0.3, 0.7, 0.391254
0.95, 0.404191, 0.3, 0.7, 0.409056
0.95, 0.402029, 0.3, 0.7, 0.411582
0.95, 0.410569, 0.3, 0.7, 0.408533
0.95, 0.391567, 0.3, 0.7, 0.393266
0.95, 0.388012, 0.3, 0.7, 0.395491
0.95, 0.391115, 0.3, 0.7, 0.395502
0.95, 0.402083, 0.3, 0.7, 0.403655
0.95, 0.406043, 0.3, 0.7, 0.406975
0.95, 0.410348, 0.3, 0.7, 0.409069
0.95, 0.405926, 0.3, 0.7, 0.4058
0.95, 0.3877, 0.3, 0.7, 0.398301
0.95, 0.39356, 0.3, 0.7, 0.401416
0.95, 0.405386, 0.3, 0.7, 0.408679
0.95, 0.404016, 0.3, 0.7, 0.411902
0.95, 0.409952, 0.3, 0.7, 0.408555
1, 0.16845, 0.15, 0.85, 0.170379
1, 0.172954, 0.15, 0.85, 0.17466
1, 0.173974, 0.15, 0.85, 0.173205
1, 0.176036, 0.15, 0.85, 0.17751
1, 0.173856, 0.15, 0.85, 0.173393
1, 0.169035, 0.15, 0.85, 0.172131
1, 0.177031, 0.15, 0.85, 0.176426
1, 0.170802, 0.15, 0.85, 0.176831
1, 0.181986, 0.15, 0.85, 0.177237
1, 0.17252, 0.15, 0.85, 0.173414
1, 0.172878, 0.15, 0.85, 0.177639
1, 0.175057, 0.15, 0.85, 0.175984
1, 0.175366, 0.15, 0.85, 0.170393
1, 0.171919, 0.15, 0.85, 0.173722
1, 0.17719, 0.15, 0.85, 0.174482
1, 0.170682, 0.15, 0.85, 0.172889
1, 0.179323, 0.15, 0.85, 0.174108
1, 0.179329, 0.15, 0.85, 0.179466
1, 0.17311, 0.15, 0.85, 0.172634
1, 0.176172, 0.15, 0.85, 0.174018
1, 0.17412, 0.15, 0.85, 0.178069
1, 0.181176, 0.15, 0.85, 0.178864
1, 0.175336, 0.15, 0.85, 0.174931
1, 0.175032, 0.15, 0.85, 0.176819
1, 0.172569, 0.15, 0.85, 0.171307
1, 0.196047, 0.16, 0.84, 0.196228
1, 0.182598, 0.16, 0.84, 0.185231
1, 0.195642, 0.16, 0.84, 0.193141
1, 0.181452, 0.16, 0.84, 0.184849
1, 0.179359, 0.16, 0.84, 0.184423
1, 0.189964, 0.16, 0.84, 0.189152
1, 0.183554, 0.16, 0.84, 0.188065
1, 0.188183, 0.16, 0.84, 0.190115
1, 0.186917, 0.16, 0.84, 0.188496
1, 0.183209, 0.16, 0.84, 0.185068
1, 0.192896, 0.16, 0.84, 0.193182
1, 0.183327, 0.16, 0.84, 0.184842
1, 0.185786, 0.16, 0.84, 0.187898
1, 0.185573, 0.16, 0.84, 0.186891
1, 0.18627, 0.16, 0.84, 0.185686
1, 0.193679, 0.16, 0.84, 0.190777
1, 0.184659, 0.16, 0.84, 0.185692
1, 0.185335, 0.16, 0.84, 0.189023
1, 0.189738, 0.16, 0.84, 0.18935
1, 0.182716, 0.16, 0.84, 0.184165
1, 0.19147, 0.16, 0.84, 0.195651
1, 0.179211, 0.16, 0.84, 0.188088
1, 0.185622, 0.16, 0.84, 0.184769
1, 0.188754, 0.16, 0.84, 0.187692
1, 0.183959, 0.16, 0.84, 0.186448
1, 0.207018, 0.17, 0.83, 0.208016
1, 0.196578, 0.17, 0.83, 0.204429
1, 0.199825, 0.17, 0.83, 0.201432
1, 0.19491, 0.17, 0.83, 0.198819
1, 0.203469, 0.17, 0.83, 0.203961
1, 0.198929, 0.17, 0.83, 0.200142
1, 0.205738, 0.17, 0.83, 0.206246
1, 0.203214, 0.17, 0.83, 0.200879
1, 0.199802, 0.17, 0.83, 0.201156
1, 0.204357, 0.17, 0.83, 0.203847
1, 0.202256, 0.17, 0.83, 0.196555
1, 0.210183, 0.17, 0.83, 0.207605
1, 0.210762, 0.17, 0.83, 0.208718
1, 0.211591, 0.17, 0.83, 0.212571
1, 0.203452, 0.17, 0.83, 0.202806
1, 0.207627, 0.17, 0.83, 0.202603
1, 0.201194, 0.17, 0.83, 0.199405
1, 0.198878, 0.17, 0.83, 0.200612
1, 0.196798, 0.17, 0.83, 0.200472
1, 0.20503, 0.17, 0.83, 0.197935
1, 0.200374, 0.17, 0.83, 0.203174
1, 0.200803, 0.17, 0.83, 0.201224
1, 0.199942, 0.17, 0.83, 0.201823
1, 0.200707, 0.17, 0.83, 0.200668
1, 0.196351, 0.17, 0.83, 0.200488
1, 0.209462, 0.18, 0.82, 0.210391
1, 0.208471, 0.18, 0.82, 0.214499
1, 0.214303, 0.18, 0.82, 0.217904
1, 0.215684, 0.18, 0.82, 0.217378
1, 0.204391, 0.18, 0.82, 0.206345
1, 0.211545, 0.18, 0.82, 0.208353
1, 0.218972, 0.18, 0.82, 0.219362
1, 0.209167, 0.18, 0.82, 0.212863
1, 0.213961, 0.18, 0.82, 0.210892
1, 0.211612, 0.18, 0.82, 0.212928
1, 0.215024, 0.18, 0.82, 0.213752
1, 0.210181, 0.18, 0.82, 0.212659
1, 0.220472, 0.18, 0.82, 0.21887
1, 0.20891, 0.18, 0.82, 0.216576
1, 0.215917, 0.18, 0.82, 0.217333
1, 0.203699, 0.18, 0.82, 0.213639
1, 0.217798, 0.18, 0.82, 0.218748
1, 0.219657, 0.18, 0.82, 0.218899
1, 0.213123, 0.18, 0.82, 0.212161
1, 0.223251, 0.18, 0.82, 0.222047
1, 0.213953, 0.18, 0.82, 0.218204
1, 0.214176, 0.18, 0.82, 0.215922
1, 0.214377, 0.18, 0.82, 0.215329
1, 0.217227, 0.18, 0.82, 0.217531
1, 0.210368, 0.18, 0.82, 0.213794
1, 0.234052, 0.19, 0.81, 0.23504
1, 0.235089, 0.19, 0.81, 0.23475
1, 0.228428, 0.19, 0.81, 0.231697
1, 0.220371, 0.19, 0.81, 0.223699
1, 0.227956, 0.19, 0.81, 0.226089
1, 0.231366, 0.19, 0.81, 0.233418
1, 0.227973, 0.19, 0.81, 0.232224
1, 0.22698, 0.19, 0.81, 0.230317
1, 0.226244, 0.19, 0.81, 0.22674
1, 0.228436, 0.19, 0.81, 0.231086
1, 0.227734, 0.19, 0.81, 0.230603
1, 0.228639, 0.19, 0.81, 0.237739
1, 0.240612, 0.19, 0.81, 0.236728
1, 0.229799, 0.19, 0.81, 0.228584
1, 0.231693, 0.19, 0.81, 0.231068
1, 0.230588, 0.19, 0.81, 0.236191
1, 0.227348, 0.19, 0.81, 0.233834
1, 0.223145, 0.19, 0.81, 0.231036
1, 0.213545, 0.19, 0.81, 0.217189
1, 0.233723, 0.19, 0.81, 0.233319
1, 0.231608, 0.19, 0.81, 0.235846
1, 0.227178, 0.19, 0.81, 0.231722
1, 0.223444, 0.19, 0.81, 0.219797
1, 0.23435, 0.19, 0.81, 0.23653
1, 0.228884, 0.19, 0.81, 0.232222
1, 0.238949, 0.2, 0.8, 0.241059
1, 0.234324, 0.2, 0.8, 0.238448
1, 0.234282, 0.2, 0.8, 0.242729
1, 0.247802, 0.2, 0.8, 0.250912
1, 0.242349, 0.2, 0.8, 0.24596
1, 0.238979, 0.2, 0.8, 0.237982
1, 0.248604, 0.2, 0.8, 0.247359
1, 0.238057, 0.2, 0.8, 0.23802
1, 0.246318, 0.2, 0.8, 0.248809
1, 0.238705, 0.2, 0.8, 0.245435
1, 0.244523, 0.2, 0.8, 0.245541
1, 0.239358, 0.2, 0.8, 0.245085
1, 0.246347, 0.2, 0.8, 0.247647
1, 0.242776, 0.2, 0.8, 0.247881
1, 0.232146, 0.2, 0.8, 0.235152
1, 0.237848, 0.2, 0.8, 0.243419
1, 0.243412, 0.2, 0.8, 0.250154
1, 0.251088, 0.2, 0.8, 0.247481
1, 0.233625, 0.2, 0.8, 0.238544
1, 0.242212, 0.2, 0.8, 0.245812
1, 0.246821, 0.2, 0.8, 0.24885
1, 0.244656, 0.2, 0.8, 0.24605
1, 0.23889, 0.2, 0.8, 0.242522
1, 0.23945, 0.2, 0.8, 0.243676
1, 0.239697, 0.2, 0.8, 0.241243
1, 0.256139, 0.21, 0.79, 0.258981
1, 0.256556, 0.21, 0.79, 0.258338
1, 0.265666, 0.21, 0.79, 0.262253
1, 0.258349, 0.21, 0.79, 0.261159
1, 0.26059, 0.21, 0.79, 0.25925
1, 0.250499, 0.21, 0.79, 0.250587
1, 0.261392, 0.21, 0.79, 0.261591
1, 0.263244, 0.21, 0.79, 0.265606
1, 0.250349, 0.21, 0.79, 0.258503
1, 0.254643, 0.21, 0.79, 0.257208
1, 0.263517, 0.21, 0.79, 0.260827
1, 0.251617, 0.21, 0.79, 0.260562
1, 0.251772, 0.21, 0.79, 0.253491
1, 0.258354, 0.21, 0.79, 0.264338
1, 0.25627, 0.21, 0.79, 0.262931
1, 0.267048, 0.21, 0.79, 0.262809
1, 0.264648, 0.21, 0.79, 0.264781
1, 0.251805, 0.21, 0.79, 0.25774
1, 0.25601, 0.21, 0.79, 0.255987
1, 0.250372, 0.21, 0.79, 0.25246
1, 0.24921, 0.21, 0.79, 0.254222
1, 0.257675, 0.21, 0.79, 0.262029
1, 0.250863, 0.21, 0.79, 0.261334
1, 0.261761, 0.21, 0.79, 0.265817
1, 0.249353, 0.21, 0.79, 0.255018
1, 0.274766, 0.22, 0.78, 0.284239
1, 0.260209, 0.22, 0.78, 0.265212
1, 0.280009, 0.22, 0.78, 0.28549
1, 0.2711, 0.22, 0.78, 0.276342
1, 0.277843, 0.22, 0.78, 0.286874
1, 0.274616, 0.22, 0.78, 0.277792
1, 0.262384, 0.22, 0.78, 0.262401
1, 0.276404, 0.22, 0.78, 0.273179
1, 0.280286, 0.22, 0.78, 0.283122
1, 0.278143, 0.22, 0.78, 0.278362
1, 0.283482, 0.22, 0.78, 0.280663
1, 0.281398, 0.22, 0.78, 0.279107
1, 0.270954, 0.22, 0.78, 0.278867
1, 0.284992, 0.22, 0.78, 0.283416
1, 0.278781, 0.22, 0.78, 0.282704
1, 0.266121, 0.22, 0.78, 0.273659
1, 0.269861, 0.22, 0.78, 0.27697
1, 0.27833, 0.22, 0.78, 0.276748
1, 0.278205, 0.22, 0.78, 0.276806
1, 0.270904, 0.22, 0.78, 0.273701
1, 0.267362, 0.22, 0.78, 0.271023
1, 0.282495, 0.22, 0.78, 0.280314
1, 0.263306, 0.22, 0.78, 0.270076
1, 0.275001, 0.22, 0.78, 0.279259
1, 0.276062, 0.22, 0.78, 0.277166
1, 0.287263, 0.23, 0.77, 0.294051
1, 0.29343, 0.23, 0.77, 0.290635
1, 0.291981, 0.23, 0.77, 0.291274
1, 0.279421, 0.23, 0.77, 0.286824
1, 0.289881, 0.23, 0.77, 0.294348
1, 0.293542, 0.23, 0.77, 0.291565
1, 0.288318, 0.23, 0.77, 0.293805
1, 0.290013, 0.23, 0.77, 0.28576
1, 0.294011, 0.23, 0.77, 0.296268
1, 0.287961, 0.23, 0.77, 0.289907
1, 0.289571, 0.23, 0.77, 0.290507
1, 0.28757, 0.23, 0.77, 0.295305
1, 0.301537, 0.23, 0.77, 0.303314
1, 0.299582, 0.23, 0.77, 0.30052
1, 0.292256, 0.23, 0.77, 0.294908
1, 0.290377, 0.23, 0.77, 0.291974
1, 0.288632, 0.23, 0.77, 0.295385
1, 0.291648, 0.23, 0.77, 0.29124
1, 0.28903, 0.23, 0.77, 0.296626
1, 0.284396, 0.23, 0.77, 0.292137
1, 0.291193, 0.23, 0.77, 0.295401
1, 0.28215, 0.23, 0.77, 0.28317
1, 0.290568, 0.23, 0.77, 0.300058
1, 0.290265, 0.23, 0.77, 0.284829
1, 0.293712, 0.23, 0.77, 0.294181
1, 0.305533, 0.24, 0.76, 0.311543
1, 0.293472, 0.24, 0.76, 0.310427
1, 0.306545, 0.24, 0.76, 0.309342
1, 0.303834, 0.24, 0.76, 0.309678
1, 0.303256, 0.24, 0.76, 0.309379
1, 0.304536, 0.24, 0.76, 0.307776
1, 0.305478, 0.24, 0.76, 0.304529
1, 0.304465, 0.24, 0.76, 0.307593
1, 0.292549, 0.24, 0.76, 0.302921
1, 0.30494, 0.24, 0.76, 0.306376
1, 0.30955, 0.24, 0.76, 0.308023
1, 0.298379, 0.24, 0.76, 0.304273
1, 0.306057, 0.24, 0.76, 0.308525
1, 0.309181, 0.24, 0.76, 0.310313
1, 0.306606, 0.24, 0.76, 0.311368
1, 0.310522, 0.24, 0.76, 0.314208
1, 0.306533, 0.24, 0.76, 0.307415
1, 0.302519, 0.24, 0.76, 0.305939
1, 0.300108, 0.24, 0.76, 0.309425
1, 0.298867, 0.24, 0.76, 0.305473
1, 0.305692, 0.24, 0.76, 0.30713
1, 0.307534, 0.24, 0.76, 0.312013
1, 0.297064, 0.24, 0.76, 0.301291
1, 0.301857, 0.24, 0.76, 0.305827
1, 0.302737, 0.24, 0.76, 0.302224
1, 0.322965, 0.25, 0.75, 0.325098
1, 0.315234, 0.25, 0.75, 0.318757
1, 0.32282, 0.25, 0.75, 0.325534
1, 0.318708, 0.25, 0.75, 0.324298
1, 0.328365, 0.25, 0.75, 0.325465
1, 0.330922, 0.25, 0.75, 0.329742
1, 0.325734, 0.25, 0.75, 0.330654
1, 0.3254, 0.25, 0.75, 0.323418
1, 0.321536, 0.25, 0.75, 0.321852
1, 0.312812, 0.25, 0.75, 0.318907
1, 0.323848, 0.25, 0.75, 0.324992
1, 0.32084, 0.25, 0.75, 0.322539
1, 0.329483, 0.25, 0.75, 0.337564
1, 0.328265, 0.25, 0.75, 0.330395
1, 0.322959, 0.25, 0.75, 0.323313
1, 0.327108, 0.25, 0.75, 0.329064
1, 0.325277, 0.25, 0.75, 0.326219
1, 0.317801, 0.25, 0.75, 0.322323
1, 0.324264, 0.25, 0.75, 0.325123
1, 0.326102, 0.25, 0.75, 0.330194
1, 0.315242, 0.25, 0.75, 0.317392
1, 0.326387, 0.25, 0.75, 0.328422
1, 0.307807, 0.25, 0.75, 0.314123
1, 0.324089, 0.25, 0.75, 0.327937
1, 0.316322, 0.25, 0.75, 0.322347
1, 0.335237, 0.26, 0.74, 0.334716
1, 0.342814, 0.26, 0.74, 0.34142
1, 0.337856, 0.26, 0.74, 0.33682
1, 0.335333, 0.26, 0.74, 0.339
1, 0.338605, 0.26, 0.74, 0.342692
1, 0.35166, 0.26, 0.74, 0.349748
1, 0.338538, 0.26, 0.74, 0.341933
1, 0.344772, 0.26, 0.74, 0.348397
1, 0.342566, 0.26, 0.74, 0.34074
1, 0.331869, 0.26, 0.74, 0.337988
1, 0.345713, 0.26, 0.74, 0.346418
1, 0.332424, 0.26, 0.74, 0.336756
1, 0.343936, 0.26, 0.74, 0.343448
1, 0.329331, 0.26, 0.74, 0.333792
1, 0.333642, 0.26, 0.74, 0.33912
1, 0.339971, 0.26, 0.74, 0.342919
1, 0.325886, 0.26, 0.74, 0.334128
1, 0.335212, 0.26, 0.74, 0.340111
1, 0.335766, 0.26, 0.74, 0.340412
1, 0.3295, 0.26, 0.74, 0.336743
1, 0.343006, 0.26, 0.74, 0.344487
1, 0.33262, 0.26, 0.74, 0.339842
1, 0.322116, 0.26, 0.74, 0.328168
1, 0.336669, 0.26, 0.74, 0.335846
1, 0.332818, 0.26, 0.74, 0.33745
1, 0.373795, 0.27, 0.73, 0.369277
1, 0.360198, 0.27, 0.73, 0.354299
1, 0.34363, 0.27, 0.73, 0.347324
1, 0.359845, 0.27, 0.73, 0.358437
1, 0.347211, 0.27, 0.73, 0.351906
1, 0.357625, 0.27, 0.73, 0.360157
1, 0.360007, 0.27, 0.73, 0.359616
1, 0.366477, 0.27, 0.73, 0.372153
1, 0.358835, 0.27, 0.73, 0.365547
1, 0.355024, 0.27, 0.73, 0.361191
1, 0.361721, 0.27, 0.73, 0.366236
1, 0.356088, 0.27, 0.73, 0.361932
1, 0.351666, 0.27, 0.73, 0.351969
1, 0.35645, 0.27, 0.73, 0.359732
1, 0.350591, 0.27, 0.73, 0.35462
1, 0.352029, 0.27, 0.73, 0.354793
1, 0.363479, 0.27, 0.73, 0.363588
1, 0.360786, 0.27, 0.73, 0.36664
1, 0.357256, 0.27, 0.73, 0.360013
1, 0.359023, 0.27, 0.73, 0.367142
1, 0.353452, 0.27, 0.73, 0.360721
1, 0.347712, 0.27, 0.73, 0.352593
1, 0.346377, 0.27, 0.73, 0.343486
1, 0.350431, 0.27, 0.73, 0.353587
1, 0.361651, 0.27, 0.73, 0.363509
1, 0.37333, 0.28, 0.72, 0.370941
1, 0.376462, 0.28, 0.72, 0.377388
1, 0.370526, 0.28, 0.72, 0.37695
1, 0.370939, 0.28, 0.72, 0.372025
1, 0.379664, 0.28, 0.72, 0.378011
1, 0.373303, 0.28, 0.72, 0.380116
1, 0.358153, 0.28, 0.72, 0.368827
1, 0.370574, 0.28, 0.72, 0.380179
1, 0.377688, 0.28, 0.72, 0.37914
1, 0.364273, 0.28, 0.72, 0.364153
1, 0.37565, 0.28, 0.72, 0.376299
1, 0.372084, 0.28, 0.72, 0.378873
1, 0.375522, 0.28, 0.72, 0.381939
1, 0.37309, 0.28, 0.72, 0.377673
1, 0.383299, 0.28, 0.72, 0.383884
1, 0.378782, 0.28, 0.72, 0.379924
1, 0.363921, 0.28, 0.72, 0.369786
1, 0.375458, 0.28, 0.72, 0.373534
1, 0.371249, 0.28, 0.72, 0.373416
1, 0.368551, 0.28, 0.72, 0.375776
1, 0.385493, 0.28, 0.72, 0.38307
1, 0.370853, 0.28, 0.72, 0.375915
1, 0.377442, 0.28, 0.72, 0.385572
1, 0.370171, 0.28, 0.72, 0.376001
1, 0.378095, 0.28, 0.72, 0.381236
1, 0.394086, 0.29, 0.71, 0.399494
1, 0.383469, 0.29, 0.71, 0.394848
1, 0.40075, 0.29, 0.71, 0.401159
1, 0.38583, 0.29, 0.71, 0.395429
1, 0.390464, 0.29, 0.71, 0.393758
1, 0.375603, 0.29, 0.71, 0.387334
1, 0.397633, 0.29, 0.71, 0.404065
1, 0.388057, 0.29, 0.71, 0.388524
1, 0.395556, 0.29, 0.71, 0.391826
1, 0.410406, 0.29, 0.71, 0.409424
1, 0.391515, 0.29, 0.71, 0.389467
1, 0.384433, 0.29, 0.71, 0.389121
1, 0.389211, 0.29, 0.71, 0.392029
1, 0.382418, 0.29, 0.71, 0.390302
1, 0.390382, 0.29, 0.71, 0.391931
1, 0.399354, 0.29, 0.71, 0.401251
1, 0.393023, 0.29, 0.71, 0.396166
1, 0.401347, 0.29, 0.71, 0.40588
1, 0.394752, 0.29, 0.71, 0.389939
1, 0.384087, 0.29, 0.71, 0.392375
1, 0.390867, 0.29, 0.71, 0.400737
1, 0.38661, 0.29, 0.71, 0.390418
1, 0.389375, 0.29, 0.71, 0.392314
1, 0.41056, 0.29, 0.71, 0.405045
1, 0.38561, 0.29, 0.71, 0.394263
1, 0.407595, 0.3, 0.7, 0.413601
1, 0.407402, 0.3, 0.7, 0.412202
1, 0.404035, 0.3, 0.7, 0.413451
1, 0.405922, 0.3, 0.7, 0.410777
1, 0.409074, 0.3, 0.7, 0.414894
1, 0.410765, 0.3, 0.7, 0.419874
1, 0.415656, 0.3, 0.7, 0.41754
1, 0.419812, 0.3, 0.7, 0.419704
1, 0.400263, 0.3, 0.7, 0.409679
1, 0.406322, 0.3, 0.7, 0.418638
1, 0.409656, 0.3, 0.7, 0.412678
1, 0.401721, 0.3, 0.7, 0.410628
1, 0.403753, 0.3, 0.7, 0.411389
1, 0.419959, 0.3, 0.7, 0.42188
1, 0.407801, 0.3, 0.7, 0.415119
1, 0.407289, 0.3, 0.7, 0.412106
1, 0.39953, 0.3, 0.7, 0.413745
1, 0.39767, 0.3, 0.7, 0.400906
1, 0.422283, 0.3, 0.7, 0.417681
1, 0.397652, 0.3, 0.7, 0.405532
1, 0.42123, 0.3, 0.7, 0.422915
1, 0.409919, 0.3, 0.7, 0.410819
1, 0.404819, 0.3, 0.7, 0.412544
1, 0.411407, 0.3, 0.7, 0.413347
1, 0.411405, 0.3, 0.7, 0.420406
