# B5 Gamma Dynamic Simulation Results
# Strategy schedule: schedules/schedule_b5_pure_selfish_gamma.txt
# Gamma schedule: schedules/gamma_schedule_extreme.txt
# Hash rate range: 0.15 - 0.3 (15% - 30%) in 0.01 increments
InitialGamma, Miner0_ProfitFraction, Miner0_HashRate, Miner1_HashRate, Miner0_BlockFraction
1, 0.159164, 0.15, 0.85, 0.162081
1, 0.162893, 0.15, 0.85, 0.160627
1, 0.158396, 0.15, 0.85, 0.160369
1, 0.163322, 0.15, 0.85, 0.160601
1, 0.162528, 0.15, 0.85, 0.159193
1, 0.153384, 0.15, 0.85, 0.157603
1, 0.151638, 0.15, 0.85, 0.152003
1, 0.160495, 0.15, 0.85, 0.16076
1, 0.158707, 0.15, 0.85, 0.159533
1, 0.160535, 0.15, 0.85, 0.157529
1, 0.153751, 0.15, 0.85, 0.157784
1, 0.159625, 0.15, 0.85, 0.163108
1, 0.164336, 0.15, 0.85, 0.161412
1, 0.153537, 0.15, 0.85, 0.152879
1, 0.156661, 0.15, 0.85, 0.159236
1, 0.152867, 0.15, 0.85, 0.158365
1, 0.154297, 0.15, 0.85, 0.157227
1, 0.157481, 0.15, 0.85, 0.159342
1, 0.15878, 0.15, 0.85, 0.158872
1, 0.159948, 0.15, 0.85, 0.159052
1, 0.157564, 0.15, 0.85, 0.160589
1, 0.15469, 0.15, 0.85, 0.155179
1, 0.161331, 0.15, 0.85, 0.161898
1, 0.15548, 0.15, 0.85, 0.151617
1, 0.158227, 0.15, 0.85, 0.16025
1, 0.169755, 0.16, 0.84, 0.172556
1, 0.176969, 0.16, 0.84, 0.171137
1, 0.166111, 0.16, 0.84, 0.165883
1, 0.168456, 0.16, 0.84, 0.1723
1, 0.168293, 0.16, 0.84, 0.169275
1, 0.163596, 0.16, 0.84, 0.161436
1, 0.172604, 0.16, 0.84, 0.168548
1, 0.174732, 0.16, 0.84, 0.174178
1, 0.173086, 0.16, 0.84, 0.174134
1, 0.171902, 0.16, 0.84, 0.172093
1, 0.168613, 0.16, 0.84, 0.168037
1, 0.164991, 0.16, 0.84, 0.170203
1, 0.170233, 0.16, 0.84, 0.17101
1, 0.167575, 0.16, 0.84, 0.169208
1, 0.166625, 0.16, 0.84, 0.168816
1, 0.169976, 0.16, 0.84, 0.172494
1, 0.167957, 0.16, 0.84, 0.168919
1, 0.160318, 0.16, 0.84, 0.163506
1, 0.164674, 0.16, 0.84, 0.168003
1, 0.169139, 0.16, 0.84, 0.166713
1, 0.164607, 0.16, 0.84, 0.167249
1, 0.170084, 0.16, 0.84, 0.16751
1, 0.169607, 0.16, 0.84, 0.171718
1, 0.168553, 0.16, 0.84, 0.171586
1, 0.17216, 0.16, 0.84, 0.172241
1, 0.182498, 0.17, 0.83, 0.185042
1, 0.189749, 0.17, 0.83, 0.187753
1, 0.178273, 0.17, 0.83, 0.181241
1, 0.182323, 0.17, 0.83, 0.182841
1, 0.184818, 0.17, 0.83, 0.181813
1, 0.180187, 0.17, 0.83, 0.180879
1, 0.180659, 0.17, 0.83, 0.182253
1, 0.183326, 0.17, 0.83, 0.182934
1, 0.174729, 0.17, 0.83, 0.181907
1, 0.173351, 0.17, 0.83, 0.175477
1, 0.181701, 0.17, 0.83, 0.184153
1, 0.178414, 0.17, 0.83, 0.185029
1, 0.179877, 0.17, 0.83, 0.175394
1, 0.178903, 0.17, 0.83, 0.18085
1, 0.18213, 0.17, 0.83, 0.183707
1, 0.186012, 0.17, 0.83, 0.186926
1, 0.178417, 0.17, 0.83, 0.181919
1, 0.174566, 0.17, 0.83, 0.179812
1, 0.176329, 0.17, 0.83, 0.181455
1, 0.182717, 0.17, 0.83, 0.184852
1, 0.1868, 0.17, 0.83, 0.185143
1, 0.186058, 0.17, 0.83, 0.18439
1, 0.172029, 0.17, 0.83, 0.176124
1, 0.18329, 0.17, 0.83, 0.184968
1, 0.19208, 0.17, 0.83, 0.190047
1, 0.198159, 0.18, 0.82, 0.199812
1, 0.193708, 0.18, 0.82, 0.194083
1, 0.201186, 0.18, 0.82, 0.198429
1, 0.202661, 0.18, 0.82, 0.199941
1, 0.189879, 0.18, 0.82, 0.190659
1, 0.195201, 0.18, 0.82, 0.200502
1, 0.186426, 0.18, 0.82, 0.190217
1, 0.184897, 0.18, 0.82, 0.191679
1, 0.195623, 0.18, 0.82, 0.196645
1, 0.193722, 0.18, 0.82, 0.197636
1, 0.19435, 0.18, 0.82, 0.196359
1, 0.197419, 0.18, 0.82, 0.196167
1, 0.19814, 0.18, 0.82, 0.197475
1, 0.197315, 0.18, 0.82, 0.194896
1, 0.195843, 0.18, 0.82, 0.199849
1, 0.188653, 0.18, 0.82, 0.19366
1, 0.19344, 0.18, 0.82, 0.197433
1, 0.190306, 0.18, 0.82, 0.194162
1, 0.194112, 0.18, 0.82, 0.194825
1, 0.199554, 0.18, 0.82, 0.198822
1, 0.192164, 0.18, 0.82, 0.196443
1, 0.194063, 0.18, 0.82, 0.19677
1, 0.194988, 0.18, 0.82, 0.194451
1, 0.2014, 0.18, 0.82, 0.198782
1, 0.192375, 0.18, 0.82, 0.199618
1, 0.209348, 0.19, 0.81, 0.208491
1, 0.209474, 0.19, 0.81, 0.207818
1, 0.203152, 0.19, 0.81, 0.209283
1, 0.205551, 0.19, 0.81, 0.204386
1, 0.209376, 0.19, 0.81, 0.208668
1, 0.202153, 0.19, 0.81, 0.204794
1, 0.20733, 0.19, 0.81, 0.206643
1, 0.210305, 0.19, 0.81, 0.212179
1, 0.200108, 0.19, 0.81, 0.202758
1, 0.207466, 0.19, 0.81, 0.209073
1, 0.211254, 0.19, 0.81, 0.210748
1, 0.205962, 0.19, 0.81, 0.209255
1, 0.203345, 0.19, 0.81, 0.205841
1, 0.203575, 0.19, 0.81, 0.209969
1, 0.210184, 0.19, 0.81, 0.209137
1, 0.208801, 0.19, 0.81, 0.209684
1, 0.204237, 0.19, 0.81, 0.204049
1, 0.213161, 0.19, 0.81, 0.213454
1, 0.20827, 0.19, 0.81, 0.210204
1, 0.206321, 0.19, 0.81, 0.210223
1, 0.211638, 0.19, 0.81, 0.209974
1, 0.21355, 0.19, 0.81, 0.208333
1, 0.216945, 0.19, 0.81, 0.218997
1, 0.20553, 0.19, 0.81, 0.20826
1, 0.198868, 0.19, 0.81, 0.206613
1, 0.218947, 0.2, 0.8, 0.223591
1, 0.223363, 0.2, 0.8, 0.225004
1, 0.218052, 0.2, 0.8, 0.22194
1, 0.218961, 0.2, 0.8, 0.221144
1, 0.214498, 0.2, 0.8, 0.218779
1, 0.220982, 0.2, 0.8, 0.222789
1, 0.215848, 0.2, 0.8, 0.218022
1, 0.22129, 0.2, 0.8, 0.218517
1, 0.216308, 0.2, 0.8, 0.222005
1, 0.226197, 0.2, 0.8, 0.228755
1, 0.224358, 0.2, 0.8, 0.225367
1, 0.215544, 0.2, 0.8, 0.214785
1, 0.210922, 0.2, 0.8, 0.214486
1, 0.218706, 0.2, 0.8, 0.225136
1, 0.22511, 0.2, 0.8, 0.226605
1, 0.213524, 0.2, 0.8, 0.218836
1, 0.215344, 0.2, 0.8, 0.222613
1, 0.22312, 0.2, 0.8, 0.219287
1, 0.220017, 0.2, 0.8, 0.224264
1, 0.211828, 0.2, 0.8, 0.21496
1, 0.21935, 0.2, 0.8, 0.214129
1, 0.213873, 0.2, 0.8, 0.216258
1, 0.217089, 0.2, 0.8, 0.220124
1, 0.222667, 0.2, 0.8, 0.226619
1, 0.223214, 0.2, 0.8, 0.22142
1, 0.229391, 0.21, 0.79, 0.226993
1, 0.230616, 0.21, 0.79, 0.232915
1, 0.234263, 0.21, 0.79, 0.237487
1, 0.236847, 0.21, 0.79, 0.241275
1, 0.244138, 0.21, 0.79, 0.239499
1, 0.229831, 0.21, 0.79, 0.232514
1, 0.236215, 0.21, 0.79, 0.237199
1, 0.229174, 0.21, 0.79, 0.232903
1, 0.226211, 0.21, 0.79, 0.232816
1, 0.227057, 0.21, 0.79, 0.231919
1, 0.235135, 0.21, 0.79, 0.235537
1, 0.224003, 0.21, 0.79, 0.231123
1, 0.230365, 0.21, 0.79, 0.235561
1, 0.232315, 0.21, 0.79, 0.236535
1, 0.22148, 0.21, 0.79, 0.225672
1, 0.228342, 0.21, 0.79, 0.230751
1, 0.239212, 0.21, 0.79, 0.236556
1, 0.222738, 0.21, 0.79, 0.225882
1, 0.235021, 0.21, 0.79, 0.233838
1, 0.228411, 0.21, 0.79, 0.231404
1, 0.242342, 0.21, 0.79, 0.243454
1, 0.231351, 0.21, 0.79, 0.234217
1, 0.241018, 0.21, 0.79, 0.240681
1, 0.232053, 0.21, 0.79, 0.234156
1, 0.232371, 0.21, 0.79, 0.229659
1, 0.240055, 0.22, 0.78, 0.242161
1, 0.242769, 0.22, 0.78, 0.247804
1, 0.245644, 0.22, 0.78, 0.247392
1, 0.237532, 0.22, 0.78, 0.24265
1, 0.248549, 0.22, 0.78, 0.249145
1, 0.254165, 0.22, 0.78, 0.253324
1, 0.237533, 0.22, 0.78, 0.248121
1, 0.24419, 0.22, 0.78, 0.248461
1, 0.246527, 0.22, 0.78, 0.242192
1, 0.244691, 0.22, 0.78, 0.247478
1, 0.24429, 0.22, 0.78, 0.248082
1, 0.240979, 0.22, 0.78, 0.24518
1, 0.24249, 0.22, 0.78, 0.242449
1, 0.247964, 0.22, 0.78, 0.245459
1, 0.244834, 0.22, 0.78, 0.245684
1, 0.236155, 0.22, 0.78, 0.243314
1, 0.244924, 0.22, 0.78, 0.246548
1, 0.255573, 0.22, 0.78, 0.251748
1, 0.240156, 0.22, 0.78, 0.246377
1, 0.248676, 0.22, 0.78, 0.249208
1, 0.240212, 0.22, 0.78, 0.240962
1, 0.247876, 0.22, 0.78, 0.249775
1, 0.24403, 0.22, 0.78, 0.245316
1, 0.250083, 0.22, 0.78, 0.247204
1, 0.238061, 0.22, 0.78, 0.240052
1, 0.258325, 0.23, 0.77, 0.260945
1, 0.253146, 0.23, 0.77, 0.260652
1, 0.248307, 0.23, 0.77, 0.253273
1, 0.261712, 0.23, 0.77, 0.259407
1, 0.259872, 0.23, 0.77, 0.262175
1, 0.261912, 0.23, 0.77, 0.264183
1, 0.258111, 0.23, 0.77, 0.252328
1, 0.258088, 0.23, 0.77, 0.259019
1, 0.252421, 0.23, 0.77, 0.258644
1, 0.253989, 0.23, 0.77, 0.261208
1, 0.251345, 0.23, 0.77, 0.256312
1, 0.25108, 0.23, 0.77, 0.255697
1, 0.256072, 0.23, 0.77, 0.25665
1, 0.260243, 0.23, 0.77, 0.261097
1, 0.251715, 0.23, 0.77, 0.251682
1, 0.254022, 0.23, 0.77, 0.261967
1, 0.251752, 0.23, 0.77, 0.255259
1, 0.261075, 0.23, 0.77, 0.260045
1, 0.256676, 0.23, 0.77, 0.26503
1, 0.261176, 0.23, 0.77, 0.26227
1, 0.260745, 0.23, 0.77, 0.260098
1, 0.25986, 0.23, 0.77, 0.263528
1, 0.258769, 0.23, 0.77, 0.266956
1, 0.250982, 0.23, 0.77, 0.253679
1, 0.244552, 0.23, 0.77, 0.251564
1, 0.270061, 0.24, 0.76, 0.27482
1, 0.276923, 0.24, 0.76, 0.281412
1, 0.270466, 0.24, 0.76, 0.269235
1, 0.265473, 0.24, 0.76, 0.270923
1, 0.268427, 0.24, 0.76, 0.278153
1, 0.265296, 0.24, 0.76, 0.272855
1, 0.267453, 0.24, 0.76, 0.273626
1, 0.277062, 0.24, 0.76, 0.276329
1, 0.2676, 0.24, 0.76, 0.272805
1, 0.271029, 0.24, 0.76, 0.277422
1, 0.277176, 0.24, 0.76, 0.278159
1, 0.270674, 0.24, 0.76, 0.279813
1, 0.271275, 0.24, 0.76, 0.273795
1, 0.278058, 0.24, 0.76, 0.276852
1, 0.277689, 0.24, 0.76, 0.277841
1, 0.271157, 0.24, 0.76, 0.274721
1, 0.273606, 0.24, 0.76, 0.270805
1, 0.262494, 0.24, 0.76, 0.267639
1, 0.263034, 0.24, 0.76, 0.272307
1, 0.276325, 0.24, 0.76, 0.273393
1, 0.271185, 0.24, 0.76, 0.273332
1, 0.27915, 0.24, 0.76, 0.283413
1, 0.267519, 0.24, 0.76, 0.273171
1, 0.279236, 0.24, 0.76, 0.282225
1, 0.278897, 0.24, 0.76, 0.275224
1, 0.288185, 0.25, 0.75, 0.288248
1, 0.281385, 0.25, 0.75, 0.286082
1, 0.292728, 0.25, 0.75, 0.291526
1, 0.28232, 0.25, 0.75, 0.289158
1, 0.298319, 0.25, 0.75, 0.29887
1, 0.280837, 0.25, 0.75, 0.283953
1, 0.277526, 0.25, 0.75, 0.285013
1, 0.281743, 0.25, 0.75, 0.285967
1, 0.284377, 0.25, 0.75, 0.293399
1, 0.286617, 0.25, 0.75, 0.292234
1, 0.291711, 0.25, 0.75, 0.297784
1, 0.280957, 0.25, 0.75, 0.288921
1, 0.287249, 0.25, 0.75, 0.286076
1, 0.287508, 0.25, 0.75, 0.289504
1, 0.294388, 0.25, 0.75, 0.292535
1, 0.290279, 0.25, 0.75, 0.29071
1, 0.279445, 0.25, 0.75, 0.284229
1, 0.289983, 0.25, 0.75, 0.290332
1, 0.290308, 0.25, 0.75, 0.294677
1, 0.291786, 0.25, 0.75, 0.295406
1, 0.28336, 0.25, 0.75, 0.286249
1, 0.289991, 0.25, 0.75, 0.295421
1, 0.288368, 0.25, 0.75, 0.286723
1, 0.299623, 0.25, 0.75, 0.296722
1, 0.290642, 0.25, 0.75, 0.290389
1, 0.295091, 0.26, 0.74, 0.30022
1, 0.309602, 0.26, 0.74, 0.313668
1, 0.301101, 0.26, 0.74, 0.3033
1, 0.30604, 0.26, 0.74, 0.306547
1, 0.30073, 0.26, 0.74, 0.302965
1, 0.303903, 0.26, 0.74, 0.300748
1, 0.30138, 0.26, 0.74, 0.305313
1, 0.298662, 0.26, 0.74, 0.298703
1, 0.309169, 0.26, 0.74, 0.308116
1, 0.298329, 0.26, 0.74, 0.303352
1, 0.293647, 0.26, 0.74, 0.3009
1, 0.298767, 0.26, 0.74, 0.30368
1, 0.281377, 0.26, 0.74, 0.293474
1, 0.306286, 0.26, 0.74, 0.305858
1, 0.300845, 0.26, 0.74, 0.30091
1, 0.301943, 0.26, 0.74, 0.30675
1, 0.304763, 0.26, 0.74, 0.302254
1, 0.311135, 0.26, 0.74, 0.310399
1, 0.297637, 0.26, 0.74, 0.304061
1, 0.309751, 0.26, 0.74, 0.310547
1, 0.302259, 0.26, 0.74, 0.302113
1, 0.291463, 0.26, 0.74, 0.293616
1, 0.299117, 0.26, 0.74, 0.30449
1, 0.292972, 0.26, 0.74, 0.298207
1, 0.309664, 0.26, 0.74, 0.30835
1, 0.314126, 0.27, 0.73, 0.323087
1, 0.314822, 0.27, 0.73, 0.315608
1, 0.322018, 0.27, 0.73, 0.327047
1, 0.31435, 0.27, 0.73, 0.316724
1, 0.310818, 0.27, 0.73, 0.317351
1, 0.303789, 0.27, 0.73, 0.309794
1, 0.327313, 0.27, 0.73, 0.327966
1, 0.317079, 0.27, 0.73, 0.320715
1, 0.312585, 0.27, 0.73, 0.321242
1, 0.32554, 0.27, 0.73, 0.331286
1, 0.315706, 0.27, 0.73, 0.322635
1, 0.313855, 0.27, 0.73, 0.319287
1, 0.315175, 0.27, 0.73, 0.318861
1, 0.326287, 0.27, 0.73, 0.32701
1, 0.322187, 0.27, 0.73, 0.324443
1, 0.298664, 0.27, 0.73, 0.312627
1, 0.303864, 0.27, 0.73, 0.311977
1, 0.304675, 0.27, 0.73, 0.30946
1, 0.312071, 0.27, 0.73, 0.317995
1, 0.306664, 0.27, 0.73, 0.312355
1, 0.323619, 0.27, 0.73, 0.324389
1, 0.311764, 0.27, 0.73, 0.316301
1, 0.310106, 0.27, 0.73, 0.315026
1, 0.325325, 0.27, 0.73, 0.32331
1, 0.311952, 0.27, 0.73, 0.312997
1, 0.331496, 0.28, 0.72, 0.339481
1, 0.327711, 0.28, 0.72, 0.326138
1, 0.325518, 0.28, 0.72, 0.330427
1, 0.331588, 0.28, 0.72, 0.336147
1, 0.339875, 0.28, 0.72, 0.340211
1, 0.325007, 0.28, 0.72, 0.328848
1, 0.328662, 0.28, 0.72, 0.329174
1, 0.328734, 0.28, 0.72, 0.328132
1, 0.341998, 0.28, 0.72, 0.339102
1, 0.330587, 0.28, 0.72, 0.335122
1, 0.340714, 0.28, 0.72, 0.340784
1, 0.325576, 0.28, 0.72, 0.332959
1, 0.331396, 0.28, 0.72, 0.332238
1, 0.341073, 0.28, 0.72, 0.343656
1, 0.330504, 0.28, 0.72, 0.332935
1, 0.331123, 0.28, 0.72, 0.330903
1, 0.331039, 0.28, 0.72, 0.330278
1, 0.329228, 0.28, 0.72, 0.331567
1, 0.32606, 0.28, 0.72, 0.333208
1, 0.343909, 0.28, 0.72, 0.340325
1, 0.323274, 0.28, 0.72, 0.325208
1, 0.331106, 0.28, 0.72, 0.338119
1, 0.325648, 0.28, 0.72, 0.33352
1, 0.333565, 0.28, 0.72, 0.337608
1, 0.330459, 0.28, 0.72, 0.338444
1, 0.348161, 0.29, 0.71, 0.349172
1, 0.344057, 0.29, 0.71, 0.351626
1, 0.351461, 0.29, 0.71, 0.347457
1, 0.353024, 0.29, 0.71, 0.357821
1, 0.337578, 0.29, 0.71, 0.344868
1, 0.335581, 0.29, 0.71, 0.342188
1, 0.34986, 0.29, 0.71, 0.354626
1, 0.352885, 0.29, 0.71, 0.354121
1, 0.344035, 0.29, 0.71, 0.352629
1, 0.349497, 0.29, 0.71, 0.346122
1, 0.334694, 0.29, 0.71, 0.343352
1, 0.345958, 0.29, 0.71, 0.349114
1, 0.352274, 0.29, 0.71, 0.355366
1, 0.345226, 0.29, 0.71, 0.351975
1, 0.346496, 0.29, 0.71, 0.349193
1, 0.349839, 0.29, 0.71, 0.354375
1, 0.349618, 0.29, 0.71, 0.354918
1, 0.345708, 0.29, 0.71, 0.34953
1, 0.346092, 0.29, 0.71, 0.354605
1, 0.346934, 0.29, 0.71, 0.353609
1, 0.344758, 0.29, 0.71, 0.351064
1, 0.345414, 0.29, 0.71, 0.350499
1, 0.351813, 0.29, 0.71, 0.35236
1, 0.345037, 0.29, 0.71, 0.347796
1, 0.356731, 0.29, 0.71, 0.349368
1, 0.368567, 0.3, 0.7, 0.37551
1, 0.356906, 0.3, 0.7, 0.359741
1, 0.375479, 0.3, 0.7, 0.375159
1, 0.371818, 0.3, 0.7, 0.371611
1, 0.36568, 0.3, 0.7, 0.360835
1, 0.361636, 0.3, 0.7, 0.365691
1, 0.357351, 0.3, 0.7, 0.358398
1, 0.368518, 0.3, 0.7, 0.374401
1, 0.367004, 0.3, 0.7, 0.371526
1, 0.361631, 0.3, 0.7, 0.361647
1, 0.356701, 0.3, 0.7, 0.355789
1, 0.353356, 0.3, 0.7, 0.358052
1, 0.366292, 0.3, 0.7, 0.368207
1, 0.355033, 0.3, 0.7, 0.365779
1, 0.348492, 0.3, 0.7, 0.355391
1, 0.362099, 0.3, 0.7, 0.370155
1, 0.342875, 0.3, 0.7, 0.353629
1, 0.349667, 0.3, 0.7, 0.35695
1, 0.374694, 0.3, 0.7, 0.369656
1, 0.36154, 0.3, 0.7, 0.361106
1, 0.365464, 0.3, 0.7, 0.368594
1, 0.357377, 0.3, 0.7, 0.361455
1, 0.364195, 0.3, 0.7, 0.36692
1, 0.361397, 0.3, 0.7, 0.365765
1, 0.360723, 0.3, 0.7, 0.359997
