# B5 Focused Dynamic Strategy Switching Simulation Results
# Schedule file: schedules/schedule_b5_honest_selfish_asymmetric_2000_1000.txt
# Gamma (connectivity) range: 0.8 - 1.0 in 0.05 increments
# Hash rate range: 0.15 - 0.3 (15% - 30%) in 0.01 increments
Gamma, Miner0_ProfitFraction, Miner0_HashRate, Miner1_HashRate, Miner0_BlockFraction
0.8, 0.150586, 0.15, 0.85, 0.150071
0.8, 0.157208, 0.15, 0.85, 0.156483
0.8, 0.147928, 0.15, 0.85, 0.147666
0.8, 0.148454, 0.15, 0.85, 0.15133
0.8, 0.153243, 0.15, 0.85, 0.154023
0.8, 0.149683, 0.15, 0.85, 0.151172
0.8, 0.145548, 0.15, 0.85, 0.143367
0.8, 0.146102, 0.15, 0.85, 0.147143
0.8, 0.149556, 0.15, 0.85, 0.150674
0.8, 0.153433, 0.15, 0.85, 0.147901
0.8, 0.14904, 0.15, 0.85, 0.150902
0.8, 0.149579, 0.15, 0.85, 0.149765
0.8, 0.15201, 0.15, 0.85, 0.153412
0.8, 0.152087, 0.15, 0.85, 0.156923
0.8, 0.153058, 0.15, 0.85, 0.154775
0.8, 0.154205, 0.15, 0.85, 0.149606
0.8, 0.151446, 0.15, 0.85, 0.150318
0.8, 0.151399, 0.15, 0.85, 0.147718
0.8, 0.154259, 0.15, 0.85, 0.149329
0.8, 0.151293, 0.15, 0.85, 0.150572
0.8, 0.151242, 0.15, 0.85, 0.149184
0.8, 0.154913, 0.15, 0.85, 0.150967
0.8, 0.152157, 0.15, 0.85, 0.149847
0.8, 0.148966, 0.15, 0.85, 0.152252
0.8, 0.140934, 0.15, 0.85, 0.144777
0.8, 0.164202, 0.16, 0.84, 0.161113
0.8, 0.1692, 0.16, 0.84, 0.165131
0.8, 0.163902, 0.16, 0.84, 0.162467
0.8, 0.159779, 0.16, 0.84, 0.158031
0.8, 0.162735, 0.16, 0.84, 0.160305
0.8, 0.164009, 0.16, 0.84, 0.165239
0.8, 0.159669, 0.16, 0.84, 0.158168
0.8, 0.162796, 0.16, 0.84, 0.165165
0.8, 0.164403, 0.16, 0.84, 0.162233
0.8, 0.16219, 0.16, 0.84, 0.15809
0.8, 0.158524, 0.16, 0.84, 0.160825
0.8, 0.16181, 0.16, 0.84, 0.163033
0.8, 0.164649, 0.16, 0.84, 0.1621
0.8, 0.161091, 0.16, 0.84, 0.160339
0.8, 0.163522, 0.16, 0.84, 0.166804
0.8, 0.160679, 0.16, 0.84, 0.159136
0.8, 0.160248, 0.16, 0.84, 0.161248
0.8, 0.161592, 0.16, 0.84, 0.159294
0.8, 0.169833, 0.16, 0.84, 0.165915
0.8, 0.160639, 0.16, 0.84, 0.159792
0.8, 0.161664, 0.16, 0.84, 0.161386
0.8, 0.169207, 0.16, 0.84, 0.166356
0.8, 0.163868, 0.16, 0.84, 0.162348
0.8, 0.15621, 0.16, 0.84, 0.161044
0.8, 0.16443, 0.16, 0.84, 0.16257
0.8, 0.175602, 0.17, 0.83, 0.177442
0.8, 0.181947, 0.17, 0.83, 0.182605
0.8, 0.173814, 0.17, 0.83, 0.173634
0.8, 0.178602, 0.17, 0.83, 0.18108
0.8, 0.175283, 0.17, 0.83, 0.173409
0.8, 0.175286, 0.17, 0.83, 0.173439
0.8, 0.176544, 0.17, 0.83, 0.171947
0.8, 0.17407, 0.17, 0.83, 0.173508
0.8, 0.177789, 0.17, 0.83, 0.173322
0.8, 0.173555, 0.17, 0.83, 0.175347
0.8, 0.173103, 0.17, 0.83, 0.172853
0.8, 0.171694, 0.17, 0.83, 0.170419
0.8, 0.17509, 0.17, 0.83, 0.177932
0.8, 0.178371, 0.17, 0.83, 0.175565
0.8, 0.168113, 0.17, 0.83, 0.174903
0.8, 0.165699, 0.17, 0.83, 0.164472
0.8, 0.168517, 0.17, 0.83, 0.17415
0.8, 0.178096, 0.17, 0.83, 0.172496
0.8, 0.170593, 0.17, 0.83, 0.16979
0.8, 0.164091, 0.17, 0.83, 0.16832
0.8, 0.169666, 0.17, 0.83, 0.169696
0.8, 0.174587, 0.17, 0.83, 0.17306
0.8, 0.173037, 0.17, 0.83, 0.171647
0.8, 0.168146, 0.17, 0.83, 0.164591
0.8, 0.165211, 0.17, 0.83, 0.171384
0.8, 0.180224, 0.18, 0.82, 0.181884
0.8, 0.182412, 0.18, 0.82, 0.182523
0.8, 0.179134, 0.18, 0.82, 0.182353
0.8, 0.183085, 0.18, 0.82, 0.182899
0.8, 0.192412, 0.18, 0.82, 0.190975
0.8, 0.184866, 0.18, 0.82, 0.185325
0.8, 0.186217, 0.18, 0.82, 0.189651
0.8, 0.191304, 0.18, 0.82, 0.189566
0.8, 0.179173, 0.18, 0.82, 0.180984
0.8, 0.194851, 0.18, 0.82, 0.1885
0.8, 0.18607, 0.18, 0.82, 0.185491
0.8, 0.182506, 0.18, 0.82, 0.18373
0.8, 0.188157, 0.18, 0.82, 0.184592
0.8, 0.191387, 0.18, 0.82, 0.188439
0.8, 0.189369, 0.18, 0.82, 0.189869
0.8, 0.183644, 0.18, 0.82, 0.183374
0.8, 0.184575, 0.18, 0.82, 0.189393
0.8, 0.185723, 0.18, 0.82, 0.184801
0.8, 0.186885, 0.18, 0.82, 0.187462
0.8, 0.192158, 0.18, 0.82, 0.190128
0.8, 0.184384, 0.18, 0.82, 0.181313
0.8, 0.186117, 0.18, 0.82, 0.184566
0.8, 0.180973, 0.18, 0.82, 0.181187
0.8, 0.186674, 0.18, 0.82, 0.183147
0.8, 0.186809, 0.18, 0.82, 0.183347
0.8, 0.204837, 0.19, 0.81, 0.204281
0.8, 0.197693, 0.19, 0.81, 0.198263
0.8, 0.193567, 0.19, 0.81, 0.191997
0.8, 0.200801, 0.19, 0.81, 0.199531
0.8, 0.190861, 0.19, 0.81, 0.191854
0.8, 0.199239, 0.19, 0.81, 0.19642
0.8, 0.196673, 0.19, 0.81, 0.199945
0.8, 0.205423, 0.19, 0.81, 0.203125
0.8, 0.193745, 0.19, 0.81, 0.195184
0.8, 0.194966, 0.19, 0.81, 0.194771
0.8, 0.19982, 0.19, 0.81, 0.1965
0.8, 0.195178, 0.19, 0.81, 0.194518
0.8, 0.193043, 0.19, 0.81, 0.195443
0.8, 0.194606, 0.19, 0.81, 0.197771
0.8, 0.192965, 0.19, 0.81, 0.198565
0.8, 0.20086, 0.19, 0.81, 0.197825
0.8, 0.19498, 0.19, 0.81, 0.20057
0.8, 0.199947, 0.19, 0.81, 0.194699
0.8, 0.197982, 0.19, 0.81, 0.199144
0.8, 0.213269, 0.19, 0.81, 0.203329
0.8, 0.200509, 0.19, 0.81, 0.2007
0.8, 0.197751, 0.19, 0.81, 0.196374
0.8, 0.195525, 0.19, 0.81, 0.195345
0.8, 0.194663, 0.19, 0.81, 0.193752
0.8, 0.195416, 0.19, 0.81, 0.193813
0.8, 0.208587, 0.2, 0.8, 0.209944
0.8, 0.206645, 0.2, 0.8, 0.208458
0.8, 0.213062, 0.2, 0.8, 0.21003
0.8, 0.209956, 0.2, 0.8, 0.209587
0.8, 0.205459, 0.2, 0.8, 0.205463
0.8, 0.208198, 0.2, 0.8, 0.208149
0.8, 0.208332, 0.2, 0.8, 0.209377
0.8, 0.201578, 0.2, 0.8, 0.200962
0.8, 0.208089, 0.2, 0.8, 0.210216
0.8, 0.206534, 0.2, 0.8, 0.207798
0.8, 0.212655, 0.2, 0.8, 0.2114
0.8, 0.211636, 0.2, 0.8, 0.209782
0.8, 0.20981, 0.2, 0.8, 0.208879
0.8, 0.207408, 0.2, 0.8, 0.208313
0.8, 0.212842, 0.2, 0.8, 0.213063
0.8, 0.21093, 0.2, 0.8, 0.212376
0.8, 0.206638, 0.2, 0.8, 0.211422
0.8, 0.211004, 0.2, 0.8, 0.212726
0.8, 0.20653, 0.2, 0.8, 0.206513
0.8, 0.207122, 0.2, 0.8, 0.201705
0.8, 0.20838, 0.2, 0.8, 0.206386
0.8, 0.202945, 0.2, 0.8, 0.207122
0.8, 0.214482, 0.2, 0.8, 0.215692
0.8, 0.215147, 0.2, 0.8, 0.21437
0.8, 0.197141, 0.2, 0.8, 0.20484
0.8, 0.218144, 0.21, 0.79, 0.219832
0.8, 0.224202, 0.21, 0.79, 0.221806
0.8, 0.223191, 0.21, 0.79, 0.220285
0.8, 0.216492, 0.21, 0.79, 0.214523
0.8, 0.220987, 0.21, 0.79, 0.222666
0.8, 0.221116, 0.21, 0.79, 0.21967
0.8, 0.208781, 0.21, 0.79, 0.214608
0.8, 0.222631, 0.21, 0.79, 0.224164
0.8, 0.214113, 0.21, 0.79, 0.216687
0.8, 0.227925, 0.21, 0.79, 0.224816
0.8, 0.225947, 0.21, 0.79, 0.224797
0.8, 0.221304, 0.21, 0.79, 0.220986
0.8, 0.226398, 0.21, 0.79, 0.224485
0.8, 0.221133, 0.21, 0.79, 0.223632
0.8, 0.227369, 0.21, 0.79, 0.222523
0.8, 0.222727, 0.21, 0.79, 0.220219
0.8, 0.217497, 0.21, 0.79, 0.221002
0.8, 0.212656, 0.21, 0.79, 0.211883
0.8, 0.214896, 0.21, 0.79, 0.218605
0.8, 0.225076, 0.21, 0.79, 0.22411
0.8, 0.220437, 0.21, 0.79, 0.219702
0.8, 0.231233, 0.21, 0.79, 0.224877
0.8, 0.22904, 0.21, 0.79, 0.225168
0.8, 0.215525, 0.21, 0.79, 0.219386
0.8, 0.223977, 0.21, 0.79, 0.225825
0.8, 0.22926, 0.22, 0.78, 0.231587
0.8, 0.237734, 0.22, 0.78, 0.241828
0.8, 0.237747, 0.22, 0.78, 0.234437
0.8, 0.226398, 0.22, 0.78, 0.227468
0.8, 0.234862, 0.22, 0.78, 0.229434
0.8, 0.237284, 0.22, 0.78, 0.23315
0.8, 0.23167, 0.22, 0.78, 0.236756
0.8, 0.232133, 0.22, 0.78, 0.232372
0.8, 0.233244, 0.22, 0.78, 0.233464
0.8, 0.234664, 0.22, 0.78, 0.234722
0.8, 0.233802, 0.22, 0.78, 0.234544
0.8, 0.239241, 0.22, 0.78, 0.24168
0.8, 0.234157, 0.22, 0.78, 0.235442
0.8, 0.2407, 0.22, 0.78, 0.23393
0.8, 0.236863, 0.22, 0.78, 0.234797
0.8, 0.229593, 0.22, 0.78, 0.228996
0.8, 0.236934, 0.22, 0.78, 0.234598
0.8, 0.22903, 0.22, 0.78, 0.233047
0.8, 0.227597, 0.22, 0.78, 0.226793
0.8, 0.233422, 0.22, 0.78, 0.23348
0.8, 0.233447, 0.22, 0.78, 0.233542
0.8, 0.244209, 0.22, 0.78, 0.244208
0.8, 0.230932, 0.22, 0.78, 0.231056
0.8, 0.240322, 0.22, 0.78, 0.235964
0.8, 0.225359, 0.22, 0.78, 0.231204
0.8, 0.239992, 0.23, 0.77, 0.239522
0.8, 0.244736, 0.23, 0.77, 0.246943
0.8, 0.242043, 0.23, 0.77, 0.243995
0.8, 0.25053, 0.23, 0.77, 0.244193
0.8, 0.247573, 0.23, 0.77, 0.250301
0.8, 0.255825, 0.23, 0.77, 0.255955
0.8, 0.236813, 0.23, 0.77, 0.238719
0.8, 0.242071, 0.23, 0.77, 0.246928
0.8, 0.255573, 0.23, 0.77, 0.252135
0.8, 0.249858, 0.23, 0.77, 0.247461
0.8, 0.242287, 0.23, 0.77, 0.245468
0.8, 0.242464, 0.23, 0.77, 0.242186
0.8, 0.252734, 0.23, 0.77, 0.251066
0.8, 0.245971, 0.23, 0.77, 0.249053
0.8, 0.253452, 0.23, 0.77, 0.25328
0.8, 0.248195, 0.23, 0.77, 0.251416
0.8, 0.247458, 0.23, 0.77, 0.248225
0.8, 0.245822, 0.23, 0.77, 0.249802
0.8, 0.251262, 0.23, 0.77, 0.251684
0.8, 0.24468, 0.23, 0.77, 0.243215
0.8, 0.246029, 0.23, 0.77, 0.242496
0.8, 0.243272, 0.23, 0.77, 0.246302
0.8, 0.248646, 0.23, 0.77, 0.24569
0.8, 0.244076, 0.23, 0.77, 0.24956
0.8, 0.247741, 0.23, 0.77, 0.248871
0.8, 0.26114, 0.24, 0.76, 0.259707
0.8, 0.263014, 0.24, 0.76, 0.258507
0.8, 0.262902, 0.24, 0.76, 0.258671
0.8, 0.273203, 0.24, 0.76, 0.27022
0.8, 0.252053, 0.24, 0.76, 0.256327
0.8, 0.254308, 0.24, 0.76, 0.260765
0.8, 0.254959, 0.24, 0.76, 0.253381
0.8, 0.250529, 0.24, 0.76, 0.254943
0.8, 0.263418, 0.24, 0.76, 0.265615
0.8, 0.256001, 0.24, 0.76, 0.259867
0.8, 0.255486, 0.24, 0.76, 0.256542
0.8, 0.259219, 0.24, 0.76, 0.255695
0.8, 0.268353, 0.24, 0.76, 0.265037
0.8, 0.251379, 0.24, 0.76, 0.257695
0.8, 0.262232, 0.24, 0.76, 0.264339
0.8, 0.268362, 0.24, 0.76, 0.26823
0.8, 0.267492, 0.24, 0.76, 0.264655
0.8, 0.256061, 0.24, 0.76, 0.252545
0.8, 0.262977, 0.24, 0.76, 0.263475
0.8, 0.25289, 0.24, 0.76, 0.256347
0.8, 0.254079, 0.24, 0.76, 0.252331
0.8, 0.260712, 0.24, 0.76, 0.26176
0.8, 0.262612, 0.24, 0.76, 0.264507
0.8, 0.262462, 0.24, 0.76, 0.263444
0.8, 0.265937, 0.24, 0.76, 0.267127
0.8, 0.276312, 0.25, 0.75, 0.274427
0.8, 0.276393, 0.25, 0.75, 0.273861
0.8, 0.265633, 0.25, 0.75, 0.267308
0.8, 0.260406, 0.25, 0.75, 0.262816
0.8, 0.272371, 0.25, 0.75, 0.273969
0.8, 0.275926, 0.25, 0.75, 0.278593
0.8, 0.268751, 0.25, 0.75, 0.27277
0.8, 0.271519, 0.25, 0.75, 0.271495
0.8, 0.273214, 0.25, 0.75, 0.272064
0.8, 0.28005, 0.25, 0.75, 0.277045
0.8, 0.263711, 0.25, 0.75, 0.267453
0.8, 0.275242, 0.25, 0.75, 0.275367
0.8, 0.263723, 0.25, 0.75, 0.271242
0.8, 0.281213, 0.25, 0.75, 0.280747
0.8, 0.27752, 0.25, 0.75, 0.274122
0.8, 0.268256, 0.25, 0.75, 0.269121
0.8, 0.269575, 0.25, 0.75, 0.269264
0.8, 0.265551, 0.25, 0.75, 0.270785
0.8, 0.273363, 0.25, 0.75, 0.270375
0.8, 0.274723, 0.25, 0.75, 0.272753
0.8, 0.276261, 0.25, 0.75, 0.270675
0.8, 0.27048, 0.25, 0.75, 0.275318
0.8, 0.27138, 0.25, 0.75, 0.270637
0.8, 0.267001, 0.25, 0.75, 0.274654
0.8, 0.270658, 0.25, 0.75, 0.268611
0.8, 0.279388, 0.26, 0.74, 0.285139
0.8, 0.288524, 0.26, 0.74, 0.287318
0.8, 0.284101, 0.26, 0.74, 0.287835
0.8, 0.28983, 0.26, 0.74, 0.286317
0.8, 0.284191, 0.26, 0.74, 0.286165
0.8, 0.285688, 0.26, 0.74, 0.287426
0.8, 0.294479, 0.26, 0.74, 0.296799
0.8, 0.283627, 0.26, 0.74, 0.278825
0.8, 0.284741, 0.26, 0.74, 0.288535
0.8, 0.289608, 0.26, 0.74, 0.285906
0.8, 0.276363, 0.26, 0.74, 0.282338
0.8, 0.287098, 0.26, 0.74, 0.287332
0.8, 0.28126, 0.26, 0.74, 0.287401
0.8, 0.293841, 0.26, 0.74, 0.294822
0.8, 0.292296, 0.26, 0.74, 0.293609
0.8, 0.276911, 0.26, 0.74, 0.278553
0.8, 0.286374, 0.26, 0.74, 0.28315
0.8, 0.277648, 0.26, 0.74, 0.278504
0.8, 0.278268, 0.26, 0.74, 0.281013
0.8, 0.273078, 0.26, 0.74, 0.277691
0.8, 0.286841, 0.26, 0.74, 0.285955
0.8, 0.278744, 0.26, 0.74, 0.281392
0.8, 0.282686, 0.26, 0.74, 0.285929
0.8, 0.282892, 0.26, 0.74, 0.287787
0.8, 0.27115, 0.26, 0.74, 0.27763
0.8, 0.307466, 0.27, 0.73, 0.298708
0.8, 0.296154, 0.27, 0.73, 0.294586
0.8, 0.298647, 0.27, 0.73, 0.299101
0.8, 0.302275, 0.27, 0.73, 0.301606
0.8, 0.297254, 0.27, 0.73, 0.296162
0.8, 0.300677, 0.27, 0.73, 0.302559
0.8, 0.294467, 0.27, 0.73, 0.300805
0.8, 0.305215, 0.27, 0.73, 0.29954
0.8, 0.295713, 0.27, 0.73, 0.296251
0.8, 0.302277, 0.27, 0.73, 0.299083
0.8, 0.286668, 0.27, 0.73, 0.290382
0.8, 0.296199, 0.27, 0.73, 0.297095
0.8, 0.305798, 0.27, 0.73, 0.303914
0.8, 0.304176, 0.27, 0.73, 0.303813
0.8, 0.294634, 0.27, 0.73, 0.298641
0.8, 0.292827, 0.27, 0.73, 0.296209
0.8, 0.300042, 0.27, 0.73, 0.300868
0.8, 0.294582, 0.27, 0.73, 0.298526
0.8, 0.31122, 0.27, 0.73, 0.304572
0.8, 0.283985, 0.27, 0.73, 0.291189
0.8, 0.304274, 0.27, 0.73, 0.301999
0.8, 0.297653, 0.27, 0.73, 0.295359
0.8, 0.309152, 0.27, 0.73, 0.306867
0.8, 0.314669, 0.27, 0.73, 0.313512
0.8, 0.297988, 0.27, 0.73, 0.300029
0.8, 0.314968, 0.28, 0.72, 0.313713
0.8, 0.313043, 0.28, 0.72, 0.318099
0.8, 0.311751, 0.28, 0.72, 0.313029
0.8, 0.30415, 0.28, 0.72, 0.310251
0.8, 0.308502, 0.28, 0.72, 0.31615
0.8, 0.320713, 0.28, 0.72, 0.319901
0.8, 0.29957, 0.28, 0.72, 0.302157
0.8, 0.298108, 0.28, 0.72, 0.302894
0.8, 0.308264, 0.28, 0.72, 0.311268
0.8, 0.31171, 0.28, 0.72, 0.313029
0.8, 0.32065, 0.28, 0.72, 0.321325
0.8, 0.308413, 0.28, 0.72, 0.31066
0.8, 0.314197, 0.28, 0.72, 0.312342
0.8, 0.30575, 0.28, 0.72, 0.310133
0.8, 0.318624, 0.28, 0.72, 0.313391
0.8, 0.313404, 0.28, 0.72, 0.308783
0.8, 0.298714, 0.28, 0.72, 0.300256
0.8, 0.319156, 0.28, 0.72, 0.318821
0.8, 0.320408, 0.28, 0.72, 0.319243
0.8, 0.306402, 0.28, 0.72, 0.306547
0.8, 0.316332, 0.28, 0.72, 0.31488
0.8, 0.30955, 0.28, 0.72, 0.314251
0.8, 0.309336, 0.28, 0.72, 0.309266
0.8, 0.314897, 0.28, 0.72, 0.314175
0.8, 0.313313, 0.28, 0.72, 0.313415
0.8, 0.338245, 0.29, 0.71, 0.335575
0.8, 0.323186, 0.29, 0.71, 0.327089
0.8, 0.330495, 0.29, 0.71, 0.327728
0.8, 0.332548, 0.29, 0.71, 0.331968
0.8, 0.334859, 0.29, 0.71, 0.330521
0.8, 0.324175, 0.29, 0.71, 0.32463
0.8, 0.329459, 0.29, 0.71, 0.32957
0.8, 0.319069, 0.29, 0.71, 0.318728
0.8, 0.322252, 0.29, 0.71, 0.328703
0.8, 0.329569, 0.29, 0.71, 0.329408
0.8, 0.331916, 0.29, 0.71, 0.332387
0.8, 0.320235, 0.29, 0.71, 0.31867
0.8, 0.322095, 0.29, 0.71, 0.323006
0.8, 0.336929, 0.29, 0.71, 0.334591
0.8, 0.335611, 0.29, 0.71, 0.334105
0.8, 0.338213, 0.29, 0.71, 0.337988
0.8, 0.323999, 0.29, 0.71, 0.319411
0.8, 0.322842, 0.29, 0.71, 0.325916
0.8, 0.325729, 0.29, 0.71, 0.327496
0.8, 0.336123, 0.29, 0.71, 0.333019
0.8, 0.324614, 0.29, 0.71, 0.324152
0.8, 0.325526, 0.29, 0.71, 0.326401
0.8, 0.330453, 0.29, 0.71, 0.323717
0.8, 0.33014, 0.29, 0.71, 0.332482
0.8, 0.333632, 0.29, 0.71, 0.333294
0.8, 0.34063, 0.3, 0.7, 0.340856
0.8, 0.340848, 0.3, 0.7, 0.334264
0.8, 0.343264, 0.3, 0.7, 0.341008
0.8, 0.344184, 0.3, 0.7, 0.342338
0.8, 0.342244, 0.3, 0.7, 0.340176
0.8, 0.345958, 0.3, 0.7, 0.34436
0.8, 0.325893, 0.3, 0.7, 0.334328
0.8, 0.337728, 0.3, 0.7, 0.338761
0.8, 0.343847, 0.3, 0.7, 0.344515
0.8, 0.345076, 0.3, 0.7, 0.343706
0.8, 0.327016, 0.3, 0.7, 0.332838
0.8, 0.347386, 0.3, 0.7, 0.349702
0.8, 0.344028, 0.3, 0.7, 0.34154
0.8, 0.340968, 0.3, 0.7, 0.342063
0.8, 0.344962, 0.3, 0.7, 0.344877
0.8, 0.342947, 0.3, 0.7, 0.344732
0.8, 0.347117, 0.3, 0.7, 0.344522
0.8, 0.335604, 0.3, 0.7, 0.341208
0.8, 0.344997, 0.3, 0.7, 0.340731
0.8, 0.33731, 0.3, 0.7, 0.336814
0.8, 0.345842, 0.3, 0.7, 0.343246
0.8, 0.335142, 0.3, 0.7, 0.33502
0.8, 0.346071, 0.3, 0.7, 0.344158
0.8, 0.34048, 0.3, 0.7, 0.342559
0.8, 0.352938, 0.3, 0.7, 0.350131
0.85, 0.148769, 0.15, 0.85, 0.155427
0.85, 0.163406, 0.15, 0.85, 0.161601
0.85, 0.157875, 0.15, 0.85, 0.158723
0.85, 0.159254, 0.15, 0.85, 0.156182
0.85, 0.161125, 0.15, 0.85, 0.157898
0.85, 0.154807, 0.15, 0.85, 0.153612
0.85, 0.149332, 0.15, 0.85, 0.151442
0.85, 0.15517, 0.15, 0.85, 0.152789
0.85, 0.149735, 0.15, 0.85, 0.151849
0.85, 0.152644, 0.15, 0.85, 0.153554
0.85, 0.151292, 0.15, 0.85, 0.152204
0.85, 0.158409, 0.15, 0.85, 0.155593
0.85, 0.149968, 0.15, 0.85, 0.151468
0.85, 0.158377, 0.15, 0.85, 0.157496
0.85, 0.151618, 0.15, 0.85, 0.14979
0.85, 0.160433, 0.15, 0.85, 0.158648
0.85, 0.155167, 0.15, 0.85, 0.151594
0.85, 0.158413, 0.15, 0.85, 0.153744
0.85, 0.153199, 0.15, 0.85, 0.155979
0.85, 0.146007, 0.15, 0.85, 0.146763
0.85, 0.151648, 0.15, 0.85, 0.152446
0.85, 0.159132, 0.15, 0.85, 0.159203
0.85, 0.154396, 0.15, 0.85, 0.15385
0.85, 0.162223, 0.15, 0.85, 0.161982
0.85, 0.151057, 0.15, 0.85, 0.151344
0.85, 0.1608, 0.16, 0.84, 0.161529
0.85, 0.161765, 0.16, 0.84, 0.166703
0.85, 0.173912, 0.16, 0.84, 0.169471
0.85, 0.167708, 0.16, 0.84, 0.165641
0.85, 0.166861, 0.16, 0.84, 0.166621
0.85, 0.160301, 0.16, 0.84, 0.164133
0.85, 0.168024, 0.16, 0.84, 0.166373
0.85, 0.15941, 0.16, 0.84, 0.161916
0.85, 0.168083, 0.16, 0.84, 0.170051
0.85, 0.170126, 0.16, 0.84, 0.170284
0.85, 0.158578, 0.16, 0.84, 0.162486
0.85, 0.157777, 0.16, 0.84, 0.159156
0.85, 0.165141, 0.16, 0.84, 0.165366
0.85, 0.169567, 0.16, 0.84, 0.170884
0.85, 0.159639, 0.16, 0.84, 0.158012
0.85, 0.160494, 0.16, 0.84, 0.161789
0.85, 0.167595, 0.16, 0.84, 0.167872
0.85, 0.173568, 0.16, 0.84, 0.167675
0.85, 0.155134, 0.16, 0.84, 0.155146
0.85, 0.167182, 0.16, 0.84, 0.166658
0.85, 0.160483, 0.16, 0.84, 0.163728
0.85, 0.16415, 0.16, 0.84, 0.16653
0.85, 0.156074, 0.16, 0.84, 0.162973
0.85, 0.157144, 0.16, 0.84, 0.161755
0.85, 0.163473, 0.16, 0.84, 0.165908
0.85, 0.179325, 0.17, 0.83, 0.17798
0.85, 0.180661, 0.17, 0.83, 0.177358
0.85, 0.184418, 0.17, 0.83, 0.180049
0.85, 0.174351, 0.17, 0.83, 0.17415
0.85, 0.174805, 0.17, 0.83, 0.176319
0.85, 0.176894, 0.17, 0.83, 0.175934
0.85, 0.180888, 0.17, 0.83, 0.176877
0.85, 0.17813, 0.17, 0.83, 0.174068
0.85, 0.174502, 0.17, 0.83, 0.178593
0.85, 0.169888, 0.17, 0.83, 0.172503
0.85, 0.179921, 0.17, 0.83, 0.181562
0.85, 0.171206, 0.17, 0.83, 0.173248
0.85, 0.180138, 0.17, 0.83, 0.177721
0.85, 0.167785, 0.17, 0.83, 0.169903
0.85, 0.175977, 0.17, 0.83, 0.178018
0.85, 0.181371, 0.17, 0.83, 0.179877
0.85, 0.18233, 0.17, 0.83, 0.17931
0.85, 0.177612, 0.17, 0.83, 0.175823
0.85, 0.184649, 0.17, 0.83, 0.182945
0.85, 0.173002, 0.17, 0.83, 0.174019
0.85, 0.178489, 0.17, 0.83, 0.180642
0.85, 0.171833, 0.17, 0.83, 0.173782
0.85, 0.168306, 0.17, 0.83, 0.175502
0.85, 0.176736, 0.17, 0.83, 0.177654
0.85, 0.172053, 0.17, 0.83, 0.172342
0.85, 0.187755, 0.18, 0.82, 0.188408
0.85, 0.185706, 0.18, 0.82, 0.18814
0.85, 0.184903, 0.18, 0.82, 0.18951
0.85, 0.18505, 0.18, 0.82, 0.187141
0.85, 0.189215, 0.18, 0.82, 0.188601
0.85, 0.188838, 0.18, 0.82, 0.186266
0.85, 0.178686, 0.18, 0.82, 0.18453
0.85, 0.188795, 0.18, 0.82, 0.189246
0.85, 0.187602, 0.18, 0.82, 0.191974
0.85, 0.189815, 0.18, 0.82, 0.185876
0.85, 0.19172, 0.18, 0.82, 0.193556
0.85, 0.180047, 0.18, 0.82, 0.183303
0.85, 0.183744, 0.18, 0.82, 0.186667
0.85, 0.188799, 0.18, 0.82, 0.188147
0.85, 0.191251, 0.18, 0.82, 0.192254
0.85, 0.18379, 0.18, 0.82, 0.186631
0.85, 0.183533, 0.18, 0.82, 0.187097
0.85, 0.190174, 0.18, 0.82, 0.189606
0.85, 0.181908, 0.18, 0.82, 0.188225
0.85, 0.188357, 0.18, 0.82, 0.186536
0.85, 0.178056, 0.18, 0.82, 0.181713
0.85, 0.183049, 0.18, 0.82, 0.185975
0.85, 0.195264, 0.18, 0.82, 0.193234
0.85, 0.186512, 0.18, 0.82, 0.191763
0.85, 0.19, 0.18, 0.82, 0.190458
0.85, 0.197728, 0.19, 0.81, 0.20135
0.85, 0.201012, 0.19, 0.81, 0.202305
0.85, 0.20124, 0.19, 0.81, 0.202452
0.85, 0.199561, 0.19, 0.81, 0.199304
0.85, 0.189812, 0.19, 0.81, 0.197371
0.85, 0.201244, 0.19, 0.81, 0.204552
0.85, 0.194821, 0.19, 0.81, 0.200589
0.85, 0.196321, 0.19, 0.81, 0.197015
0.85, 0.206577, 0.19, 0.81, 0.199
0.85, 0.19807, 0.19, 0.81, 0.201369
0.85, 0.198406, 0.19, 0.81, 0.199421
0.85, 0.194134, 0.19, 0.81, 0.19677
0.85, 0.198322, 0.19, 0.81, 0.198829
0.85, 0.198361, 0.19, 0.81, 0.197929
0.85, 0.197973, 0.19, 0.81, 0.199779
0.85, 0.209144, 0.19, 0.81, 0.205
0.85, 0.201117, 0.19, 0.81, 0.201672
0.85, 0.19366, 0.19, 0.81, 0.19875
0.85, 0.200533, 0.19, 0.81, 0.198637
0.85, 0.205685, 0.19, 0.81, 0.203233
0.85, 0.201602, 0.19, 0.81, 0.203267
0.85, 0.202818, 0.19, 0.81, 0.202825
0.85, 0.211888, 0.19, 0.81, 0.208973
0.85, 0.19411, 0.19, 0.81, 0.197724
0.85, 0.205613, 0.19, 0.81, 0.20362
0.85, 0.21382, 0.2, 0.8, 0.213265
0.85, 0.21421, 0.2, 0.8, 0.208547
0.85, 0.204727, 0.2, 0.8, 0.207509
0.85, 0.209613, 0.2, 0.8, 0.204854
0.85, 0.217786, 0.2, 0.8, 0.218107
0.85, 0.216134, 0.2, 0.8, 0.216184
0.85, 0.212493, 0.2, 0.8, 0.215101
0.85, 0.20945, 0.2, 0.8, 0.211528
0.85, 0.214507, 0.2, 0.8, 0.217286
0.85, 0.208322, 0.2, 0.8, 0.208067
0.85, 0.21699, 0.2, 0.8, 0.215296
0.85, 0.212124, 0.2, 0.8, 0.21345
0.85, 0.208493, 0.2, 0.8, 0.210709
0.85, 0.212153, 0.2, 0.8, 0.212823
0.85, 0.210492, 0.2, 0.8, 0.210881
0.85, 0.214467, 0.2, 0.8, 0.21437
0.85, 0.211563, 0.2, 0.8, 0.210788
0.85, 0.206256, 0.2, 0.8, 0.206879
0.85, 0.211654, 0.2, 0.8, 0.20877
0.85, 0.216281, 0.2, 0.8, 0.2183
0.85, 0.212184, 0.2, 0.8, 0.21332
0.85, 0.212096, 0.2, 0.8, 0.212281
0.85, 0.216123, 0.2, 0.8, 0.211222
0.85, 0.208513, 0.2, 0.8, 0.211132
0.85, 0.209814, 0.2, 0.8, 0.208451
0.85, 0.215729, 0.21, 0.79, 0.222216
0.85, 0.21783, 0.21, 0.79, 0.222285
0.85, 0.237963, 0.21, 0.79, 0.229834
0.85, 0.229496, 0.21, 0.79, 0.224975
0.85, 0.223024, 0.21, 0.79, 0.222699
0.85, 0.222526, 0.21, 0.79, 0.225525
0.85, 0.220496, 0.21, 0.79, 0.220652
0.85, 0.218909, 0.21, 0.79, 0.218877
0.85, 0.230041, 0.21, 0.79, 0.22998
0.85, 0.226053, 0.21, 0.79, 0.225841
0.85, 0.222667, 0.21, 0.79, 0.221685
0.85, 0.211146, 0.21, 0.79, 0.221422
0.85, 0.226428, 0.21, 0.79, 0.226649
0.85, 0.221581, 0.21, 0.79, 0.224377
0.85, 0.225116, 0.21, 0.79, 0.224927
0.85, 0.221607, 0.21, 0.79, 0.221857
0.85, 0.222451, 0.21, 0.79, 0.224873
0.85, 0.236491, 0.21, 0.79, 0.233927
0.85, 0.224101, 0.21, 0.79, 0.223843
0.85, 0.225045, 0.21, 0.79, 0.226546
0.85, 0.231601, 0.21, 0.79, 0.224973
0.85, 0.220531, 0.21, 0.79, 0.228441
0.85, 0.23493, 0.21, 0.79, 0.232608
0.85, 0.217454, 0.21, 0.79, 0.223786
0.85, 0.224086, 0.21, 0.79, 0.225468
0.85, 0.229406, 0.22, 0.78, 0.236279
0.85, 0.24371, 0.22, 0.78, 0.245525
0.85, 0.241965, 0.22, 0.78, 0.236094
0.85, 0.23998, 0.22, 0.78, 0.237045
0.85, 0.227953, 0.22, 0.78, 0.231877
0.85, 0.239362, 0.22, 0.78, 0.238873
0.85, 0.242901, 0.22, 0.78, 0.237939
0.85, 0.240251, 0.22, 0.78, 0.238848
0.85, 0.242834, 0.22, 0.78, 0.242494
0.85, 0.235002, 0.22, 0.78, 0.239055
0.85, 0.22988, 0.22, 0.78, 0.232689
0.85, 0.234626, 0.22, 0.78, 0.236091
0.85, 0.240273, 0.22, 0.78, 0.235743
0.85, 0.244939, 0.22, 0.78, 0.240794
0.85, 0.236061, 0.22, 0.78, 0.237316
0.85, 0.239772, 0.22, 0.78, 0.237025
0.85, 0.237458, 0.22, 0.78, 0.236125
0.85, 0.240077, 0.22, 0.78, 0.236933
0.85, 0.240476, 0.22, 0.78, 0.243355
0.85, 0.235755, 0.22, 0.78, 0.238308
0.85, 0.239322, 0.22, 0.78, 0.239629
0.85, 0.240658, 0.22, 0.78, 0.238655
0.85, 0.230467, 0.22, 0.78, 0.234908
0.85, 0.240242, 0.22, 0.78, 0.239957
0.85, 0.232653, 0.22, 0.78, 0.232933
0.85, 0.247642, 0.23, 0.77, 0.25007
0.85, 0.252964, 0.23, 0.77, 0.253445
0.85, 0.251304, 0.23, 0.77, 0.247925
0.85, 0.246765, 0.23, 0.77, 0.252254
0.85, 0.248952, 0.23, 0.77, 0.250662
0.85, 0.245573, 0.23, 0.77, 0.250339
0.85, 0.250516, 0.23, 0.77, 0.252866
0.85, 0.251068, 0.23, 0.77, 0.24596
0.85, 0.242935, 0.23, 0.77, 0.24438
0.85, 0.251524, 0.23, 0.77, 0.256025
0.85, 0.25463, 0.23, 0.77, 0.252234
0.85, 0.250514, 0.23, 0.77, 0.248716
0.85, 0.246468, 0.23, 0.77, 0.250849
0.85, 0.249198, 0.23, 0.77, 0.253428
0.85, 0.250486, 0.23, 0.77, 0.251687
0.85, 0.241282, 0.23, 0.77, 0.243074
0.85, 0.24875, 0.23, 0.77, 0.250726
0.85, 0.253462, 0.23, 0.77, 0.253095
0.85, 0.260753, 0.23, 0.77, 0.250128
0.85, 0.258563, 0.23, 0.77, 0.254716
0.85, 0.249995, 0.23, 0.77, 0.252063
0.85, 0.248275, 0.23, 0.77, 0.24682
0.85, 0.243724, 0.23, 0.77, 0.24523
0.85, 0.247376, 0.23, 0.77, 0.244987
0.85, 0.253344, 0.23, 0.77, 0.252433
0.85, 0.269286, 0.24, 0.76, 0.265171
0.85, 0.263308, 0.24, 0.76, 0.263281
0.85, 0.261849, 0.24, 0.76, 0.260434
0.85, 0.270065, 0.24, 0.76, 0.267297
0.85, 0.261514, 0.24, 0.76, 0.263364
0.85, 0.264159, 0.24, 0.76, 0.263602
0.85, 0.265104, 0.24, 0.76, 0.263306
0.85, 0.262503, 0.24, 0.76, 0.263309
0.85, 0.258482, 0.24, 0.76, 0.26325
0.85, 0.258176, 0.24, 0.76, 0.266324
0.85, 0.265943, 0.24, 0.76, 0.265506
0.85, 0.269365, 0.24, 0.76, 0.272096
0.85, 0.251621, 0.24, 0.76, 0.253835
0.85, 0.258829, 0.24, 0.76, 0.257757
0.85, 0.267853, 0.24, 0.76, 0.265236
0.85, 0.257315, 0.24, 0.76, 0.261366
0.85, 0.260726, 0.24, 0.76, 0.26391
0.85, 0.267083, 0.24, 0.76, 0.267202
0.85, 0.269003, 0.24, 0.76, 0.266259
0.85, 0.265075, 0.24, 0.76, 0.263746
0.85, 0.262889, 0.24, 0.76, 0.264815
0.85, 0.263533, 0.24, 0.76, 0.261643
0.85, 0.268101, 0.24, 0.76, 0.266883
0.85, 0.256361, 0.24, 0.76, 0.260644
0.85, 0.266697, 0.24, 0.76, 0.264233
0.85, 0.275355, 0.25, 0.75, 0.2808
0.85, 0.277478, 0.25, 0.75, 0.273938
0.85, 0.272735, 0.25, 0.75, 0.273585
0.85, 0.272649, 0.25, 0.75, 0.274545
0.85, 0.276416, 0.25, 0.75, 0.275557
0.85, 0.262581, 0.25, 0.75, 0.270098
0.85, 0.280477, 0.25, 0.75, 0.28181
0.85, 0.281832, 0.25, 0.75, 0.27829
0.85, 0.275065, 0.25, 0.75, 0.273597
0.85, 0.278083, 0.25, 0.75, 0.277384
0.85, 0.276938, 0.25, 0.75, 0.276715
0.85, 0.259463, 0.25, 0.75, 0.267554
0.85, 0.278178, 0.25, 0.75, 0.277816
0.85, 0.279136, 0.25, 0.75, 0.275229
0.85, 0.274145, 0.25, 0.75, 0.279498
0.85, 0.286637, 0.25, 0.75, 0.282387
0.85, 0.271202, 0.25, 0.75, 0.272268
0.85, 0.281955, 0.25, 0.75, 0.28068
0.85, 0.276184, 0.25, 0.75, 0.27417
0.85, 0.270363, 0.25, 0.75, 0.274042
0.85, 0.271749, 0.25, 0.75, 0.275703
0.85, 0.268607, 0.25, 0.75, 0.272224
0.85, 0.27379, 0.25, 0.75, 0.277196
0.85, 0.270022, 0.25, 0.75, 0.276081
0.85, 0.273082, 0.25, 0.75, 0.275659
0.85, 0.283191, 0.26, 0.74, 0.289132
0.85, 0.2886, 0.26, 0.74, 0.283902
0.85, 0.293683, 0.26, 0.74, 0.290287
0.85, 0.286858, 0.26, 0.74, 0.294253
0.85, 0.28825, 0.26, 0.74, 0.286375
0.85, 0.290755, 0.26, 0.74, 0.289006
0.85, 0.283777, 0.26, 0.74, 0.285278
0.85, 0.29129, 0.26, 0.74, 0.290047
0.85, 0.289778, 0.26, 0.74, 0.291698
0.85, 0.29, 0.26, 0.74, 0.288097
0.85, 0.283067, 0.26, 0.74, 0.285214
0.85, 0.284329, 0.26, 0.74, 0.286136
0.85, 0.28581, 0.26, 0.74, 0.28733
0.85, 0.288536, 0.26, 0.74, 0.290388
0.85, 0.269877, 0.26, 0.74, 0.280403
0.85, 0.289078, 0.26, 0.74, 0.289848
0.85, 0.293419, 0.26, 0.74, 0.294835
0.85, 0.288517, 0.26, 0.74, 0.288341
0.85, 0.283624, 0.26, 0.74, 0.286527
0.85, 0.289312, 0.26, 0.74, 0.293785
0.85, 0.290992, 0.26, 0.74, 0.29134
0.85, 0.289818, 0.26, 0.74, 0.287207
0.85, 0.286534, 0.26, 0.74, 0.288772
0.85, 0.290351, 0.26, 0.74, 0.291335
0.85, 0.293861, 0.26, 0.74, 0.29459
0.85, 0.297042, 0.27, 0.73, 0.300313
0.85, 0.303906, 0.27, 0.73, 0.303638
0.85, 0.294983, 0.27, 0.73, 0.298952
0.85, 0.292081, 0.27, 0.73, 0.296469
0.85, 0.299057, 0.27, 0.73, 0.296089
0.85, 0.304661, 0.27, 0.73, 0.310273
0.85, 0.303215, 0.27, 0.73, 0.303924
0.85, 0.30604, 0.27, 0.73, 0.307765
0.85, 0.30727, 0.27, 0.73, 0.297558
0.85, 0.303668, 0.27, 0.73, 0.306805
0.85, 0.298162, 0.27, 0.73, 0.300445
0.85, 0.29792, 0.27, 0.73, 0.306276
0.85, 0.298586, 0.27, 0.73, 0.298772
0.85, 0.301452, 0.27, 0.73, 0.304309
0.85, 0.296615, 0.27, 0.73, 0.300952
0.85, 0.305368, 0.27, 0.73, 0.30675
0.85, 0.304005, 0.27, 0.73, 0.304503
0.85, 0.30404, 0.27, 0.73, 0.300723
0.85, 0.301412, 0.27, 0.73, 0.309027
0.85, 0.305687, 0.27, 0.73, 0.307419
0.85, 0.307295, 0.27, 0.73, 0.302898
0.85, 0.296358, 0.27, 0.73, 0.301189
0.85, 0.30766, 0.27, 0.73, 0.304552
0.85, 0.310768, 0.27, 0.73, 0.309532
0.85, 0.29793, 0.27, 0.73, 0.297529
0.85, 0.307188, 0.28, 0.72, 0.310102
0.85, 0.325635, 0.28, 0.72, 0.327589
0.85, 0.319576, 0.28, 0.72, 0.317966
0.85, 0.307684, 0.28, 0.72, 0.313035
0.85, 0.318373, 0.28, 0.72, 0.317739
0.85, 0.326526, 0.28, 0.72, 0.323564
0.85, 0.316694, 0.28, 0.72, 0.317673
0.85, 0.317092, 0.28, 0.72, 0.322556
0.85, 0.319904, 0.28, 0.72, 0.321816
0.85, 0.320561, 0.28, 0.72, 0.315367
0.85, 0.308635, 0.28, 0.72, 0.314214
0.85, 0.327193, 0.28, 0.72, 0.323228
0.85, 0.318866, 0.28, 0.72, 0.317858
0.85, 0.319068, 0.28, 0.72, 0.316938
0.85, 0.327154, 0.28, 0.72, 0.321062
0.85, 0.315046, 0.28, 0.72, 0.319374
0.85, 0.313156, 0.28, 0.72, 0.31405
0.85, 0.321588, 0.28, 0.72, 0.318203
0.85, 0.323029, 0.28, 0.72, 0.323767
0.85, 0.32489, 0.28, 0.72, 0.325835
0.85, 0.331923, 0.28, 0.72, 0.331954
0.85, 0.319634, 0.28, 0.72, 0.320743
0.85, 0.312739, 0.28, 0.72, 0.316146
0.85, 0.31307, 0.28, 0.72, 0.311253
0.85, 0.314041, 0.28, 0.72, 0.31504
0.85, 0.332155, 0.29, 0.71, 0.328502
0.85, 0.338898, 0.29, 0.71, 0.33693
0.85, 0.331322, 0.29, 0.71, 0.327448
0.85, 0.334502, 0.29, 0.71, 0.335853
0.85, 0.338461, 0.29, 0.71, 0.336422
0.85, 0.329633, 0.29, 0.71, 0.327272
0.85, 0.345479, 0.29, 0.71, 0.342591
0.85, 0.324512, 0.29, 0.71, 0.328146
0.85, 0.330086, 0.29, 0.71, 0.325125
0.85, 0.333836, 0.29, 0.71, 0.331481
0.85, 0.332016, 0.29, 0.71, 0.335885
0.85, 0.331634, 0.29, 0.71, 0.329677
0.85, 0.32734, 0.29, 0.71, 0.329282
0.85, 0.333491, 0.29, 0.71, 0.335682
0.85, 0.314541, 0.29, 0.71, 0.323427
0.85, 0.324692, 0.29, 0.71, 0.329975
0.85, 0.340787, 0.29, 0.71, 0.342472
0.85, 0.327474, 0.29, 0.71, 0.334766
0.85, 0.337305, 0.29, 0.71, 0.334363
0.85, 0.332847, 0.29, 0.71, 0.337037
0.85, 0.32986, 0.29, 0.71, 0.3298
0.85, 0.32752, 0.29, 0.71, 0.325126
0.85, 0.325657, 0.29, 0.71, 0.324638
0.85, 0.332781, 0.29, 0.71, 0.331967
0.85, 0.328146, 0.29, 0.71, 0.3348
0.85, 0.341094, 0.3, 0.7, 0.345796
0.85, 0.33134, 0.3, 0.7, 0.335345
0.85, 0.340794, 0.3, 0.7, 0.338866
0.85, 0.350524, 0.3, 0.7, 0.353891
0.85, 0.343816, 0.3, 0.7, 0.341774
0.85, 0.338005, 0.3, 0.7, 0.345656
0.85, 0.348194, 0.3, 0.7, 0.348334
0.85, 0.348814, 0.3, 0.7, 0.346181
0.85, 0.34994, 0.3, 0.7, 0.353914
0.85, 0.34785, 0.3, 0.7, 0.352878
0.85, 0.351945, 0.3, 0.7, 0.350533
0.85, 0.350859, 0.3, 0.7, 0.346182
0.85, 0.342759, 0.3, 0.7, 0.342031
0.85, 0.352038, 0.3, 0.7, 0.349727
0.85, 0.345395, 0.3, 0.7, 0.350018
0.85, 0.335651, 0.3, 0.7, 0.340688
0.85, 0.343663, 0.3, 0.7, 0.344353
0.85, 0.351381, 0.3, 0.7, 0.346133
0.85, 0.342802, 0.3, 0.7, 0.348856
0.85, 0.359295, 0.3, 0.7, 0.357759
0.85, 0.354251, 0.3, 0.7, 0.354942
0.85, 0.343918, 0.3, 0.7, 0.347487
0.85, 0.352517, 0.3, 0.7, 0.344201
0.85, 0.346264, 0.3, 0.7, 0.348403
0.85, 0.34945, 0.3, 0.7, 0.343201
0.9, 0.150905, 0.15, 0.85, 0.151341
0.9, 0.153563, 0.15, 0.85, 0.155824
0.9, 0.152343, 0.15, 0.85, 0.154805
0.9, 0.1487, 0.15, 0.85, 0.150409
0.9, 0.156066, 0.15, 0.85, 0.153096
0.9, 0.159282, 0.15, 0.85, 0.160467
0.9, 0.165547, 0.15, 0.85, 0.162046
0.9, 0.15854, 0.15, 0.85, 0.158883
0.9, 0.154963, 0.15, 0.85, 0.157736
0.9, 0.163386, 0.15, 0.85, 0.161715
0.9, 0.159614, 0.15, 0.85, 0.162327
0.9, 0.162617, 0.15, 0.85, 0.157197
0.9, 0.15407, 0.15, 0.85, 0.153969
0.9, 0.154908, 0.15, 0.85, 0.155145
0.9, 0.151601, 0.15, 0.85, 0.152634
0.9, 0.154286, 0.15, 0.85, 0.157154
0.9, 0.160542, 0.15, 0.85, 0.16058
0.9, 0.157041, 0.15, 0.85, 0.15597
0.9, 0.163852, 0.15, 0.85, 0.156886
0.9, 0.1599, 0.15, 0.85, 0.158087
0.9, 0.151829, 0.15, 0.85, 0.151929
0.9, 0.155035, 0.15, 0.85, 0.159378
0.9, 0.158471, 0.15, 0.85, 0.157214
0.9, 0.156934, 0.15, 0.85, 0.157628
0.9, 0.157757, 0.15, 0.85, 0.159431
0.9, 0.171732, 0.16, 0.84, 0.166327
0.9, 0.166386, 0.16, 0.84, 0.168103
0.9, 0.161816, 0.16, 0.84, 0.163666
0.9, 0.165295, 0.16, 0.84, 0.166959
0.9, 0.166399, 0.16, 0.84, 0.168108
0.9, 0.171508, 0.16, 0.84, 0.170197
0.9, 0.168577, 0.16, 0.84, 0.167733
0.9, 0.169575, 0.16, 0.84, 0.16952
0.9, 0.168076, 0.16, 0.84, 0.17033
0.9, 0.167895, 0.16, 0.84, 0.167458
0.9, 0.171917, 0.16, 0.84, 0.173947
0.9, 0.173019, 0.16, 0.84, 0.17564
0.9, 0.159732, 0.16, 0.84, 0.167778
0.9, 0.169511, 0.16, 0.84, 0.168209
0.9, 0.165325, 0.16, 0.84, 0.166272
0.9, 0.164068, 0.16, 0.84, 0.167755
0.9, 0.172488, 0.16, 0.84, 0.171811
0.9, 0.16273, 0.16, 0.84, 0.165854
0.9, 0.175151, 0.16, 0.84, 0.172254
0.9, 0.170893, 0.16, 0.84, 0.170398
0.9, 0.168422, 0.16, 0.84, 0.168119
0.9, 0.169174, 0.16, 0.84, 0.171245
0.9, 0.169162, 0.16, 0.84, 0.169477
0.9, 0.168179, 0.16, 0.84, 0.169599
0.9, 0.162187, 0.16, 0.84, 0.167804
0.9, 0.174584, 0.17, 0.83, 0.176915
0.9, 0.180323, 0.17, 0.83, 0.177665
0.9, 0.179716, 0.17, 0.83, 0.180994
0.9, 0.17958, 0.17, 0.83, 0.185513
0.9, 0.173399, 0.17, 0.83, 0.174469
0.9, 0.174691, 0.17, 0.83, 0.176577
0.9, 0.17817, 0.17, 0.83, 0.182647
0.9, 0.180117, 0.17, 0.83, 0.178681
0.9, 0.178717, 0.17, 0.83, 0.181704
0.9, 0.180462, 0.17, 0.83, 0.178874
0.9, 0.180054, 0.17, 0.83, 0.179924
0.9, 0.179454, 0.17, 0.83, 0.182137
0.9, 0.173056, 0.17, 0.83, 0.175902
0.9, 0.179255, 0.17, 0.83, 0.179453
0.9, 0.179408, 0.17, 0.83, 0.177861
0.9, 0.176934, 0.17, 0.83, 0.179262
0.9, 0.181351, 0.17, 0.83, 0.181743
0.9, 0.183749, 0.17, 0.83, 0.184489
0.9, 0.181838, 0.17, 0.83, 0.182543
0.9, 0.177936, 0.17, 0.83, 0.180742
0.9, 0.179647, 0.17, 0.83, 0.182212
0.9, 0.178968, 0.17, 0.83, 0.185751
0.9, 0.184866, 0.17, 0.83, 0.183968
0.9, 0.178544, 0.17, 0.83, 0.17989
0.9, 0.183497, 0.17, 0.83, 0.187315
0.9, 0.189837, 0.18, 0.82, 0.188268
0.9, 0.190114, 0.18, 0.82, 0.188796
0.9, 0.197022, 0.18, 0.82, 0.200862
0.9, 0.196086, 0.18, 0.82, 0.195592
0.9, 0.196207, 0.18, 0.82, 0.196394
0.9, 0.193013, 0.18, 0.82, 0.192151
0.9, 0.179621, 0.18, 0.82, 0.185945
0.9, 0.192246, 0.18, 0.82, 0.188796
0.9, 0.198075, 0.18, 0.82, 0.197922
0.9, 0.205764, 0.18, 0.82, 0.2019
0.9, 0.195, 0.18, 0.82, 0.195879
0.9, 0.193247, 0.18, 0.82, 0.194904
0.9, 0.197001, 0.18, 0.82, 0.196399
0.9, 0.190983, 0.18, 0.82, 0.190542
0.9, 0.194518, 0.18, 0.82, 0.195099
0.9, 0.190076, 0.18, 0.82, 0.193441
0.9, 0.192589, 0.18, 0.82, 0.191036
0.9, 0.185094, 0.18, 0.82, 0.185725
0.9, 0.196249, 0.18, 0.82, 0.193209
0.9, 0.190444, 0.18, 0.82, 0.19284
0.9, 0.194895, 0.18, 0.82, 0.198029
0.9, 0.197671, 0.18, 0.82, 0.199722
0.9, 0.201616, 0.18, 0.82, 0.196751
0.9, 0.189251, 0.18, 0.82, 0.191772
0.9, 0.191906, 0.18, 0.82, 0.194882
0.9, 0.205966, 0.19, 0.81, 0.203739
0.9, 0.198706, 0.19, 0.81, 0.205518
0.9, 0.18904, 0.19, 0.81, 0.194516
0.9, 0.202729, 0.19, 0.81, 0.204538
0.9, 0.212344, 0.19, 0.81, 0.210683
0.9, 0.192259, 0.19, 0.81, 0.197833
0.9, 0.206059, 0.19, 0.81, 0.205104
0.9, 0.200371, 0.19, 0.81, 0.198619
0.9, 0.204553, 0.19, 0.81, 0.205933
0.9, 0.202113, 0.19, 0.81, 0.203907
0.9, 0.209752, 0.19, 0.81, 0.205842
0.9, 0.207854, 0.19, 0.81, 0.208085
0.9, 0.204636, 0.19, 0.81, 0.207372
0.9, 0.202807, 0.19, 0.81, 0.203112
0.9, 0.204133, 0.19, 0.81, 0.206581
0.9, 0.20333, 0.19, 0.81, 0.206094
0.9, 0.20402, 0.19, 0.81, 0.205419
0.9, 0.203474, 0.19, 0.81, 0.202672
0.9, 0.202151, 0.19, 0.81, 0.202461
0.9, 0.199368, 0.19, 0.81, 0.200952
0.9, 0.207009, 0.19, 0.81, 0.20437
0.9, 0.206349, 0.19, 0.81, 0.206096
0.9, 0.205759, 0.19, 0.81, 0.204013
0.9, 0.201604, 0.19, 0.81, 0.204122
0.9, 0.201444, 0.19, 0.81, 0.203994
0.9, 0.215877, 0.2, 0.8, 0.217181
0.9, 0.223604, 0.2, 0.8, 0.218259
0.9, 0.212794, 0.2, 0.8, 0.212007
0.9, 0.219837, 0.2, 0.8, 0.218324
0.9, 0.221753, 0.2, 0.8, 0.217937
0.9, 0.218809, 0.2, 0.8, 0.220717
0.9, 0.212971, 0.2, 0.8, 0.21717
0.9, 0.219269, 0.2, 0.8, 0.215346
0.9, 0.215862, 0.2, 0.8, 0.216812
0.9, 0.217319, 0.2, 0.8, 0.217727
0.9, 0.215703, 0.2, 0.8, 0.216009
0.9, 0.224409, 0.2, 0.8, 0.220213
0.9, 0.217694, 0.2, 0.8, 0.219031
0.9, 0.213263, 0.2, 0.8, 0.216234
0.9, 0.209601, 0.2, 0.8, 0.215493
0.9, 0.209856, 0.2, 0.8, 0.214005
0.9, 0.215927, 0.2, 0.8, 0.213746
0.9, 0.213223, 0.2, 0.8, 0.21912
0.9, 0.215333, 0.2, 0.8, 0.214758
0.9, 0.220563, 0.2, 0.8, 0.216398
0.9, 0.214348, 0.2, 0.8, 0.214378
0.9, 0.213411, 0.2, 0.8, 0.215233
0.9, 0.220629, 0.2, 0.8, 0.222204
0.9, 0.221043, 0.2, 0.8, 0.219128
0.9, 0.215815, 0.2, 0.8, 0.21264
0.9, 0.219039, 0.21, 0.79, 0.228474
0.9, 0.217562, 0.21, 0.79, 0.22125
0.9, 0.233326, 0.21, 0.79, 0.23483
0.9, 0.228515, 0.21, 0.79, 0.226706
0.9, 0.232681, 0.21, 0.79, 0.230246
0.9, 0.229454, 0.21, 0.79, 0.222773
0.9, 0.223914, 0.21, 0.79, 0.222963
0.9, 0.221679, 0.21, 0.79, 0.226563
0.9, 0.227751, 0.21, 0.79, 0.227465
0.9, 0.223407, 0.21, 0.79, 0.226998
0.9, 0.226519, 0.21, 0.79, 0.231419
0.9, 0.224633, 0.21, 0.79, 0.220366
0.9, 0.236518, 0.21, 0.79, 0.230016
0.9, 0.233859, 0.21, 0.79, 0.232266
0.9, 0.228311, 0.21, 0.79, 0.228496
0.9, 0.229797, 0.21, 0.79, 0.227482
0.9, 0.231449, 0.21, 0.79, 0.232603
0.9, 0.238181, 0.21, 0.79, 0.231142
0.9, 0.231325, 0.21, 0.79, 0.23223
0.9, 0.232119, 0.21, 0.79, 0.232665
0.9, 0.230001, 0.21, 0.79, 0.228634
0.9, 0.233351, 0.21, 0.79, 0.234411
0.9, 0.234242, 0.21, 0.79, 0.228544
0.9, 0.228624, 0.21, 0.79, 0.231282
0.9, 0.229975, 0.21, 0.79, 0.230058
0.9, 0.242243, 0.22, 0.78, 0.239748
0.9, 0.239336, 0.22, 0.78, 0.241024
0.9, 0.239944, 0.22, 0.78, 0.239595
0.9, 0.245908, 0.22, 0.78, 0.242374
0.9, 0.242862, 0.22, 0.78, 0.239955
0.9, 0.249264, 0.22, 0.78, 0.24926
0.9, 0.240302, 0.22, 0.78, 0.240252
0.9, 0.240091, 0.22, 0.78, 0.240259
0.9, 0.24546, 0.22, 0.78, 0.243961
0.9, 0.235272, 0.22, 0.78, 0.241665
0.9, 0.241089, 0.22, 0.78, 0.243433
0.9, 0.245298, 0.22, 0.78, 0.243992
0.9, 0.237937, 0.22, 0.78, 0.241829
0.9, 0.241623, 0.22, 0.78, 0.242321
0.9, 0.243456, 0.22, 0.78, 0.238391
0.9, 0.237977, 0.22, 0.78, 0.239839
0.9, 0.248511, 0.22, 0.78, 0.244622
0.9, 0.24552, 0.22, 0.78, 0.248482
0.9, 0.236784, 0.22, 0.78, 0.237369
0.9, 0.239156, 0.22, 0.78, 0.241102
0.9, 0.242155, 0.22, 0.78, 0.243507
0.9, 0.240879, 0.22, 0.78, 0.240149
0.9, 0.238677, 0.22, 0.78, 0.239968
0.9, 0.248635, 0.22, 0.78, 0.248177
0.9, 0.234082, 0.22, 0.78, 0.236636
0.9, 0.262178, 0.23, 0.77, 0.261552
0.9, 0.248933, 0.23, 0.77, 0.25401
0.9, 0.258102, 0.23, 0.77, 0.252765
0.9, 0.245164, 0.23, 0.77, 0.24871
0.9, 0.250983, 0.23, 0.77, 0.249914
0.9, 0.247014, 0.23, 0.77, 0.255332
0.9, 0.249265, 0.23, 0.77, 0.24796
0.9, 0.2456, 0.23, 0.77, 0.255651
0.9, 0.250329, 0.23, 0.77, 0.25401
0.9, 0.256936, 0.23, 0.77, 0.256982
0.9, 0.248575, 0.23, 0.77, 0.254094
0.9, 0.257932, 0.23, 0.77, 0.261996
0.9, 0.244295, 0.23, 0.77, 0.248539
0.9, 0.252394, 0.23, 0.77, 0.254531
0.9, 0.263087, 0.23, 0.77, 0.261071
0.9, 0.247508, 0.23, 0.77, 0.251249
0.9, 0.254681, 0.23, 0.77, 0.252795
0.9, 0.254613, 0.23, 0.77, 0.256508
0.9, 0.248631, 0.23, 0.77, 0.251136
0.9, 0.252121, 0.23, 0.77, 0.251995
0.9, 0.254334, 0.23, 0.77, 0.25506
0.9, 0.252153, 0.23, 0.77, 0.254373
0.9, 0.262821, 0.23, 0.77, 0.2566
0.9, 0.255329, 0.23, 0.77, 0.256758
0.9, 0.257422, 0.23, 0.77, 0.257018
0.9, 0.265835, 0.24, 0.76, 0.264175
0.9, 0.258716, 0.24, 0.76, 0.258581
0.9, 0.265449, 0.24, 0.76, 0.272488
0.9, 0.267934, 0.24, 0.76, 0.270362
0.9, 0.270769, 0.24, 0.76, 0.270636
0.9, 0.267435, 0.24, 0.76, 0.271833
0.9, 0.264209, 0.24, 0.76, 0.263354
0.9, 0.26809, 0.24, 0.76, 0.262826
0.9, 0.273503, 0.24, 0.76, 0.271721
0.9, 0.27153, 0.24, 0.76, 0.266633
0.9, 0.270428, 0.24, 0.76, 0.265241
0.9, 0.265958, 0.24, 0.76, 0.268794
0.9, 0.277163, 0.24, 0.76, 0.268909
0.9, 0.26034, 0.24, 0.76, 0.264871
0.9, 0.273065, 0.24, 0.76, 0.267857
0.9, 0.2725, 0.24, 0.76, 0.272784
0.9, 0.266878, 0.24, 0.76, 0.265555
0.9, 0.277209, 0.24, 0.76, 0.274801
0.9, 0.26488, 0.24, 0.76, 0.266788
0.9, 0.266551, 0.24, 0.76, 0.272557
0.9, 0.263897, 0.24, 0.76, 0.268458
0.9, 0.25874, 0.24, 0.76, 0.262663
0.9, 0.266226, 0.24, 0.76, 0.264936
0.9, 0.258752, 0.24, 0.76, 0.26132
0.9, 0.272527, 0.24, 0.76, 0.273599
0.9, 0.270094, 0.25, 0.75, 0.275734
0.9, 0.286073, 0.25, 0.75, 0.286796
0.9, 0.284323, 0.25, 0.75, 0.281798
0.9, 0.280441, 0.25, 0.75, 0.28037
0.9, 0.273978, 0.25, 0.75, 0.274091
0.9, 0.285784, 0.25, 0.75, 0.28715
0.9, 0.285831, 0.25, 0.75, 0.28598
0.9, 0.276961, 0.25, 0.75, 0.280545
0.9, 0.276339, 0.25, 0.75, 0.280485
0.9, 0.276832, 0.25, 0.75, 0.280474
0.9, 0.279131, 0.25, 0.75, 0.278168
0.9, 0.281711, 0.25, 0.75, 0.283908
0.9, 0.27294, 0.25, 0.75, 0.27863
0.9, 0.276991, 0.25, 0.75, 0.276198
0.9, 0.28354, 0.25, 0.75, 0.283117
0.9, 0.275764, 0.25, 0.75, 0.278117
0.9, 0.279211, 0.25, 0.75, 0.280536
0.9, 0.278209, 0.25, 0.75, 0.27987
0.9, 0.277746, 0.25, 0.75, 0.279266
0.9, 0.279382, 0.25, 0.75, 0.278385
0.9, 0.276374, 0.25, 0.75, 0.277527
0.9, 0.288509, 0.25, 0.75, 0.285924
0.9, 0.288776, 0.25, 0.75, 0.283057
0.9, 0.272425, 0.25, 0.75, 0.277694
0.9, 0.283105, 0.25, 0.75, 0.283881
0.9, 0.284492, 0.26, 0.74, 0.291845
0.9, 0.293754, 0.26, 0.74, 0.293486
0.9, 0.298223, 0.26, 0.74, 0.296559
0.9, 0.290563, 0.26, 0.74, 0.291623
0.9, 0.297, 0.26, 0.74, 0.295733
0.9, 0.296019, 0.26, 0.74, 0.288436
0.9, 0.299608, 0.26, 0.74, 0.295494
0.9, 0.292505, 0.26, 0.74, 0.295321
0.9, 0.286271, 0.26, 0.74, 0.28834
0.9, 0.294408, 0.26, 0.74, 0.29345
0.9, 0.289581, 0.26, 0.74, 0.29408
0.9, 0.296263, 0.26, 0.74, 0.294738
0.9, 0.297757, 0.26, 0.74, 0.294867
0.9, 0.298971, 0.26, 0.74, 0.295509
0.9, 0.29259, 0.26, 0.74, 0.296836
0.9, 0.290709, 0.26, 0.74, 0.292706
0.9, 0.297254, 0.26, 0.74, 0.294734
0.9, 0.298639, 0.26, 0.74, 0.297169
0.9, 0.295789, 0.26, 0.74, 0.297063
0.9, 0.30621, 0.26, 0.74, 0.303552
0.9, 0.287566, 0.26, 0.74, 0.29365
0.9, 0.297768, 0.26, 0.74, 0.297629
0.9, 0.296976, 0.26, 0.74, 0.297548
0.9, 0.292918, 0.26, 0.74, 0.296946
0.9, 0.292075, 0.26, 0.74, 0.29491
0.9, 0.301212, 0.27, 0.73, 0.3014
0.9, 0.309426, 0.27, 0.73, 0.311868
0.9, 0.302638, 0.27, 0.73, 0.297858
0.9, 0.305827, 0.27, 0.73, 0.305232
0.9, 0.302807, 0.27, 0.73, 0.301614
0.9, 0.31011, 0.27, 0.73, 0.305178
0.9, 0.299073, 0.27, 0.73, 0.30493
0.9, 0.301535, 0.27, 0.73, 0.307088
0.9, 0.315514, 0.27, 0.73, 0.321035
0.9, 0.307896, 0.27, 0.73, 0.305814
0.9, 0.306722, 0.27, 0.73, 0.310866
0.9, 0.308437, 0.27, 0.73, 0.309942
0.9, 0.306631, 0.27, 0.73, 0.311463
0.9, 0.304188, 0.27, 0.73, 0.308893
0.9, 0.311753, 0.27, 0.73, 0.309253
0.9, 0.312744, 0.27, 0.73, 0.317471
0.9, 0.300408, 0.27, 0.73, 0.306014
0.9, 0.303252, 0.27, 0.73, 0.306586
0.9, 0.307505, 0.27, 0.73, 0.308784
0.9, 0.298356, 0.27, 0.73, 0.299182
0.9, 0.302751, 0.27, 0.73, 0.305625
0.9, 0.303809, 0.27, 0.73, 0.303986
0.9, 0.308707, 0.27, 0.73, 0.316266
0.9, 0.314119, 0.27, 0.73, 0.309781
0.9, 0.312624, 0.27, 0.73, 0.314598
0.9, 0.329249, 0.28, 0.72, 0.320933
0.9, 0.327927, 0.28, 0.72, 0.325662
0.9, 0.32376, 0.28, 0.72, 0.317515
0.9, 0.316107, 0.28, 0.72, 0.31872
0.9, 0.319939, 0.28, 0.72, 0.31889
0.9, 0.316308, 0.28, 0.72, 0.322338
0.9, 0.320661, 0.28, 0.72, 0.318613
0.9, 0.335504, 0.28, 0.72, 0.331915
0.9, 0.329091, 0.28, 0.72, 0.324527
0.9, 0.32442, 0.28, 0.72, 0.326701
0.9, 0.327145, 0.28, 0.72, 0.322636
0.9, 0.318827, 0.28, 0.72, 0.322605
0.9, 0.322415, 0.28, 0.72, 0.315474
0.9, 0.320422, 0.28, 0.72, 0.317923
0.9, 0.322568, 0.28, 0.72, 0.322438
0.9, 0.313059, 0.28, 0.72, 0.318095
0.9, 0.325834, 0.28, 0.72, 0.326658
0.9, 0.326182, 0.28, 0.72, 0.325085
0.9, 0.316474, 0.28, 0.72, 0.319387
0.9, 0.320837, 0.28, 0.72, 0.320283
0.9, 0.328924, 0.28, 0.72, 0.321221
0.9, 0.32378, 0.28, 0.72, 0.320054
0.9, 0.328964, 0.28, 0.72, 0.322687
0.9, 0.318277, 0.28, 0.72, 0.318732
0.9, 0.314923, 0.28, 0.72, 0.318238
0.9, 0.331252, 0.29, 0.71, 0.331583
0.9, 0.337637, 0.29, 0.71, 0.337316
0.9, 0.337113, 0.29, 0.71, 0.334864
0.9, 0.324004, 0.29, 0.71, 0.331072
0.9, 0.334802, 0.29, 0.71, 0.340075
0.9, 0.340284, 0.29, 0.71, 0.340286
0.9, 0.332776, 0.29, 0.71, 0.330186
0.9, 0.332925, 0.29, 0.71, 0.334287
0.9, 0.332521, 0.29, 0.71, 0.329489
0.9, 0.33645, 0.29, 0.71, 0.335669
0.9, 0.34349, 0.29, 0.71, 0.339274
0.9, 0.338308, 0.29, 0.71, 0.333846
0.9, 0.329489, 0.29, 0.71, 0.330314
0.9, 0.334572, 0.29, 0.71, 0.334624
0.9, 0.328291, 0.29, 0.71, 0.33253
0.9, 0.336842, 0.29, 0.71, 0.335419
0.9, 0.337259, 0.29, 0.71, 0.332719
0.9, 0.330261, 0.29, 0.71, 0.331888
0.9, 0.339581, 0.29, 0.71, 0.337867
0.9, 0.318064, 0.29, 0.71, 0.327713
0.9, 0.341366, 0.29, 0.71, 0.347402
0.9, 0.323061, 0.29, 0.71, 0.328133
0.9, 0.331168, 0.29, 0.71, 0.331303
0.9, 0.336485, 0.29, 0.71, 0.333709
0.9, 0.341384, 0.29, 0.71, 0.333572
0.9, 0.351249, 0.3, 0.7, 0.35
0.9, 0.364466, 0.3, 0.7, 0.357817
0.9, 0.348439, 0.3, 0.7, 0.355577
0.9, 0.347979, 0.3, 0.7, 0.346365
0.9, 0.339099, 0.3, 0.7, 0.345988
0.9, 0.35346, 0.3, 0.7, 0.352938
0.9, 0.348787, 0.3, 0.7, 0.345979
0.9, 0.343559, 0.3, 0.7, 0.348311
0.9, 0.352202, 0.3, 0.7, 0.350752
0.9, 0.345819, 0.3, 0.7, 0.346653
0.9, 0.353692, 0.3, 0.7, 0.35549
0.9, 0.354772, 0.3, 0.7, 0.351145
0.9, 0.341884, 0.3, 0.7, 0.347469
0.9, 0.342882, 0.3, 0.7, 0.344626
0.9, 0.346745, 0.3, 0.7, 0.356687
0.9, 0.357052, 0.3, 0.7, 0.352931
0.9, 0.343139, 0.3, 0.7, 0.349023
0.9, 0.350802, 0.3, 0.7, 0.353468
0.9, 0.346967, 0.3, 0.7, 0.348435
0.9, 0.345402, 0.3, 0.7, 0.350605
0.9, 0.352623, 0.3, 0.7, 0.347448
0.9, 0.345714, 0.3, 0.7, 0.346729
0.9, 0.34456, 0.3, 0.7, 0.347609
0.9, 0.351205, 0.3, 0.7, 0.350082
0.9, 0.346939, 0.3, 0.7, 0.347621
0.95, 0.163885, 0.15, 0.85, 0.160193
0.95, 0.157559, 0.15, 0.85, 0.156958
0.95, 0.161208, 0.15, 0.85, 0.158903
0.95, 0.158177, 0.15, 0.85, 0.159017
0.95, 0.160901, 0.15, 0.85, 0.159742
0.95, 0.169681, 0.15, 0.85, 0.166211
0.95, 0.155078, 0.15, 0.85, 0.153791
0.95, 0.157366, 0.15, 0.85, 0.156296
0.95, 0.160377, 0.15, 0.85, 0.161306
0.95, 0.153044, 0.15, 0.85, 0.157253
0.95, 0.155872, 0.15, 0.85, 0.160606
0.95, 0.157927, 0.15, 0.85, 0.162086
0.95, 0.157119, 0.15, 0.85, 0.157122
0.95, 0.163209, 0.15, 0.85, 0.159342
0.95, 0.161606, 0.15, 0.85, 0.161128
0.95, 0.156916, 0.15, 0.85, 0.155397
0.95, 0.164834, 0.15, 0.85, 0.162121
0.95, 0.160408, 0.15, 0.85, 0.163889
0.95, 0.158246, 0.15, 0.85, 0.160213
0.95, 0.165335, 0.15, 0.85, 0.160117
0.95, 0.165562, 0.15, 0.85, 0.16513
0.95, 0.15989, 0.15, 0.85, 0.163338
0.95, 0.154905, 0.15, 0.85, 0.158849
0.95, 0.161495, 0.15, 0.85, 0.1644
0.95, 0.161479, 0.15, 0.85, 0.159963
0.95, 0.169713, 0.16, 0.84, 0.168683
0.95, 0.174966, 0.16, 0.84, 0.173457
0.95, 0.16949, 0.16, 0.84, 0.169055
0.95, 0.170199, 0.16, 0.84, 0.167672
0.95, 0.168783, 0.16, 0.84, 0.169826
0.95, 0.177204, 0.16, 0.84, 0.176348
0.95, 0.180302, 0.16, 0.84, 0.176796
0.95, 0.166772, 0.16, 0.84, 0.165775
0.95, 0.178558, 0.16, 0.84, 0.177362
0.95, 0.173621, 0.16, 0.84, 0.172249
0.95, 0.172165, 0.16, 0.84, 0.172191
0.95, 0.16039, 0.16, 0.84, 0.165204
0.95, 0.173615, 0.16, 0.84, 0.171477
0.95, 0.171036, 0.16, 0.84, 0.172669
0.95, 0.176909, 0.16, 0.84, 0.175008
0.95, 0.166341, 0.16, 0.84, 0.168724
0.95, 0.168554, 0.16, 0.84, 0.167877
0.95, 0.172272, 0.16, 0.84, 0.169633
0.95, 0.176135, 0.16, 0.84, 0.172343
0.95, 0.170265, 0.16, 0.84, 0.175445
0.95, 0.171662, 0.16, 0.84, 0.177493
0.95, 0.169936, 0.16, 0.84, 0.17224
0.95, 0.168021, 0.16, 0.84, 0.175689
0.95, 0.173616, 0.16, 0.84, 0.173074
0.95, 0.175727, 0.16, 0.84, 0.175459
0.95, 0.182378, 0.17, 0.83, 0.181596
0.95, 0.180713, 0.17, 0.83, 0.179867
0.95, 0.187691, 0.17, 0.83, 0.186959
0.95, 0.182948, 0.17, 0.83, 0.186268
0.95, 0.181001, 0.17, 0.83, 0.184721
0.95, 0.182193, 0.17, 0.83, 0.182129
0.95, 0.185544, 0.17, 0.83, 0.189237
0.95, 0.183791, 0.17, 0.83, 0.184372
0.95, 0.189163, 0.17, 0.83, 0.184674
0.95, 0.190502, 0.17, 0.83, 0.184818
0.95, 0.176863, 0.17, 0.83, 0.181558
0.95, 0.18625, 0.17, 0.83, 0.187859
0.95, 0.188958, 0.17, 0.83, 0.186162
0.95, 0.181577, 0.17, 0.83, 0.182434
0.95, 0.188729, 0.17, 0.83, 0.185572
0.95, 0.182704, 0.17, 0.83, 0.186775
0.95, 0.186013, 0.17, 0.83, 0.185545
0.95, 0.18089, 0.17, 0.83, 0.18346
0.95, 0.187406, 0.17, 0.83, 0.189655
0.95, 0.182672, 0.17, 0.83, 0.183504
0.95, 0.183868, 0.17, 0.83, 0.183313
0.95, 0.188534, 0.17, 0.83, 0.190624
0.95, 0.179273, 0.17, 0.83, 0.182644
0.95, 0.180184, 0.17, 0.83, 0.182388
0.95, 0.178485, 0.17, 0.83, 0.179861
0.95, 0.197598, 0.18, 0.82, 0.197667
0.95, 0.200654, 0.18, 0.82, 0.197325
0.95, 0.197491, 0.18, 0.82, 0.198037
0.95, 0.190355, 0.18, 0.82, 0.194761
0.95, 0.195762, 0.18, 0.82, 0.192925
0.95, 0.187888, 0.18, 0.82, 0.193613
0.95, 0.197287, 0.18, 0.82, 0.197802
0.95, 0.196214, 0.18, 0.82, 0.195309
0.95, 0.185503, 0.18, 0.82, 0.188263
0.95, 0.196644, 0.18, 0.82, 0.195565
0.95, 0.193287, 0.18, 0.82, 0.196979
0.95, 0.189854, 0.18, 0.82, 0.191381
0.95, 0.197134, 0.18, 0.82, 0.19542
0.95, 0.199156, 0.18, 0.82, 0.201971
0.95, 0.191969, 0.18, 0.82, 0.194708
0.95, 0.199246, 0.18, 0.82, 0.196676
0.95, 0.196205, 0.18, 0.82, 0.198331
0.95, 0.193711, 0.18, 0.82, 0.194225
0.95, 0.197819, 0.18, 0.82, 0.195573
0.95, 0.199288, 0.18, 0.82, 0.194489
0.95, 0.192273, 0.18, 0.82, 0.195699
0.95, 0.197393, 0.18, 0.82, 0.198741
0.95, 0.196524, 0.18, 0.82, 0.197046
0.95, 0.193878, 0.18, 0.82, 0.190089
0.95, 0.189836, 0.18, 0.82, 0.192024
0.95, 0.208294, 0.19, 0.81, 0.208158
0.95, 0.206734, 0.19, 0.81, 0.206745
0.95, 0.213289, 0.19, 0.81, 0.205362
0.95, 0.200991, 0.19, 0.81, 0.206728
0.95, 0.209496, 0.19, 0.81, 0.211806
0.95, 0.206892, 0.19, 0.81, 0.20446
0.95, 0.208942, 0.19, 0.81, 0.207714
0.95, 0.201461, 0.19, 0.81, 0.202405
0.95, 0.203863, 0.19, 0.81, 0.206019
0.95, 0.207809, 0.19, 0.81, 0.203991
0.95, 0.205064, 0.19, 0.81, 0.208624
0.95, 0.211432, 0.19, 0.81, 0.207082
0.95, 0.207191, 0.19, 0.81, 0.208435
0.95, 0.201845, 0.19, 0.81, 0.205979
0.95, 0.216024, 0.19, 0.81, 0.212406
0.95, 0.210766, 0.19, 0.81, 0.216125
0.95, 0.201712, 0.19, 0.81, 0.201776
0.95, 0.20672, 0.19, 0.81, 0.2046
0.95, 0.2038, 0.19, 0.81, 0.208414
0.95, 0.204193, 0.19, 0.81, 0.205074
0.95, 0.209726, 0.19, 0.81, 0.209095
0.95, 0.207849, 0.19, 0.81, 0.209224
0.95, 0.214382, 0.19, 0.81, 0.213728
0.95, 0.199923, 0.19, 0.81, 0.203491
0.95, 0.206278, 0.19, 0.81, 0.207567
0.95, 0.217778, 0.2, 0.8, 0.217413
0.95, 0.219056, 0.2, 0.8, 0.222905
0.95, 0.223194, 0.2, 0.8, 0.222821
0.95, 0.215015, 0.2, 0.8, 0.217945
0.95, 0.217605, 0.2, 0.8, 0.220043
0.95, 0.222862, 0.2, 0.8, 0.224224
0.95, 0.225765, 0.2, 0.8, 0.222816
0.95, 0.220001, 0.2, 0.8, 0.225092
0.95, 0.214282, 0.2, 0.8, 0.219093
0.95, 0.221397, 0.2, 0.8, 0.217077
0.95, 0.230839, 0.2, 0.8, 0.225308
0.95, 0.222519, 0.2, 0.8, 0.221797
0.95, 0.21759, 0.2, 0.8, 0.218591
0.95, 0.22198, 0.2, 0.8, 0.221577
0.95, 0.213269, 0.2, 0.8, 0.21489
0.95, 0.221805, 0.2, 0.8, 0.224569
0.95, 0.221116, 0.2, 0.8, 0.223034
0.95, 0.218492, 0.2, 0.8, 0.220692
0.95, 0.218722, 0.2, 0.8, 0.223366
0.95, 0.222865, 0.2, 0.8, 0.221873
0.95, 0.218579, 0.2, 0.8, 0.216599
0.95, 0.214206, 0.2, 0.8, 0.218613
0.95, 0.220098, 0.2, 0.8, 0.22322
0.95, 0.225517, 0.2, 0.8, 0.227383
0.95, 0.217105, 0.2, 0.8, 0.217884
0.95, 0.228622, 0.21, 0.79, 0.22979
0.95, 0.228009, 0.21, 0.79, 0.228942
0.95, 0.232341, 0.21, 0.79, 0.234028
0.95, 0.230863, 0.21, 0.79, 0.231636
0.95, 0.231322, 0.21, 0.79, 0.231157
0.95, 0.228119, 0.21, 0.79, 0.224436
0.95, 0.232053, 0.21, 0.79, 0.235145
0.95, 0.221426, 0.21, 0.79, 0.227776
0.95, 0.234878, 0.21, 0.79, 0.233566
0.95, 0.231882, 0.21, 0.79, 0.23187
0.95, 0.222037, 0.21, 0.79, 0.228206
0.95, 0.2325, 0.21, 0.79, 0.229542
0.95, 0.234442, 0.21, 0.79, 0.23434
0.95, 0.225867, 0.21, 0.79, 0.231528
0.95, 0.238106, 0.21, 0.79, 0.237043
0.95, 0.230271, 0.21, 0.79, 0.2321
0.95, 0.227498, 0.21, 0.79, 0.230491
0.95, 0.226054, 0.21, 0.79, 0.230795
0.95, 0.236377, 0.21, 0.79, 0.232025
0.95, 0.235397, 0.21, 0.79, 0.232795
0.95, 0.219323, 0.21, 0.79, 0.229691
0.95, 0.230794, 0.21, 0.79, 0.235788
0.95, 0.229961, 0.21, 0.79, 0.233913
0.95, 0.235939, 0.21, 0.79, 0.239478
0.95, 0.228192, 0.21, 0.79, 0.234081
0.95, 0.241038, 0.22, 0.78, 0.245066
0.95, 0.24611, 0.22, 0.78, 0.242105
0.95, 0.247016, 0.22, 0.78, 0.249746
0.95, 0.243855, 0.22, 0.78, 0.244638
0.95, 0.244454, 0.22, 0.78, 0.245984
0.95, 0.244772, 0.22, 0.78, 0.245508
0.95, 0.245188, 0.22, 0.78, 0.251582
0.95, 0.248337, 0.22, 0.78, 0.241775
0.95, 0.236329, 0.22, 0.78, 0.239403
0.95, 0.246435, 0.22, 0.78, 0.242558
0.95, 0.246174, 0.22, 0.78, 0.245132
0.95, 0.244551, 0.22, 0.78, 0.243817
0.95, 0.245677, 0.22, 0.78, 0.243544
0.95, 0.252903, 0.22, 0.78, 0.252485
0.95, 0.2475, 0.22, 0.78, 0.243699
0.95, 0.234062, 0.22, 0.78, 0.237277
0.95, 0.24693, 0.22, 0.78, 0.246855
0.95, 0.246322, 0.22, 0.78, 0.245261
0.95, 0.240787, 0.22, 0.78, 0.247662
0.95, 0.241798, 0.22, 0.78, 0.246945
0.95, 0.239938, 0.22, 0.78, 0.244146
0.95, 0.243178, 0.22, 0.78, 0.242235
0.95, 0.239585, 0.22, 0.78, 0.243353
0.95, 0.248053, 0.22, 0.78, 0.251981
0.95, 0.249747, 0.22, 0.78, 0.248205
0.95, 0.259243, 0.23, 0.77, 0.259539
0.95, 0.250031, 0.23, 0.77, 0.255261
0.95, 0.265452, 0.23, 0.77, 0.262637
0.95, 0.259976, 0.23, 0.77, 0.259631
0.95, 0.254673, 0.23, 0.77, 0.261805
0.95, 0.260712, 0.23, 0.77, 0.258994
0.95, 0.260575, 0.23, 0.77, 0.265252
0.95, 0.258871, 0.23, 0.77, 0.262753
0.95, 0.268964, 0.23, 0.77, 0.265013
0.95, 0.259123, 0.23, 0.77, 0.257438
0.95, 0.252753, 0.23, 0.77, 0.260413
0.95, 0.255594, 0.23, 0.77, 0.257496
0.95, 0.250699, 0.23, 0.77, 0.255214
0.95, 0.249106, 0.23, 0.77, 0.254604
0.95, 0.255851, 0.23, 0.77, 0.258729
0.95, 0.257044, 0.23, 0.77, 0.260766
0.95, 0.25633, 0.23, 0.77, 0.25537
0.95, 0.259, 0.23, 0.77, 0.256163
0.95, 0.256865, 0.23, 0.77, 0.255394
0.95, 0.254702, 0.23, 0.77, 0.254474
0.95, 0.260403, 0.23, 0.77, 0.258298
0.95, 0.253079, 0.23, 0.77, 0.250198
0.95, 0.261165, 0.23, 0.77, 0.256447
0.95, 0.257254, 0.23, 0.77, 0.259759
0.95, 0.256745, 0.23, 0.77, 0.258191
0.95, 0.266619, 0.24, 0.76, 0.271149
0.95, 0.277054, 0.24, 0.76, 0.274558
0.95, 0.267264, 0.24, 0.76, 0.27131
0.95, 0.266308, 0.24, 0.76, 0.268472
0.95, 0.265315, 0.24, 0.76, 0.272948
0.95, 0.267606, 0.24, 0.76, 0.269021
0.95, 0.275373, 0.24, 0.76, 0.277109
0.95, 0.271848, 0.24, 0.76, 0.276258
0.95, 0.270697, 0.24, 0.76, 0.273064
0.95, 0.275851, 0.24, 0.76, 0.276663
0.95, 0.271558, 0.24, 0.76, 0.275111
0.95, 0.271601, 0.24, 0.76, 0.269385
0.95, 0.262453, 0.24, 0.76, 0.264458
0.95, 0.265281, 0.24, 0.76, 0.270408
0.95, 0.27302, 0.24, 0.76, 0.269295
0.95, 0.279016, 0.24, 0.76, 0.279671
0.95, 0.271682, 0.24, 0.76, 0.272916
0.95, 0.271607, 0.24, 0.76, 0.266304
0.95, 0.265273, 0.24, 0.76, 0.266988
0.95, 0.267129, 0.24, 0.76, 0.275312
0.95, 0.271318, 0.24, 0.76, 0.272088
0.95, 0.263227, 0.24, 0.76, 0.272182
0.95, 0.275247, 0.24, 0.76, 0.273704
0.95, 0.266909, 0.24, 0.76, 0.268412
0.95, 0.282236, 0.24, 0.76, 0.281326
0.95, 0.286611, 0.25, 0.75, 0.28411
0.95, 0.280671, 0.25, 0.75, 0.285952
0.95, 0.278476, 0.25, 0.75, 0.279528
0.95, 0.285994, 0.25, 0.75, 0.288109
0.95, 0.269322, 0.25, 0.75, 0.276883
0.95, 0.283248, 0.25, 0.75, 0.283621
0.95, 0.283429, 0.25, 0.75, 0.283231
0.95, 0.289729, 0.25, 0.75, 0.287549
0.95, 0.281246, 0.25, 0.75, 0.284119
0.95, 0.278271, 0.25, 0.75, 0.281192
0.95, 0.281031, 0.25, 0.75, 0.278177
0.95, 0.2743, 0.25, 0.75, 0.280836
0.95, 0.280878, 0.25, 0.75, 0.281041
0.95, 0.286367, 0.25, 0.75, 0.286209
0.95, 0.282663, 0.25, 0.75, 0.27899
0.95, 0.278171, 0.25, 0.75, 0.281048
0.95, 0.288674, 0.25, 0.75, 0.285362
0.95, 0.280141, 0.25, 0.75, 0.280901
0.95, 0.283549, 0.25, 0.75, 0.287002
0.95, 0.289515, 0.25, 0.75, 0.28621
0.95, 0.277216, 0.25, 0.75, 0.280062
0.95, 0.282393, 0.25, 0.75, 0.284858
0.95, 0.279184, 0.25, 0.75, 0.286716
0.95, 0.280633, 0.25, 0.75, 0.279035
0.95, 0.280803, 0.25, 0.75, 0.285001
0.95, 0.292796, 0.26, 0.74, 0.294057
0.95, 0.293906, 0.26, 0.74, 0.295981
0.95, 0.298361, 0.26, 0.74, 0.303585
0.95, 0.280842, 0.26, 0.74, 0.287868
0.95, 0.299002, 0.26, 0.74, 0.29632
0.95, 0.302099, 0.26, 0.74, 0.30149
0.95, 0.300817, 0.26, 0.74, 0.301224
0.95, 0.288065, 0.26, 0.74, 0.292559
0.95, 0.30336, 0.26, 0.74, 0.303208
0.95, 0.298463, 0.26, 0.74, 0.303356
0.95, 0.293789, 0.26, 0.74, 0.297712
0.95, 0.299784, 0.26, 0.74, 0.293062
0.95, 0.29258, 0.26, 0.74, 0.300105
0.95, 0.295347, 0.26, 0.74, 0.293179
0.95, 0.284047, 0.26, 0.74, 0.287945
0.95, 0.296926, 0.26, 0.74, 0.297171
0.95, 0.292338, 0.26, 0.74, 0.294699
0.95, 0.284086, 0.26, 0.74, 0.290808
0.95, 0.311883, 0.26, 0.74, 0.30835
0.95, 0.298536, 0.26, 0.74, 0.298145
0.95, 0.296181, 0.26, 0.74, 0.29624
0.95, 0.289723, 0.26, 0.74, 0.296412
0.95, 0.295149, 0.26, 0.74, 0.294667
0.95, 0.295004, 0.26, 0.74, 0.298285
0.95, 0.29678, 0.26, 0.74, 0.296592
0.95, 0.315773, 0.27, 0.73, 0.315362
0.95, 0.304026, 0.27, 0.73, 0.306977
0.95, 0.314854, 0.27, 0.73, 0.319069
0.95, 0.314479, 0.27, 0.73, 0.314146
0.95, 0.304031, 0.27, 0.73, 0.306166
0.95, 0.304024, 0.27, 0.73, 0.306234
0.95, 0.302969, 0.27, 0.73, 0.309893
0.95, 0.301094, 0.27, 0.73, 0.304635
0.95, 0.305564, 0.27, 0.73, 0.30914
0.95, 0.312494, 0.27, 0.73, 0.310156
0.95, 0.305294, 0.27, 0.73, 0.309314
0.95, 0.302581, 0.27, 0.73, 0.30072
0.95, 0.302688, 0.27, 0.73, 0.306276
0.95, 0.308445, 0.27, 0.73, 0.312133
0.95, 0.317904, 0.27, 0.73, 0.316319
0.95, 0.300915, 0.27, 0.73, 0.305709
0.95, 0.308816, 0.27, 0.73, 0.311458
0.95, 0.30569, 0.27, 0.73, 0.30707
0.95, 0.303103, 0.27, 0.73, 0.307133
0.95, 0.303021, 0.27, 0.73, 0.305764
0.95, 0.31254, 0.27, 0.73, 0.313385
0.95, 0.307755, 0.27, 0.73, 0.310125
0.95, 0.304461, 0.27, 0.73, 0.307062
0.95, 0.31604, 0.27, 0.73, 0.313092
0.95, 0.308375, 0.27, 0.73, 0.31304
0.95, 0.326796, 0.28, 0.72, 0.32382
0.95, 0.336174, 0.28, 0.72, 0.33432
0.95, 0.325944, 0.28, 0.72, 0.326797
0.95, 0.314422, 0.28, 0.72, 0.317234
0.95, 0.316742, 0.28, 0.72, 0.323041
0.95, 0.321714, 0.28, 0.72, 0.320081
0.95, 0.320553, 0.28, 0.72, 0.32234
0.95, 0.32421, 0.28, 0.72, 0.328077
0.95, 0.316484, 0.28, 0.72, 0.317584
0.95, 0.331062, 0.28, 0.72, 0.332274
0.95, 0.331932, 0.28, 0.72, 0.328327
0.95, 0.317106, 0.28, 0.72, 0.319275
0.95, 0.316609, 0.28, 0.72, 0.323241
0.95, 0.328251, 0.28, 0.72, 0.325074
0.95, 0.324217, 0.28, 0.72, 0.320243
0.95, 0.330297, 0.28, 0.72, 0.326447
0.95, 0.330437, 0.28, 0.72, 0.328985
0.95, 0.32234, 0.28, 0.72, 0.32296
0.95, 0.337741, 0.28, 0.72, 0.336965
0.95, 0.32224, 0.28, 0.72, 0.32471
0.95, 0.323081, 0.28, 0.72, 0.32354
0.95, 0.32831, 0.28, 0.72, 0.330173
0.95, 0.31763, 0.28, 0.72, 0.316817
0.95, 0.323403, 0.28, 0.72, 0.322926
0.95, 0.325079, 0.28, 0.72, 0.323821
0.95, 0.340289, 0.29, 0.71, 0.337411
0.95, 0.323213, 0.29, 0.71, 0.332687
0.95, 0.333137, 0.29, 0.71, 0.335155
0.95, 0.34029, 0.29, 0.71, 0.338623
0.95, 0.349505, 0.29, 0.71, 0.345695
0.95, 0.329487, 0.29, 0.71, 0.331786
0.95, 0.34369, 0.29, 0.71, 0.340084
0.95, 0.349369, 0.29, 0.71, 0.342362
0.95, 0.336023, 0.29, 0.71, 0.340055
0.95, 0.337841, 0.29, 0.71, 0.340854
0.95, 0.340114, 0.29, 0.71, 0.342063
0.95, 0.333801, 0.29, 0.71, 0.337235
0.95, 0.339589, 0.29, 0.71, 0.339885
0.95, 0.334533, 0.29, 0.71, 0.333235
0.95, 0.338924, 0.29, 0.71, 0.336098
0.95, 0.335496, 0.29, 0.71, 0.332867
0.95, 0.335942, 0.29, 0.71, 0.337183
0.95, 0.339823, 0.29, 0.71, 0.340847
0.95, 0.343377, 0.29, 0.71, 0.341062
0.95, 0.341034, 0.29, 0.71, 0.335654
0.95, 0.330828, 0.29, 0.71, 0.331012
0.95, 0.342316, 0.29, 0.71, 0.344961
0.95, 0.344315, 0.29, 0.71, 0.342172
0.95, 0.339248, 0.29, 0.71, 0.339688
0.95, 0.338032, 0.29, 0.71, 0.342842
0.95, 0.351537, 0.3, 0.7, 0.353085
0.95, 0.354212, 0.3, 0.7, 0.35285
0.95, 0.342476, 0.3, 0.7, 0.34415
0.95, 0.364157, 0.3, 0.7, 0.364509
0.95, 0.342924, 0.3, 0.7, 0.350059
0.95, 0.337446, 0.3, 0.7, 0.348139
0.95, 0.340188, 0.3, 0.7, 0.345875
0.95, 0.351595, 0.3, 0.7, 0.357366
0.95, 0.354978, 0.3, 0.7, 0.356548
0.95, 0.356464, 0.3, 0.7, 0.358536
0.95, 0.351377, 0.3, 0.7, 0.35224
0.95, 0.348152, 0.3, 0.7, 0.350926
0.95, 0.341628, 0.3, 0.7, 0.343206
0.95, 0.361117, 0.3, 0.7, 0.35605
0.95, 0.357492, 0.3, 0.7, 0.357339
0.95, 0.361204, 0.3, 0.7, 0.359146
0.95, 0.352517, 0.3, 0.7, 0.352775
0.95, 0.374988, 0.3, 0.7, 0.366927
0.95, 0.345074, 0.3, 0.7, 0.344082
0.95, 0.341318, 0.3, 0.7, 0.346565
0.95, 0.354308, 0.3, 0.7, 0.353365
0.95, 0.366781, 0.3, 0.7, 0.359571
0.95, 0.357137, 0.3, 0.7, 0.356215
0.95, 0.360841, 0.3, 0.7, 0.358436
0.95, 0.357478, 0.3, 0.7, 0.356023
1, 0.164022, 0.15, 0.85, 0.163864
1, 0.156976, 0.15, 0.85, 0.160116
1, 0.172006, 0.15, 0.85, 0.166942
1, 0.161667, 0.15, 0.85, 0.163349
1, 0.160049, 0.15, 0.85, 0.163266
1, 0.159851, 0.15, 0.85, 0.165056
1, 0.162127, 0.15, 0.85, 0.16299
1, 0.162921, 0.15, 0.85, 0.165577
1, 0.159367, 0.15, 0.85, 0.158612
1, 0.162924, 0.15, 0.85, 0.165677
1, 0.161734, 0.15, 0.85, 0.165856
1, 0.160237, 0.15, 0.85, 0.163965
1, 0.158288, 0.15, 0.85, 0.158977
1, 0.162833, 0.15, 0.85, 0.159867
1, 0.159073, 0.15, 0.85, 0.159643
1, 0.169205, 0.15, 0.85, 0.169904
1, 0.162941, 0.15, 0.85, 0.162476
1, 0.165767, 0.15, 0.85, 0.163701
1, 0.166521, 0.15, 0.85, 0.161923
1, 0.165121, 0.15, 0.85, 0.161773
1, 0.161228, 0.15, 0.85, 0.16383
1, 0.164246, 0.15, 0.85, 0.16583
1, 0.164364, 0.15, 0.85, 0.164359
1, 0.15809, 0.15, 0.85, 0.159663
1, 0.164953, 0.15, 0.85, 0.169405
1, 0.176641, 0.16, 0.84, 0.173445
1, 0.170674, 0.16, 0.84, 0.170789
1, 0.167526, 0.16, 0.84, 0.174537
1, 0.174537, 0.16, 0.84, 0.178193
1, 0.17445, 0.16, 0.84, 0.177296
1, 0.179531, 0.16, 0.84, 0.176598
1, 0.166097, 0.16, 0.84, 0.168982
1, 0.176836, 0.16, 0.84, 0.177415
1, 0.170322, 0.16, 0.84, 0.172034
1, 0.172071, 0.16, 0.84, 0.173501
1, 0.175741, 0.16, 0.84, 0.176676
1, 0.172626, 0.16, 0.84, 0.173735
1, 0.178586, 0.16, 0.84, 0.178137
1, 0.168232, 0.16, 0.84, 0.169922
1, 0.176106, 0.16, 0.84, 0.175099
1, 0.176181, 0.16, 0.84, 0.17761
1, 0.179006, 0.16, 0.84, 0.179934
1, 0.177549, 0.16, 0.84, 0.179839
1, 0.16693, 0.16, 0.84, 0.174053
1, 0.178967, 0.16, 0.84, 0.179418
1, 0.17697, 0.16, 0.84, 0.173726
1, 0.177422, 0.16, 0.84, 0.177277
1, 0.175037, 0.16, 0.84, 0.175819
1, 0.173555, 0.16, 0.84, 0.173199
1, 0.16988, 0.16, 0.84, 0.170777
1, 0.188771, 0.17, 0.83, 0.188763
1, 0.192192, 0.17, 0.83, 0.188064
1, 0.187887, 0.17, 0.83, 0.192511
1, 0.18477, 0.17, 0.83, 0.188339
1, 0.187139, 0.17, 0.83, 0.186583
1, 0.186944, 0.17, 0.83, 0.185999
1, 0.17629, 0.17, 0.83, 0.18204
1, 0.192117, 0.17, 0.83, 0.189665
1, 0.190551, 0.17, 0.83, 0.191819
1, 0.186839, 0.17, 0.83, 0.187734
1, 0.188881, 0.17, 0.83, 0.188909
1, 0.189151, 0.17, 0.83, 0.187816
1, 0.190703, 0.17, 0.83, 0.190368
1, 0.183863, 0.17, 0.83, 0.184275
1, 0.18317, 0.17, 0.83, 0.185913
1, 0.191656, 0.17, 0.83, 0.193321
1, 0.185724, 0.17, 0.83, 0.190773
1, 0.188474, 0.17, 0.83, 0.191825
1, 0.187821, 0.17, 0.83, 0.187115
1, 0.191048, 0.17, 0.83, 0.192289
1, 0.189361, 0.17, 0.83, 0.190999
1, 0.187039, 0.17, 0.83, 0.184009
1, 0.182464, 0.17, 0.83, 0.181265
1, 0.186313, 0.17, 0.83, 0.188998
1, 0.18904, 0.17, 0.83, 0.189804
1, 0.198104, 0.18, 0.82, 0.197564
1, 0.194529, 0.18, 0.82, 0.195404
1, 0.201823, 0.18, 0.82, 0.197148
1, 0.196625, 0.18, 0.82, 0.197048
1, 0.196813, 0.18, 0.82, 0.197752
1, 0.195948, 0.18, 0.82, 0.196147
1, 0.199848, 0.18, 0.82, 0.198103
1, 0.195844, 0.18, 0.82, 0.198217
1, 0.19952, 0.18, 0.82, 0.202426
1, 0.205397, 0.18, 0.82, 0.204628
1, 0.196265, 0.18, 0.82, 0.200142
1, 0.199435, 0.18, 0.82, 0.196546
1, 0.206981, 0.18, 0.82, 0.20093
1, 0.197902, 0.18, 0.82, 0.199375
1, 0.19941, 0.18, 0.82, 0.203023
1, 0.201802, 0.18, 0.82, 0.203041
1, 0.199342, 0.18, 0.82, 0.201185
1, 0.199197, 0.18, 0.82, 0.202064
1, 0.197943, 0.18, 0.82, 0.198428
1, 0.200303, 0.18, 0.82, 0.197579
1, 0.202413, 0.18, 0.82, 0.20375
1, 0.193665, 0.18, 0.82, 0.200939
1, 0.198436, 0.18, 0.82, 0.194949
1, 0.205684, 0.18, 0.82, 0.199877
1, 0.197073, 0.18, 0.82, 0.199361
1, 0.211603, 0.19, 0.81, 0.212111
1, 0.209287, 0.19, 0.81, 0.208762
1, 0.210503, 0.19, 0.81, 0.212822
1, 0.206942, 0.19, 0.81, 0.208801
1, 0.211187, 0.19, 0.81, 0.214567
1, 0.220677, 0.19, 0.81, 0.216544
1, 0.205334, 0.19, 0.81, 0.209559
1, 0.211287, 0.19, 0.81, 0.21064
1, 0.213306, 0.19, 0.81, 0.212901
1, 0.205544, 0.19, 0.81, 0.204869
1, 0.206609, 0.19, 0.81, 0.20499
1, 0.210983, 0.19, 0.81, 0.208862
1, 0.214385, 0.19, 0.81, 0.210933
1, 0.204683, 0.19, 0.81, 0.208056
1, 0.214531, 0.19, 0.81, 0.215706
1, 0.208451, 0.19, 0.81, 0.21132
1, 0.219067, 0.19, 0.81, 0.212471
1, 0.212254, 0.19, 0.81, 0.20932
1, 0.213512, 0.19, 0.81, 0.211661
1, 0.213406, 0.19, 0.81, 0.221062
1, 0.217282, 0.19, 0.81, 0.213282
1, 0.208568, 0.19, 0.81, 0.209949
1, 0.212361, 0.19, 0.81, 0.216433
1, 0.201201, 0.19, 0.81, 0.204698
1, 0.20997, 0.19, 0.81, 0.212063
1, 0.227693, 0.2, 0.8, 0.225767
1, 0.223497, 0.2, 0.8, 0.22531
1, 0.226053, 0.2, 0.8, 0.222479
1, 0.22371, 0.2, 0.8, 0.222813
1, 0.233432, 0.2, 0.8, 0.229439
1, 0.222905, 0.2, 0.8, 0.223992
1, 0.225977, 0.2, 0.8, 0.224785
1, 0.230725, 0.2, 0.8, 0.23243
1, 0.223191, 0.2, 0.8, 0.229742
1, 0.2216, 0.2, 0.8, 0.221468
1, 0.226885, 0.2, 0.8, 0.227394
1, 0.227306, 0.2, 0.8, 0.226685
1, 0.215803, 0.2, 0.8, 0.218218
1, 0.222792, 0.2, 0.8, 0.226064
1, 0.228123, 0.2, 0.8, 0.229141
1, 0.217635, 0.2, 0.8, 0.224272
1, 0.212922, 0.2, 0.8, 0.219554
1, 0.223625, 0.2, 0.8, 0.222397
1, 0.225222, 0.2, 0.8, 0.224986
1, 0.221985, 0.2, 0.8, 0.221492
1, 0.227163, 0.2, 0.8, 0.227471
1, 0.226083, 0.2, 0.8, 0.223732
1, 0.221669, 0.2, 0.8, 0.222856
1, 0.213117, 0.2, 0.8, 0.217944
1, 0.221436, 0.2, 0.8, 0.222946
1, 0.230965, 0.21, 0.79, 0.228123
1, 0.227649, 0.21, 0.79, 0.232793
1, 0.232847, 0.21, 0.79, 0.235007
1, 0.237848, 0.21, 0.79, 0.239677
1, 0.232667, 0.21, 0.79, 0.233552
1, 0.230391, 0.21, 0.79, 0.233738
1, 0.236153, 0.21, 0.79, 0.234658
1, 0.238332, 0.21, 0.79, 0.234822
1, 0.230118, 0.21, 0.79, 0.233789
1, 0.233816, 0.21, 0.79, 0.237299
1, 0.23634, 0.21, 0.79, 0.235327
1, 0.237693, 0.21, 0.79, 0.240459
1, 0.239579, 0.21, 0.79, 0.235756
1, 0.237214, 0.21, 0.79, 0.238883
1, 0.236157, 0.21, 0.79, 0.239813
1, 0.235411, 0.21, 0.79, 0.23764
1, 0.243604, 0.21, 0.79, 0.241233
1, 0.234963, 0.21, 0.79, 0.235919
1, 0.236574, 0.21, 0.79, 0.23171
1, 0.232069, 0.21, 0.79, 0.232131
1, 0.240752, 0.21, 0.79, 0.238872
1, 0.233545, 0.21, 0.79, 0.236692
1, 0.232726, 0.21, 0.79, 0.234448
1, 0.226607, 0.21, 0.79, 0.23195
1, 0.237035, 0.21, 0.79, 0.231287
1, 0.239342, 0.22, 0.78, 0.244467
1, 0.249781, 0.22, 0.78, 0.247052
1, 0.244219, 0.22, 0.78, 0.245093
1, 0.252337, 0.22, 0.78, 0.254587
1, 0.246352, 0.22, 0.78, 0.247747
1, 0.250347, 0.22, 0.78, 0.257303
1, 0.249127, 0.22, 0.78, 0.249279
1, 0.248259, 0.22, 0.78, 0.249432
1, 0.243175, 0.22, 0.78, 0.242229
1, 0.242978, 0.22, 0.78, 0.240347
1, 0.249683, 0.22, 0.78, 0.249872
1, 0.245959, 0.22, 0.78, 0.248535
1, 0.24799, 0.22, 0.78, 0.253003
1, 0.232766, 0.22, 0.78, 0.23961
1, 0.25213, 0.22, 0.78, 0.250879
1, 0.250538, 0.22, 0.78, 0.255554
1, 0.256301, 0.22, 0.78, 0.245337
1, 0.244818, 0.22, 0.78, 0.244532
1, 0.245356, 0.22, 0.78, 0.246162
1, 0.250938, 0.22, 0.78, 0.250769
1, 0.256665, 0.22, 0.78, 0.258393
1, 0.241356, 0.22, 0.78, 0.239048
1, 0.247609, 0.22, 0.78, 0.251238
1, 0.250078, 0.22, 0.78, 0.248893
1, 0.244814, 0.22, 0.78, 0.246043
1, 0.264206, 0.23, 0.77, 0.263283
1, 0.2573, 0.23, 0.77, 0.261242
1, 0.252438, 0.23, 0.77, 0.258818
1, 0.257851, 0.23, 0.77, 0.264778
1, 0.25656, 0.23, 0.77, 0.262352
1, 0.262395, 0.23, 0.77, 0.26646
1, 0.261136, 0.23, 0.77, 0.265221
1, 0.255476, 0.23, 0.77, 0.254416
1, 0.261263, 0.23, 0.77, 0.26462
1, 0.249389, 0.23, 0.77, 0.255552
1, 0.2631, 0.23, 0.77, 0.260835
1, 0.260521, 0.23, 0.77, 0.261778
1, 0.264794, 0.23, 0.77, 0.265276
1, 0.265724, 0.23, 0.77, 0.270096
1, 0.258846, 0.23, 0.77, 0.259289
1, 0.263851, 0.23, 0.77, 0.262459
1, 0.25917, 0.23, 0.77, 0.262773
1, 0.255334, 0.23, 0.77, 0.257261
1, 0.261553, 0.23, 0.77, 0.260211
1, 0.258002, 0.23, 0.77, 0.254237
1, 0.260116, 0.23, 0.77, 0.263796
1, 0.261259, 0.23, 0.77, 0.264236
1, 0.266442, 0.23, 0.77, 0.267041
1, 0.266036, 0.23, 0.77, 0.266323
1, 0.254855, 0.23, 0.77, 0.258473
1, 0.273707, 0.24, 0.76, 0.276032
1, 0.263069, 0.24, 0.76, 0.265043
1, 0.275047, 0.24, 0.76, 0.274417
1, 0.267508, 0.24, 0.76, 0.273088
1, 0.268488, 0.24, 0.76, 0.275606
1, 0.275411, 0.24, 0.76, 0.277711
1, 0.273646, 0.24, 0.76, 0.275682
1, 0.278314, 0.24, 0.76, 0.280732
1, 0.274793, 0.24, 0.76, 0.278523
1, 0.27967, 0.24, 0.76, 0.279592
1, 0.270373, 0.24, 0.76, 0.273119
1, 0.270035, 0.24, 0.76, 0.273149
1, 0.278901, 0.24, 0.76, 0.277718
1, 0.274739, 0.24, 0.76, 0.276167
1, 0.269199, 0.24, 0.76, 0.270993
1, 0.265957, 0.24, 0.76, 0.274886
1, 0.273504, 0.24, 0.76, 0.275781
1, 0.269936, 0.24, 0.76, 0.273798
1, 0.276829, 0.24, 0.76, 0.275134
1, 0.270701, 0.24, 0.76, 0.274838
1, 0.280426, 0.24, 0.76, 0.281462
1, 0.274804, 0.24, 0.76, 0.275552
1, 0.267546, 0.24, 0.76, 0.270958
1, 0.291431, 0.24, 0.76, 0.282936
1, 0.268206, 0.24, 0.76, 0.271051
1, 0.287788, 0.25, 0.75, 0.289735
1, 0.28637, 0.25, 0.75, 0.289597
1, 0.280117, 0.25, 0.75, 0.286309
1, 0.284676, 0.25, 0.75, 0.291587
1, 0.283702, 0.25, 0.75, 0.29042
1, 0.287681, 0.25, 0.75, 0.288361
1, 0.285886, 0.25, 0.75, 0.289522
1, 0.289189, 0.25, 0.75, 0.288911
1, 0.290388, 0.25, 0.75, 0.291256
1, 0.284432, 0.25, 0.75, 0.284715
1, 0.276215, 0.25, 0.75, 0.282006
1, 0.286232, 0.25, 0.75, 0.291152
1, 0.288961, 0.25, 0.75, 0.29063
1, 0.288256, 0.25, 0.75, 0.293735
1, 0.289968, 0.25, 0.75, 0.292795
1, 0.281788, 0.25, 0.75, 0.285416
1, 0.287448, 0.25, 0.75, 0.286049
1, 0.287816, 0.25, 0.75, 0.291747
1, 0.288634, 0.25, 0.75, 0.292077
1, 0.29408, 0.25, 0.75, 0.285682
1, 0.291168, 0.25, 0.75, 0.289432
1, 0.283706, 0.25, 0.75, 0.286451
1, 0.289502, 0.25, 0.75, 0.287352
1, 0.283264, 0.25, 0.75, 0.290392
1, 0.28656, 0.25, 0.75, 0.285788
1, 0.298389, 0.26, 0.74, 0.303283
1, 0.301254, 0.26, 0.74, 0.302236
1, 0.301128, 0.26, 0.74, 0.300845
1, 0.305285, 0.26, 0.74, 0.302787
1, 0.293354, 0.26, 0.74, 0.300476
1, 0.296866, 0.26, 0.74, 0.300974
1, 0.296131, 0.26, 0.74, 0.300225
1, 0.306627, 0.26, 0.74, 0.306534
1, 0.29933, 0.26, 0.74, 0.299041
1, 0.300283, 0.26, 0.74, 0.300575
1, 0.296863, 0.26, 0.74, 0.303575
1, 0.298455, 0.26, 0.74, 0.305401
1, 0.295797, 0.26, 0.74, 0.302392
1, 0.305692, 0.26, 0.74, 0.301467
1, 0.296501, 0.26, 0.74, 0.307306
1, 0.297885, 0.26, 0.74, 0.299082
1, 0.290295, 0.26, 0.74, 0.297272
1, 0.292529, 0.26, 0.74, 0.301778
1, 0.308112, 0.26, 0.74, 0.30553
1, 0.302005, 0.26, 0.74, 0.299988
1, 0.299639, 0.26, 0.74, 0.301616
1, 0.296971, 0.26, 0.74, 0.299005
1, 0.285777, 0.26, 0.74, 0.297234
1, 0.300274, 0.26, 0.74, 0.305096
1, 0.29964, 0.26, 0.74, 0.302958
1, 0.328439, 0.27, 0.73, 0.32489
1, 0.317729, 0.27, 0.73, 0.313288
1, 0.313957, 0.27, 0.73, 0.309845
1, 0.31704, 0.27, 0.73, 0.321897
1, 0.306243, 0.27, 0.73, 0.312835
1, 0.313133, 0.27, 0.73, 0.313619
1, 0.311263, 0.27, 0.73, 0.313048
1, 0.307296, 0.27, 0.73, 0.310015
1, 0.316884, 0.27, 0.73, 0.31677
1, 0.295783, 0.27, 0.73, 0.307491
1, 0.309253, 0.27, 0.73, 0.320279
1, 0.312542, 0.27, 0.73, 0.314893
1, 0.305624, 0.27, 0.73, 0.308023
1, 0.318905, 0.27, 0.73, 0.320857
1, 0.314648, 0.27, 0.73, 0.312489
1, 0.308859, 0.27, 0.73, 0.310082
1, 0.316234, 0.27, 0.73, 0.320033
1, 0.305346, 0.27, 0.73, 0.308328
1, 0.318502, 0.27, 0.73, 0.319552
1, 0.308141, 0.27, 0.73, 0.310972
1, 0.315852, 0.27, 0.73, 0.314891
1, 0.317649, 0.27, 0.73, 0.319805
1, 0.29966, 0.27, 0.73, 0.303865
1, 0.313912, 0.27, 0.73, 0.314518
1, 0.316723, 0.27, 0.73, 0.31309
1, 0.323521, 0.28, 0.72, 0.327802
1, 0.314185, 0.28, 0.72, 0.314132
1, 0.311593, 0.28, 0.72, 0.322051
1, 0.330574, 0.28, 0.72, 0.329588
1, 0.330122, 0.28, 0.72, 0.330169
1, 0.330347, 0.28, 0.72, 0.33212
1, 0.340391, 0.28, 0.72, 0.336849
1, 0.316576, 0.28, 0.72, 0.318937
1, 0.330599, 0.28, 0.72, 0.328194
1, 0.325482, 0.28, 0.72, 0.328693
1, 0.326976, 0.28, 0.72, 0.331079
1, 0.329468, 0.28, 0.72, 0.330029
1, 0.330315, 0.28, 0.72, 0.332185
1, 0.334735, 0.28, 0.72, 0.330121
1, 0.334656, 0.28, 0.72, 0.333995
1, 0.329608, 0.28, 0.72, 0.330698
1, 0.3245, 0.28, 0.72, 0.329521
1, 0.327826, 0.28, 0.72, 0.329712
1, 0.330199, 0.28, 0.72, 0.331526
1, 0.321731, 0.28, 0.72, 0.325967
1, 0.323631, 0.28, 0.72, 0.326541
1, 0.326907, 0.28, 0.72, 0.327936
1, 0.333605, 0.28, 0.72, 0.328872
1, 0.328861, 0.28, 0.72, 0.328925
1, 0.322227, 0.28, 0.72, 0.323526
1, 0.341489, 0.29, 0.71, 0.340179
1, 0.333181, 0.29, 0.71, 0.338546
1, 0.333217, 0.29, 0.71, 0.337758
1, 0.347823, 0.29, 0.71, 0.342167
1, 0.343106, 0.29, 0.71, 0.343577
1, 0.341908, 0.29, 0.71, 0.341576
1, 0.339017, 0.29, 0.71, 0.344062
1, 0.345226, 0.29, 0.71, 0.345322
1, 0.339143, 0.29, 0.71, 0.341927
1, 0.335154, 0.29, 0.71, 0.343925
1, 0.345517, 0.29, 0.71, 0.34309
1, 0.345965, 0.29, 0.71, 0.346873
1, 0.334675, 0.29, 0.71, 0.33268
1, 0.344547, 0.29, 0.71, 0.347291
1, 0.343684, 0.29, 0.71, 0.338412
1, 0.343932, 0.29, 0.71, 0.345274
1, 0.338111, 0.29, 0.71, 0.343379
1, 0.336878, 0.29, 0.71, 0.335219
1, 0.332985, 0.29, 0.71, 0.336835
1, 0.338659, 0.29, 0.71, 0.339007
1, 0.346486, 0.29, 0.71, 0.34944
1, 0.354645, 0.29, 0.71, 0.349767
1, 0.333117, 0.29, 0.71, 0.340577
1, 0.341225, 0.29, 0.71, 0.343408
1, 0.338471, 0.29, 0.71, 0.341327
1, 0.357711, 0.3, 0.7, 0.357394
1, 0.35892, 0.3, 0.7, 0.354948
1, 0.359867, 0.3, 0.7, 0.357419
1, 0.357383, 0.3, 0.7, 0.354541
1, 0.348615, 0.3, 0.7, 0.351608
1, 0.347017, 0.3, 0.7, 0.349305
1, 0.351541, 0.3, 0.7, 0.350312
1, 0.357731, 0.3, 0.7, 0.356987
1, 0.353486, 0.3, 0.7, 0.352294
1, 0.375386, 0.3, 0.7, 0.371169
1, 0.360937, 0.3, 0.7, 0.356905
1, 0.35862, 0.3, 0.7, 0.355604
1, 0.359852, 0.3, 0.7, 0.357962
1, 0.350651, 0.3, 0.7, 0.352291
1, 0.360676, 0.3, 0.7, 0.357706
1, 0.354099, 0.3, 0.7, 0.356055
1, 0.349771, 0.3, 0.7, 0.350396
1, 0.360811, 0.3, 0.7, 0.362857
1, 0.35583, 0.3, 0.7, 0.356446
1, 0.356351, 0.3, 0.7, 0.363658
1, 0.355071, 0.3, 0.7, 0.353095
1, 0.35143, 0.3, 0.7, 0.352573
1, 0.353892, 0.3, 0.7, 0.357567
1, 0.356116, 0.3, 0.7, 0.359722
1, 0.360191, 0.3, 0.7, 0.357101
