# B5 Gamma Dynamic Simulation Results
# Strategy schedule: schedules/schedule_b5_gamma_adaptive_petty.txt
# Gamma schedule: schedules/gamma_schedule_volatile.txt
# Hash rate range: 0.15 - 0.3 (15% - 30%) in 0.01 increments
InitialGamma, Miner0_ProfitFraction, Miner0_HashRate, Miner1_HashRate, Miner0_BlockFraction
0.95, 0.161572, 0.15, 0.85, 0.16396
0.95, 0.163976, 0.15, 0.85, 0.162952
0.95, 0.161618, 0.15, 0.85, 0.159177
0.95, 0.159609, 0.15, 0.85, 0.160002
0.95, 0.155914, 0.15, 0.85, 0.155017
0.95, 0.158144, 0.15, 0.85, 0.153889
0.95, 0.158622, 0.15, 0.85, 0.160259
0.95, 0.161653, 0.15, 0.85, 0.158068
0.95, 0.160489, 0.15, 0.85, 0.158889
0.95, 0.161613, 0.15, 0.85, 0.15863
0.95, 0.154122, 0.15, 0.85, 0.156101
0.95, 0.158556, 0.15, 0.85, 0.159343
0.95, 0.151613, 0.15, 0.85, 0.160731
0.95, 0.155344, 0.15, 0.85, 0.154648
0.95, 0.156983, 0.15, 0.85, 0.159095
0.95, 0.157314, 0.15, 0.85, 0.157476
0.95, 0.159727, 0.15, 0.85, 0.160158
0.95, 0.155537, 0.15, 0.85, 0.159716
0.95, 0.163616, 0.15, 0.85, 0.16603
0.95, 0.159125, 0.15, 0.85, 0.164082
0.95, 0.161534, 0.15, 0.85, 0.162906
0.95, 0.161207, 0.15, 0.85, 0.160572
0.95, 0.155766, 0.15, 0.85, 0.15653
0.95, 0.15417, 0.15, 0.85, 0.155109
0.95, 0.156415, 0.15, 0.85, 0.158685
0.95, 0.175369, 0.16, 0.84, 0.175112
0.95, 0.16869, 0.16, 0.84, 0.171101
0.95, 0.169086, 0.16, 0.84, 0.16913
0.95, 0.175819, 0.16, 0.84, 0.174127
0.95, 0.168293, 0.16, 0.84, 0.169468
0.95, 0.167, 0.16, 0.84, 0.170921
0.95, 0.16927, 0.16, 0.84, 0.168269
0.95, 0.172243, 0.16, 0.84, 0.173965
0.95, 0.182158, 0.16, 0.84, 0.178876
0.95, 0.174034, 0.16, 0.84, 0.1729
0.95, 0.171527, 0.16, 0.84, 0.170995
0.95, 0.168049, 0.16, 0.84, 0.170405
0.95, 0.168104, 0.16, 0.84, 0.170931
0.95, 0.170249, 0.16, 0.84, 0.16762
0.95, 0.174043, 0.16, 0.84, 0.172467
0.95, 0.1698, 0.16, 0.84, 0.172378
0.95, 0.173996, 0.16, 0.84, 0.174649
0.95, 0.173715, 0.16, 0.84, 0.174407
0.95, 0.169794, 0.16, 0.84, 0.172923
0.95, 0.162216, 0.16, 0.84, 0.169936
0.95, 0.169004, 0.16, 0.84, 0.171522
0.95, 0.173545, 0.16, 0.84, 0.170872
0.95, 0.171442, 0.16, 0.84, 0.170087
0.95, 0.163802, 0.16, 0.84, 0.166934
0.95, 0.17183, 0.16, 0.84, 0.171828
0.95, 0.18294, 0.17, 0.83, 0.185411
0.95, 0.178883, 0.17, 0.83, 0.186145
0.95, 0.181687, 0.17, 0.83, 0.184734
0.95, 0.190206, 0.17, 0.83, 0.188699
0.95, 0.190915, 0.17, 0.83, 0.186725
0.95, 0.178831, 0.17, 0.83, 0.1835
0.95, 0.185002, 0.17, 0.83, 0.183915
0.95, 0.189664, 0.17, 0.83, 0.186913
0.95, 0.176031, 0.17, 0.83, 0.18151
0.95, 0.181558, 0.17, 0.83, 0.187653
0.95, 0.186956, 0.17, 0.83, 0.189401
0.95, 0.18791, 0.17, 0.83, 0.186101
0.95, 0.184522, 0.17, 0.83, 0.185147
0.95, 0.183884, 0.17, 0.83, 0.183698
0.95, 0.180693, 0.17, 0.83, 0.185189
0.95, 0.186419, 0.17, 0.83, 0.188052
0.95, 0.187252, 0.17, 0.83, 0.181315
0.95, 0.179478, 0.17, 0.83, 0.179213
0.95, 0.178467, 0.17, 0.83, 0.185346
0.95, 0.186804, 0.17, 0.83, 0.187113
0.95, 0.182973, 0.17, 0.83, 0.183944
0.95, 0.188861, 0.17, 0.83, 0.183965
0.95, 0.184059, 0.17, 0.83, 0.186956
0.95, 0.183344, 0.17, 0.83, 0.186301
0.95, 0.186455, 0.17, 0.83, 0.188086
0.95, 0.193947, 0.18, 0.82, 0.196952
0.95, 0.197899, 0.18, 0.82, 0.196866
0.95, 0.201814, 0.18, 0.82, 0.202965
0.95, 0.198908, 0.18, 0.82, 0.200444
0.95, 0.199093, 0.18, 0.82, 0.203636
0.95, 0.198826, 0.18, 0.82, 0.197689
0.95, 0.182573, 0.18, 0.82, 0.187972
0.95, 0.194288, 0.18, 0.82, 0.198361
0.95, 0.200521, 0.18, 0.82, 0.195865
0.95, 0.198933, 0.18, 0.82, 0.19727
0.95, 0.187155, 0.18, 0.82, 0.192303
0.95, 0.19134, 0.18, 0.82, 0.195653
0.95, 0.198768, 0.18, 0.82, 0.19427
0.95, 0.194959, 0.18, 0.82, 0.194323
0.95, 0.183869, 0.18, 0.82, 0.189928
0.95, 0.192896, 0.18, 0.82, 0.197834
0.95, 0.192904, 0.18, 0.82, 0.193791
0.95, 0.195427, 0.18, 0.82, 0.200058
0.95, 0.192246, 0.18, 0.82, 0.196243
0.95, 0.197047, 0.18, 0.82, 0.197719
0.95, 0.190395, 0.18, 0.82, 0.194788
0.95, 0.199782, 0.18, 0.82, 0.197591
0.95, 0.199075, 0.18, 0.82, 0.19409
0.95, 0.197219, 0.18, 0.82, 0.193977
0.95, 0.189338, 0.18, 0.82, 0.189682
0.95, 0.216096, 0.19, 0.81, 0.216455
0.95, 0.209586, 0.19, 0.81, 0.209734
0.95, 0.207691, 0.19, 0.81, 0.209825
0.95, 0.205955, 0.19, 0.81, 0.211303
0.95, 0.207749, 0.19, 0.81, 0.209286
0.95, 0.215429, 0.19, 0.81, 0.216073
0.95, 0.207299, 0.19, 0.81, 0.206646
0.95, 0.211965, 0.19, 0.81, 0.213463
0.95, 0.209117, 0.19, 0.81, 0.210721
0.95, 0.212296, 0.19, 0.81, 0.210068
0.95, 0.207019, 0.19, 0.81, 0.208975
0.95, 0.207298, 0.19, 0.81, 0.205227
0.95, 0.207852, 0.19, 0.81, 0.209824
0.95, 0.205032, 0.19, 0.81, 0.21086
0.95, 0.196549, 0.19, 0.81, 0.198954
0.95, 0.209906, 0.19, 0.81, 0.210609
0.95, 0.20588, 0.19, 0.81, 0.206151
0.95, 0.201373, 0.19, 0.81, 0.209162
0.95, 0.210387, 0.19, 0.81, 0.211407
0.95, 0.201776, 0.19, 0.81, 0.205791
0.95, 0.204839, 0.19, 0.81, 0.209407
0.95, 0.20744, 0.19, 0.81, 0.20271
0.95, 0.218347, 0.19, 0.81, 0.212028
0.95, 0.214099, 0.19, 0.81, 0.214069
0.95, 0.210277, 0.19, 0.81, 0.211744
0.95, 0.22983, 0.2, 0.8, 0.225316
0.95, 0.220405, 0.2, 0.8, 0.223464
0.95, 0.220963, 0.2, 0.8, 0.222919
0.95, 0.217244, 0.2, 0.8, 0.22044
0.95, 0.226083, 0.2, 0.8, 0.221709
0.95, 0.216387, 0.2, 0.8, 0.217764
0.95, 0.218286, 0.2, 0.8, 0.223326
0.95, 0.223137, 0.2, 0.8, 0.221806
0.95, 0.220755, 0.2, 0.8, 0.226275
0.95, 0.224759, 0.2, 0.8, 0.223196
0.95, 0.222508, 0.2, 0.8, 0.221987
0.95, 0.226717, 0.2, 0.8, 0.219744
0.95, 0.223079, 0.2, 0.8, 0.226349
0.95, 0.218846, 0.2, 0.8, 0.223166
0.95, 0.221509, 0.2, 0.8, 0.224754
0.95, 0.2168, 0.2, 0.8, 0.216886
0.95, 0.225596, 0.2, 0.8, 0.227109
0.95, 0.224649, 0.2, 0.8, 0.226871
0.95, 0.223844, 0.2, 0.8, 0.222005
0.95, 0.217317, 0.2, 0.8, 0.22104
0.95, 0.217247, 0.2, 0.8, 0.218523
0.95, 0.221961, 0.2, 0.8, 0.225037
0.95, 0.221468, 0.2, 0.8, 0.227389
0.95, 0.21589, 0.2, 0.8, 0.2224
0.95, 0.224112, 0.2, 0.8, 0.228001
0.95, 0.223837, 0.21, 0.79, 0.229395
0.95, 0.229669, 0.21, 0.79, 0.235249
0.95, 0.234217, 0.21, 0.79, 0.23476
0.95, 0.234561, 0.21, 0.79, 0.234724
0.95, 0.228876, 0.21, 0.79, 0.232133
0.95, 0.227234, 0.21, 0.79, 0.228629
0.95, 0.235, 0.21, 0.79, 0.235016
0.95, 0.237744, 0.21, 0.79, 0.238692
0.95, 0.233987, 0.21, 0.79, 0.236015
0.95, 0.22767, 0.21, 0.79, 0.232526
0.95, 0.238327, 0.21, 0.79, 0.236272
0.95, 0.240336, 0.21, 0.79, 0.238815
0.95, 0.239907, 0.21, 0.79, 0.238285
0.95, 0.230873, 0.21, 0.79, 0.233178
0.95, 0.235861, 0.21, 0.79, 0.237129
0.95, 0.226058, 0.21, 0.79, 0.227503
0.95, 0.236123, 0.21, 0.79, 0.235605
0.95, 0.232108, 0.21, 0.79, 0.239037
0.95, 0.232345, 0.21, 0.79, 0.234775
0.95, 0.236435, 0.21, 0.79, 0.237435
0.95, 0.234553, 0.21, 0.79, 0.236323
0.95, 0.238085, 0.21, 0.79, 0.240104
0.95, 0.22747, 0.21, 0.79, 0.235441
0.95, 0.235496, 0.21, 0.79, 0.241587
0.95, 0.228086, 0.21, 0.79, 0.229247
0.95, 0.255481, 0.22, 0.78, 0.257067
0.95, 0.246191, 0.22, 0.78, 0.250689
0.95, 0.241307, 0.22, 0.78, 0.24776
0.95, 0.248443, 0.22, 0.78, 0.255665
0.95, 0.249816, 0.22, 0.78, 0.253592
0.95, 0.254182, 0.22, 0.78, 0.255744
0.95, 0.24599, 0.22, 0.78, 0.246602
0.95, 0.246145, 0.22, 0.78, 0.250941
0.95, 0.250585, 0.22, 0.78, 0.251252
0.95, 0.252071, 0.22, 0.78, 0.250614
0.95, 0.250286, 0.22, 0.78, 0.254159
0.95, 0.241009, 0.22, 0.78, 0.24966
0.95, 0.253531, 0.22, 0.78, 0.255152
0.95, 0.252766, 0.22, 0.78, 0.248446
0.95, 0.248648, 0.22, 0.78, 0.254331
0.95, 0.240793, 0.22, 0.78, 0.24688
0.95, 0.239915, 0.22, 0.78, 0.241442
0.95, 0.253972, 0.22, 0.78, 0.257185
0.95, 0.248673, 0.22, 0.78, 0.250315
0.95, 0.24692, 0.22, 0.78, 0.248739
0.95, 0.243996, 0.22, 0.78, 0.249685
0.95, 0.254002, 0.22, 0.78, 0.25286
0.95, 0.254105, 0.22, 0.78, 0.255426
0.95, 0.240661, 0.22, 0.78, 0.249701
0.95, 0.246739, 0.22, 0.78, 0.248934
0.95, 0.254644, 0.23, 0.77, 0.259443
0.95, 0.267756, 0.23, 0.77, 0.271134
0.95, 0.263885, 0.23, 0.77, 0.270316
0.95, 0.260922, 0.23, 0.77, 0.269778
0.95, 0.258125, 0.23, 0.77, 0.260443
0.95, 0.25904, 0.23, 0.77, 0.261663
0.95, 0.252127, 0.23, 0.77, 0.262783
0.95, 0.268326, 0.23, 0.77, 0.271448
0.95, 0.264583, 0.23, 0.77, 0.263024
0.95, 0.255336, 0.23, 0.77, 0.256092
0.95, 0.267421, 0.23, 0.77, 0.265294
0.95, 0.260523, 0.23, 0.77, 0.261624
0.95, 0.258002, 0.23, 0.77, 0.261267
0.95, 0.256931, 0.23, 0.77, 0.259864
0.95, 0.257043, 0.23, 0.77, 0.263567
0.95, 0.268829, 0.23, 0.77, 0.267541
0.95, 0.2706, 0.23, 0.77, 0.267206
0.95, 0.257717, 0.23, 0.77, 0.264299
0.95, 0.266232, 0.23, 0.77, 0.269546
0.95, 0.262788, 0.23, 0.77, 0.263909
0.95, 0.259118, 0.23, 0.77, 0.263642
0.95, 0.260918, 0.23, 0.77, 0.265077
0.95, 0.261387, 0.23, 0.77, 0.259557
0.95, 0.260843, 0.23, 0.77, 0.262332
0.95, 0.256459, 0.23, 0.77, 0.264081
0.95, 0.281792, 0.24, 0.76, 0.283335
0.95, 0.282886, 0.24, 0.76, 0.279118
0.95, 0.274245, 0.24, 0.76, 0.278027
0.95, 0.268095, 0.24, 0.76, 0.27473
0.95, 0.278555, 0.24, 0.76, 0.276593
0.95, 0.277674, 0.24, 0.76, 0.280223
0.95, 0.267162, 0.24, 0.76, 0.276923
0.95, 0.279132, 0.24, 0.76, 0.281011
0.95, 0.270061, 0.24, 0.76, 0.269916
0.95, 0.274464, 0.24, 0.76, 0.283648
0.95, 0.26822, 0.24, 0.76, 0.277933
0.95, 0.281364, 0.24, 0.76, 0.282724
0.95, 0.271874, 0.24, 0.76, 0.270155
0.95, 0.282019, 0.24, 0.76, 0.279049
0.95, 0.271489, 0.24, 0.76, 0.274857
0.95, 0.274499, 0.24, 0.76, 0.277774
0.95, 0.269033, 0.24, 0.76, 0.278459
0.95, 0.275734, 0.24, 0.76, 0.282342
0.95, 0.263558, 0.24, 0.76, 0.275255
0.95, 0.274009, 0.24, 0.76, 0.276179
0.95, 0.268896, 0.24, 0.76, 0.273641
0.95, 0.269673, 0.24, 0.76, 0.270151
0.95, 0.274083, 0.24, 0.76, 0.277417
0.95, 0.265585, 0.24, 0.76, 0.274375
0.95, 0.276332, 0.24, 0.76, 0.277845
0.95, 0.305668, 0.25, 0.75, 0.299332
0.95, 0.288264, 0.25, 0.75, 0.295874
0.95, 0.2814, 0.25, 0.75, 0.286501
0.95, 0.29503, 0.25, 0.75, 0.297993
0.95, 0.291179, 0.25, 0.75, 0.290188
0.95, 0.283298, 0.25, 0.75, 0.286582
0.95, 0.28818, 0.25, 0.75, 0.288659
0.95, 0.288703, 0.25, 0.75, 0.293299
0.95, 0.29857, 0.25, 0.75, 0.29986
0.95, 0.286036, 0.25, 0.75, 0.297348
0.95, 0.285082, 0.25, 0.75, 0.289515
0.95, 0.28777, 0.25, 0.75, 0.295825
0.95, 0.277972, 0.25, 0.75, 0.285688
0.95, 0.283279, 0.25, 0.75, 0.291488
0.95, 0.293946, 0.25, 0.75, 0.293322
0.95, 0.292868, 0.25, 0.75, 0.293576
0.95, 0.296612, 0.25, 0.75, 0.297297
0.95, 0.291008, 0.25, 0.75, 0.291325
0.95, 0.295954, 0.25, 0.75, 0.294873
0.95, 0.295011, 0.25, 0.75, 0.294675
0.95, 0.284402, 0.25, 0.75, 0.290445
0.95, 0.285369, 0.25, 0.75, 0.29214
0.95, 0.285704, 0.25, 0.75, 0.287536
0.95, 0.291726, 0.25, 0.75, 0.293671
0.95, 0.29346, 0.25, 0.75, 0.295383
0.95, 0.301697, 0.26, 0.74, 0.308096
0.95, 0.296193, 0.26, 0.74, 0.306538
0.95, 0.305648, 0.26, 0.74, 0.310235
0.95, 0.314131, 0.26, 0.74, 0.317076
0.95, 0.308732, 0.26, 0.74, 0.316546
0.95, 0.307882, 0.26, 0.74, 0.315084
0.95, 0.300949, 0.26, 0.74, 0.308129
0.95, 0.295037, 0.26, 0.74, 0.300832
0.95, 0.302921, 0.26, 0.74, 0.310315
0.95, 0.300987, 0.26, 0.74, 0.30171
0.95, 0.296561, 0.26, 0.74, 0.298961
0.95, 0.29886, 0.26, 0.74, 0.305924
0.95, 0.314079, 0.26, 0.74, 0.317524
0.95, 0.309546, 0.26, 0.74, 0.306795
0.95, 0.310064, 0.26, 0.74, 0.309794
0.95, 0.305489, 0.26, 0.74, 0.308588
0.95, 0.314752, 0.26, 0.74, 0.313017
0.95, 0.29529, 0.26, 0.74, 0.302953
0.95, 0.303271, 0.26, 0.74, 0.304979
0.95, 0.300511, 0.26, 0.74, 0.301095
0.95, 0.306585, 0.26, 0.74, 0.308716
0.95, 0.299866, 0.26, 0.74, 0.305507
0.95, 0.297877, 0.26, 0.74, 0.304628
0.95, 0.29461, 0.26, 0.74, 0.296602
0.95, 0.311421, 0.26, 0.74, 0.309876
0.95, 0.297114, 0.27, 0.73, 0.307805
0.95, 0.314769, 0.27, 0.73, 0.312117
0.95, 0.311979, 0.27, 0.73, 0.318171
0.95, 0.330435, 0.27, 0.73, 0.332531
0.95, 0.319754, 0.27, 0.73, 0.325066
0.95, 0.317184, 0.27, 0.73, 0.323562
0.95, 0.309081, 0.27, 0.73, 0.316028
0.95, 0.313891, 0.27, 0.73, 0.321538
0.95, 0.320979, 0.27, 0.73, 0.326936
0.95, 0.32566, 0.27, 0.73, 0.326935
0.95, 0.323029, 0.27, 0.73, 0.326671
0.95, 0.32055, 0.27, 0.73, 0.323539
0.95, 0.320341, 0.27, 0.73, 0.317762
0.95, 0.32051, 0.27, 0.73, 0.319638
0.95, 0.319163, 0.27, 0.73, 0.322487
0.95, 0.315289, 0.27, 0.73, 0.317855
0.95, 0.313573, 0.27, 0.73, 0.315747
0.95, 0.310638, 0.27, 0.73, 0.315023
0.95, 0.310891, 0.27, 0.73, 0.317123
0.95, 0.309377, 0.27, 0.73, 0.314628
0.95, 0.321105, 0.27, 0.73, 0.319506
0.95, 0.317705, 0.27, 0.73, 0.324858
0.95, 0.31588, 0.27, 0.73, 0.317722
0.95, 0.311674, 0.27, 0.73, 0.322387
0.95, 0.309263, 0.27, 0.73, 0.320518
0.95, 0.342489, 0.28, 0.72, 0.34151
0.95, 0.323436, 0.28, 0.72, 0.329575
0.95, 0.329822, 0.28, 0.72, 0.332877
0.95, 0.338706, 0.28, 0.72, 0.333787
0.95, 0.329659, 0.28, 0.72, 0.333979
0.95, 0.342647, 0.28, 0.72, 0.346484
0.95, 0.325317, 0.28, 0.72, 0.331175
0.95, 0.329897, 0.28, 0.72, 0.336744
0.95, 0.335374, 0.28, 0.72, 0.343002
0.95, 0.336137, 0.28, 0.72, 0.34321
0.95, 0.337314, 0.28, 0.72, 0.335465
0.95, 0.326572, 0.28, 0.72, 0.339659
0.95, 0.330943, 0.28, 0.72, 0.333562
0.95, 0.344025, 0.28, 0.72, 0.344886
0.95, 0.344922, 0.28, 0.72, 0.345807
0.95, 0.326433, 0.28, 0.72, 0.333064
0.95, 0.341315, 0.28, 0.72, 0.340491
0.95, 0.339753, 0.28, 0.72, 0.341741
0.95, 0.330877, 0.28, 0.72, 0.33558
0.95, 0.334473, 0.28, 0.72, 0.337986
0.95, 0.329074, 0.28, 0.72, 0.33675
0.95, 0.319648, 0.28, 0.72, 0.328771
0.95, 0.32498, 0.28, 0.72, 0.328319
0.95, 0.330859, 0.28, 0.72, 0.334856
0.95, 0.316366, 0.28, 0.72, 0.324678
0.95, 0.348637, 0.29, 0.71, 0.355176
0.95, 0.37413, 0.29, 0.71, 0.364232
0.95, 0.353281, 0.29, 0.71, 0.358258
0.95, 0.343303, 0.29, 0.71, 0.352081
0.95, 0.346942, 0.29, 0.71, 0.35751
0.95, 0.359132, 0.29, 0.71, 0.357594
0.95, 0.345781, 0.29, 0.71, 0.351095
0.95, 0.353469, 0.29, 0.71, 0.353525
0.95, 0.347187, 0.29, 0.71, 0.348028
0.95, 0.340984, 0.29, 0.71, 0.345848
0.95, 0.336658, 0.29, 0.71, 0.341989
0.95, 0.358073, 0.29, 0.71, 0.35169
0.95, 0.344053, 0.29, 0.71, 0.349581
0.95, 0.359687, 0.29, 0.71, 0.356655
0.95, 0.350549, 0.29, 0.71, 0.360095
0.95, 0.349379, 0.29, 0.71, 0.347424
0.95, 0.350532, 0.29, 0.71, 0.354825
0.95, 0.350757, 0.29, 0.71, 0.351326
0.95, 0.349277, 0.29, 0.71, 0.360578
0.95, 0.337823, 0.29, 0.71, 0.344934
0.95, 0.344428, 0.29, 0.71, 0.34985
0.95, 0.354313, 0.29, 0.71, 0.354581
0.95, 0.348086, 0.29, 0.71, 0.35201
0.95, 0.344679, 0.29, 0.71, 0.348417
0.95, 0.345454, 0.29, 0.71, 0.345904
0.95, 0.377168, 0.3, 0.7, 0.374103
0.95, 0.371971, 0.3, 0.7, 0.370408
0.95, 0.377397, 0.3, 0.7, 0.37714
0.95, 0.362871, 0.3, 0.7, 0.367321
0.95, 0.36367, 0.3, 0.7, 0.36918
0.95, 0.366111, 0.3, 0.7, 0.367084
0.95, 0.367644, 0.3, 0.7, 0.369951
0.95, 0.355411, 0.3, 0.7, 0.362738
0.95, 0.361673, 0.3, 0.7, 0.366245
0.95, 0.376827, 0.3, 0.7, 0.374952
0.95, 0.370109, 0.3, 0.7, 0.366533
0.95, 0.360238, 0.3, 0.7, 0.364283
0.95, 0.369762, 0.3, 0.7, 0.370954
0.95, 0.361272, 0.3, 0.7, 0.369207
0.95, 0.360406, 0.3, 0.7, 0.366344
0.95, 0.351861, 0.3, 0.7, 0.354305
0.95, 0.371972, 0.3, 0.7, 0.374822
0.95, 0.35921, 0.3, 0.7, 0.36815
0.95, 0.37111, 0.3, 0.7, 0.372212
0.95, 0.369328, 0.3, 0.7, 0.372112
0.95, 0.357664, 0.3, 0.7, 0.360882
0.95, 0.356264, 0.3, 0.7, 0.363249
0.95, 0.35928, 0.3, 0.7, 0.364613
0.95, 0.357291, 0.3, 0.7, 0.358886
0.95, 0.35944, 0.3, 0.7, 0.363982
