# B5 Gamma Dynamic Simulation Results
# Strategy schedule: schedules/schedule_b5_gamma_fork_variants.txt
# Gamma schedule: schedules/gamma_schedule_volatile.txt
# Hash rate range: 0.15 - 0.3 (15% - 30%) in 0.01 increments
InitialGamma, Miner0_ProfitFraction, Miner0_HashRate, Miner1_HashRate, Miner0_BlockFraction
0.95, 0.160067, 0.15, 0.85, 0.159248
0.95, 0.1605, 0.15, 0.85, 0.159493
0.95, 0.15914, 0.15, 0.85, 0.16283
0.95, 0.157513, 0.15, 0.85, 0.155765
0.95, 0.147527, 0.15, 0.85, 0.153725
0.95, 0.156525, 0.15, 0.85, 0.158467
0.95, 0.162414, 0.15, 0.85, 0.159561
0.95, 0.160548, 0.15, 0.85, 0.160786
0.95, 0.15476, 0.15, 0.85, 0.156626
0.95, 0.161331, 0.15, 0.85, 0.158454
0.95, 0.161996, 0.15, 0.85, 0.160115
0.95, 0.167047, 0.15, 0.85, 0.163356
0.95, 0.156665, 0.15, 0.85, 0.1589
0.95, 0.160561, 0.15, 0.85, 0.160516
0.95, 0.149445, 0.15, 0.85, 0.154459
0.95, 0.152944, 0.15, 0.85, 0.154987
0.95, 0.15924, 0.15, 0.85, 0.156177
0.95, 0.150632, 0.15, 0.85, 0.152201
0.95, 0.155239, 0.15, 0.85, 0.159267
0.95, 0.155791, 0.15, 0.85, 0.159654
0.95, 0.167255, 0.15, 0.85, 0.162973
0.95, 0.16264, 0.15, 0.85, 0.162011
0.95, 0.16111, 0.15, 0.85, 0.164862
0.95, 0.152578, 0.15, 0.85, 0.163299
0.95, 0.158319, 0.15, 0.85, 0.156948
0.95, 0.179705, 0.16, 0.84, 0.173643
0.95, 0.164004, 0.16, 0.84, 0.16819
0.95, 0.175972, 0.16, 0.84, 0.176992
0.95, 0.171525, 0.16, 0.84, 0.171081
0.95, 0.160938, 0.16, 0.84, 0.169401
0.95, 0.179487, 0.16, 0.84, 0.181324
0.95, 0.174306, 0.16, 0.84, 0.175257
0.95, 0.165798, 0.16, 0.84, 0.167587
0.95, 0.171291, 0.16, 0.84, 0.170894
0.95, 0.166011, 0.16, 0.84, 0.167
0.95, 0.170875, 0.16, 0.84, 0.173157
0.95, 0.168697, 0.16, 0.84, 0.170426
0.95, 0.168629, 0.16, 0.84, 0.164763
0.95, 0.172698, 0.16, 0.84, 0.17383
0.95, 0.174905, 0.16, 0.84, 0.171375
0.95, 0.167215, 0.16, 0.84, 0.172219
0.95, 0.170736, 0.16, 0.84, 0.17
0.95, 0.180566, 0.16, 0.84, 0.179347
0.95, 0.174021, 0.16, 0.84, 0.174692
0.95, 0.165602, 0.16, 0.84, 0.167918
0.95, 0.17066, 0.16, 0.84, 0.172817
0.95, 0.167311, 0.16, 0.84, 0.165758
0.95, 0.165059, 0.16, 0.84, 0.16946
0.95, 0.168877, 0.16, 0.84, 0.169169
0.95, 0.167226, 0.16, 0.84, 0.167548
0.95, 0.180021, 0.17, 0.83, 0.183561
0.95, 0.177624, 0.17, 0.83, 0.178619
0.95, 0.186776, 0.17, 0.83, 0.18955
0.95, 0.180894, 0.17, 0.83, 0.181363
0.95, 0.183904, 0.17, 0.83, 0.183881
0.95, 0.174071, 0.17, 0.83, 0.179344
0.95, 0.185454, 0.17, 0.83, 0.187897
0.95, 0.185917, 0.17, 0.83, 0.185249
0.95, 0.18409, 0.17, 0.83, 0.185043
0.95, 0.183836, 0.17, 0.83, 0.182213
0.95, 0.191651, 0.17, 0.83, 0.188568
0.95, 0.182817, 0.17, 0.83, 0.184293
0.95, 0.189658, 0.17, 0.83, 0.186801
0.95, 0.176905, 0.17, 0.83, 0.184229
0.95, 0.176055, 0.17, 0.83, 0.180125
0.95, 0.180421, 0.17, 0.83, 0.177255
0.95, 0.186996, 0.17, 0.83, 0.185302
0.95, 0.183455, 0.17, 0.83, 0.186941
0.95, 0.183012, 0.17, 0.83, 0.182567
0.95, 0.186555, 0.17, 0.83, 0.184573
0.95, 0.183256, 0.17, 0.83, 0.185528
0.95, 0.19148, 0.17, 0.83, 0.189316
0.95, 0.186857, 0.17, 0.83, 0.187032
0.95, 0.180486, 0.17, 0.83, 0.18235
0.95, 0.181217, 0.17, 0.83, 0.18135
0.95, 0.193171, 0.18, 0.82, 0.196949
0.95, 0.199557, 0.18, 0.82, 0.202138
0.95, 0.19019, 0.18, 0.82, 0.199344
0.95, 0.19654, 0.18, 0.82, 0.19701
0.95, 0.189152, 0.18, 0.82, 0.194449
0.95, 0.197061, 0.18, 0.82, 0.198352
0.95, 0.198912, 0.18, 0.82, 0.19941
0.95, 0.199287, 0.18, 0.82, 0.202739
0.95, 0.204574, 0.18, 0.82, 0.205
0.95, 0.18872, 0.18, 0.82, 0.194924
0.95, 0.202435, 0.18, 0.82, 0.198854
0.95, 0.195962, 0.18, 0.82, 0.20227
0.95, 0.191264, 0.18, 0.82, 0.194137
0.95, 0.195659, 0.18, 0.82, 0.193965
0.95, 0.192806, 0.18, 0.82, 0.193418
0.95, 0.186374, 0.18, 0.82, 0.189793
0.95, 0.19427, 0.18, 0.82, 0.194293
0.95, 0.194735, 0.18, 0.82, 0.197875
0.95, 0.194714, 0.18, 0.82, 0.196099
0.95, 0.196926, 0.18, 0.82, 0.200759
0.95, 0.205626, 0.18, 0.82, 0.202245
0.95, 0.195254, 0.18, 0.82, 0.191109
0.95, 0.195831, 0.18, 0.82, 0.195369
0.95, 0.196801, 0.18, 0.82, 0.196735
0.95, 0.19697, 0.18, 0.82, 0.201616
0.95, 0.216758, 0.19, 0.81, 0.217864
0.95, 0.207424, 0.19, 0.81, 0.209815
0.95, 0.211504, 0.19, 0.81, 0.211991
0.95, 0.213377, 0.19, 0.81, 0.209472
0.95, 0.200447, 0.19, 0.81, 0.201879
0.95, 0.216623, 0.19, 0.81, 0.212944
0.95, 0.211414, 0.19, 0.81, 0.211268
0.95, 0.205551, 0.19, 0.81, 0.208764
0.95, 0.208627, 0.19, 0.81, 0.210066
0.95, 0.210461, 0.19, 0.81, 0.215359
0.95, 0.208118, 0.19, 0.81, 0.207224
0.95, 0.207921, 0.19, 0.81, 0.210924
0.95, 0.204966, 0.19, 0.81, 0.208798
0.95, 0.213592, 0.19, 0.81, 0.211103
0.95, 0.203722, 0.19, 0.81, 0.205629
0.95, 0.203635, 0.19, 0.81, 0.206694
0.95, 0.212615, 0.19, 0.81, 0.21452
0.95, 0.211244, 0.19, 0.81, 0.208401
0.95, 0.204301, 0.19, 0.81, 0.208289
0.95, 0.21928, 0.19, 0.81, 0.219637
0.95, 0.207898, 0.19, 0.81, 0.210881
0.95, 0.212536, 0.19, 0.81, 0.209974
0.95, 0.207496, 0.19, 0.81, 0.214139
0.95, 0.214848, 0.19, 0.81, 0.211914
0.95, 0.206068, 0.19, 0.81, 0.210708
0.95, 0.228083, 0.2, 0.8, 0.228763
0.95, 0.227867, 0.2, 0.8, 0.22643
0.95, 0.21555, 0.2, 0.8, 0.218605
0.95, 0.214649, 0.2, 0.8, 0.219809
0.95, 0.222534, 0.2, 0.8, 0.223574
0.95, 0.224731, 0.2, 0.8, 0.223104
0.95, 0.217189, 0.2, 0.8, 0.217065
0.95, 0.225324, 0.2, 0.8, 0.227292
0.95, 0.219568, 0.2, 0.8, 0.221068
0.95, 0.226558, 0.2, 0.8, 0.230097
0.95, 0.219086, 0.2, 0.8, 0.224311
0.95, 0.227367, 0.2, 0.8, 0.229821
0.95, 0.217924, 0.2, 0.8, 0.220222
0.95, 0.226852, 0.2, 0.8, 0.224984
0.95, 0.235528, 0.2, 0.8, 0.230564
0.95, 0.224767, 0.2, 0.8, 0.222717
0.95, 0.22477, 0.2, 0.8, 0.226917
0.95, 0.219291, 0.2, 0.8, 0.221625
0.95, 0.221567, 0.2, 0.8, 0.221057
0.95, 0.214137, 0.2, 0.8, 0.214436
0.95, 0.229108, 0.2, 0.8, 0.22723
0.95, 0.222396, 0.2, 0.8, 0.219658
0.95, 0.226336, 0.2, 0.8, 0.227919
0.95, 0.224019, 0.2, 0.8, 0.223085
0.95, 0.22401, 0.2, 0.8, 0.220752
0.95, 0.245312, 0.21, 0.79, 0.239354
0.95, 0.234524, 0.21, 0.79, 0.236499
0.95, 0.238234, 0.21, 0.79, 0.240539
0.95, 0.234419, 0.21, 0.79, 0.238509
0.95, 0.23342, 0.21, 0.79, 0.234104
0.95, 0.236448, 0.21, 0.79, 0.236278
0.95, 0.234146, 0.21, 0.79, 0.241834
0.95, 0.2368, 0.21, 0.79, 0.23703
0.95, 0.228514, 0.21, 0.79, 0.232048
0.95, 0.236708, 0.21, 0.79, 0.239223
0.95, 0.238124, 0.21, 0.79, 0.239322
0.95, 0.234463, 0.21, 0.79, 0.233955
0.95, 0.232606, 0.21, 0.79, 0.239548
0.95, 0.244902, 0.21, 0.79, 0.24208
0.95, 0.231573, 0.21, 0.79, 0.235329
0.95, 0.234223, 0.21, 0.79, 0.240517
0.95, 0.241369, 0.21, 0.79, 0.242457
0.95, 0.229587, 0.21, 0.79, 0.234578
0.95, 0.241429, 0.21, 0.79, 0.243306
0.95, 0.241178, 0.21, 0.79, 0.236721
0.95, 0.237809, 0.21, 0.79, 0.240912
0.95, 0.244536, 0.21, 0.79, 0.240673
0.95, 0.235029, 0.21, 0.79, 0.238402
0.95, 0.235936, 0.21, 0.79, 0.239581
0.95, 0.235547, 0.21, 0.79, 0.238677
0.95, 0.23365, 0.22, 0.78, 0.243857
0.95, 0.251624, 0.22, 0.78, 0.25391
0.95, 0.254588, 0.22, 0.78, 0.253672
0.95, 0.243483, 0.22, 0.78, 0.24972
0.95, 0.253646, 0.22, 0.78, 0.257571
0.95, 0.245668, 0.22, 0.78, 0.25171
0.95, 0.249067, 0.22, 0.78, 0.252328
0.95, 0.245234, 0.22, 0.78, 0.251375
0.95, 0.257087, 0.22, 0.78, 0.254163
0.95, 0.244451, 0.22, 0.78, 0.246724
0.95, 0.251317, 0.22, 0.78, 0.25328
0.95, 0.247302, 0.22, 0.78, 0.247284
0.95, 0.247217, 0.22, 0.78, 0.247053
0.95, 0.243008, 0.22, 0.78, 0.245462
0.95, 0.250302, 0.22, 0.78, 0.252481
0.95, 0.247631, 0.22, 0.78, 0.251059
0.95, 0.245617, 0.22, 0.78, 0.251177
0.95, 0.243128, 0.22, 0.78, 0.24796
0.95, 0.240293, 0.22, 0.78, 0.247035
0.95, 0.242381, 0.22, 0.78, 0.248268
0.95, 0.243284, 0.22, 0.78, 0.251658
0.95, 0.249965, 0.22, 0.78, 0.250596
0.95, 0.253288, 0.22, 0.78, 0.253994
0.95, 0.240759, 0.22, 0.78, 0.244542
0.95, 0.241014, 0.22, 0.78, 0.246651
0.95, 0.258252, 0.23, 0.77, 0.266093
0.95, 0.262156, 0.23, 0.77, 0.268185
0.95, 0.255369, 0.23, 0.77, 0.255209
0.95, 0.264914, 0.23, 0.77, 0.263744
0.95, 0.247052, 0.23, 0.77, 0.253984
0.95, 0.265209, 0.23, 0.77, 0.267229
0.95, 0.249857, 0.23, 0.77, 0.261663
0.95, 0.261981, 0.23, 0.77, 0.264662
0.95, 0.261126, 0.23, 0.77, 0.259712
0.95, 0.264886, 0.23, 0.77, 0.262331
0.95, 0.26471, 0.23, 0.77, 0.26148
0.95, 0.249975, 0.23, 0.77, 0.256871
0.95, 0.257057, 0.23, 0.77, 0.26566
0.95, 0.267033, 0.23, 0.77, 0.265701
0.95, 0.259824, 0.23, 0.77, 0.259794
0.95, 0.261994, 0.23, 0.77, 0.267452
0.95, 0.268767, 0.23, 0.77, 0.267407
0.95, 0.266016, 0.23, 0.77, 0.267403
0.95, 0.261185, 0.23, 0.77, 0.262046
0.95, 0.261762, 0.23, 0.77, 0.261961
0.95, 0.254084, 0.23, 0.77, 0.260864
0.95, 0.261673, 0.23, 0.77, 0.261639
0.95, 0.256349, 0.23, 0.77, 0.258673
0.95, 0.257743, 0.23, 0.77, 0.26302
0.95, 0.258982, 0.23, 0.77, 0.264763
0.95, 0.278897, 0.24, 0.76, 0.277656
0.95, 0.269463, 0.24, 0.76, 0.276715
0.95, 0.276425, 0.24, 0.76, 0.283725
0.95, 0.2755, 0.24, 0.76, 0.276587
0.95, 0.272651, 0.24, 0.76, 0.272336
0.95, 0.273533, 0.24, 0.76, 0.279462
0.95, 0.270072, 0.24, 0.76, 0.278344
0.95, 0.270315, 0.24, 0.76, 0.273906
0.95, 0.275894, 0.24, 0.76, 0.277957
0.95, 0.273222, 0.24, 0.76, 0.279144
0.95, 0.278745, 0.24, 0.76, 0.279688
0.95, 0.267272, 0.24, 0.76, 0.275951
0.95, 0.276753, 0.24, 0.76, 0.274639
0.95, 0.270288, 0.24, 0.76, 0.27373
0.95, 0.272385, 0.24, 0.76, 0.278523
0.95, 0.273738, 0.24, 0.76, 0.282467
0.95, 0.274146, 0.24, 0.76, 0.277331
0.95, 0.26456, 0.24, 0.76, 0.271366
0.95, 0.279784, 0.24, 0.76, 0.280948
0.95, 0.276061, 0.24, 0.76, 0.277187
0.95, 0.271295, 0.24, 0.76, 0.279262
0.95, 0.277248, 0.24, 0.76, 0.281591
0.95, 0.259162, 0.24, 0.76, 0.271461
0.95, 0.267935, 0.24, 0.76, 0.273186
0.95, 0.276664, 0.24, 0.76, 0.278969
0.95, 0.296463, 0.25, 0.75, 0.296594
0.95, 0.287774, 0.25, 0.75, 0.293964
0.95, 0.282574, 0.25, 0.75, 0.286458
0.95, 0.288567, 0.25, 0.75, 0.295624
0.95, 0.292372, 0.25, 0.75, 0.294768
0.95, 0.290116, 0.25, 0.75, 0.290638
0.95, 0.277864, 0.25, 0.75, 0.282244
0.95, 0.284604, 0.25, 0.75, 0.289655
0.95, 0.285386, 0.25, 0.75, 0.295407
0.95, 0.285259, 0.25, 0.75, 0.294139
0.95, 0.285791, 0.25, 0.75, 0.28568
0.95, 0.279569, 0.25, 0.75, 0.285609
0.95, 0.286883, 0.25, 0.75, 0.293239
0.95, 0.279039, 0.25, 0.75, 0.284485
0.95, 0.291291, 0.25, 0.75, 0.289448
0.95, 0.290884, 0.25, 0.75, 0.292583
0.95, 0.2871, 0.25, 0.75, 0.290737
0.95, 0.277772, 0.25, 0.75, 0.288547
0.95, 0.295822, 0.25, 0.75, 0.298125
0.95, 0.292048, 0.25, 0.75, 0.294548
0.95, 0.291444, 0.25, 0.75, 0.292001
0.95, 0.281154, 0.25, 0.75, 0.289587
0.95, 0.286815, 0.25, 0.75, 0.290401
0.95, 0.28289, 0.25, 0.75, 0.29098
0.95, 0.292371, 0.25, 0.75, 0.296394
0.95, 0.293324, 0.26, 0.74, 0.303507
0.95, 0.295241, 0.26, 0.74, 0.302326
0.95, 0.310016, 0.26, 0.74, 0.307253
0.95, 0.288247, 0.26, 0.74, 0.298095
0.95, 0.294263, 0.26, 0.74, 0.300315
0.95, 0.29454, 0.26, 0.74, 0.2984
0.95, 0.291279, 0.26, 0.74, 0.301331
0.95, 0.301075, 0.26, 0.74, 0.305087
0.95, 0.291013, 0.26, 0.74, 0.296969
0.95, 0.30289, 0.26, 0.74, 0.306435
0.95, 0.312606, 0.26, 0.74, 0.310305
0.95, 0.298201, 0.26, 0.74, 0.307664
0.95, 0.306748, 0.26, 0.74, 0.309335
0.95, 0.308691, 0.26, 0.74, 0.311644
0.95, 0.304283, 0.26, 0.74, 0.304747
0.95, 0.304859, 0.26, 0.74, 0.308027
0.95, 0.302039, 0.26, 0.74, 0.302084
0.95, 0.300095, 0.26, 0.74, 0.309495
0.95, 0.30643, 0.26, 0.74, 0.308422
0.95, 0.311507, 0.26, 0.74, 0.315341
0.95, 0.302019, 0.26, 0.74, 0.309472
0.95, 0.301246, 0.26, 0.74, 0.306636
0.95, 0.305212, 0.26, 0.74, 0.312323
0.95, 0.297329, 0.26, 0.74, 0.300966
0.95, 0.311746, 0.26, 0.74, 0.308684
0.95, 0.311655, 0.27, 0.73, 0.320687
0.95, 0.317433, 0.27, 0.73, 0.322137
0.95, 0.320787, 0.27, 0.73, 0.327041
0.95, 0.327751, 0.27, 0.73, 0.328167
0.95, 0.327071, 0.27, 0.73, 0.322994
0.95, 0.319032, 0.27, 0.73, 0.321173
0.95, 0.316215, 0.27, 0.73, 0.321485
0.95, 0.312196, 0.27, 0.73, 0.313981
0.95, 0.313433, 0.27, 0.73, 0.323595
0.95, 0.327216, 0.27, 0.73, 0.324677
0.95, 0.321398, 0.27, 0.73, 0.323892
0.95, 0.320357, 0.27, 0.73, 0.324499
0.95, 0.318445, 0.27, 0.73, 0.321006
0.95, 0.310544, 0.27, 0.73, 0.314266
0.95, 0.315995, 0.27, 0.73, 0.323377
0.95, 0.331395, 0.27, 0.73, 0.328405
0.95, 0.319144, 0.27, 0.73, 0.318427
0.95, 0.31809, 0.27, 0.73, 0.325779
0.95, 0.313902, 0.27, 0.73, 0.320677
0.95, 0.301412, 0.27, 0.73, 0.30995
0.95, 0.314083, 0.27, 0.73, 0.31435
0.95, 0.320849, 0.27, 0.73, 0.320557
0.95, 0.319908, 0.27, 0.73, 0.319376
0.95, 0.31401, 0.27, 0.73, 0.318156
0.95, 0.312942, 0.27, 0.73, 0.315842
0.95, 0.331748, 0.28, 0.72, 0.333396
0.95, 0.329911, 0.28, 0.72, 0.338392
0.95, 0.333385, 0.28, 0.72, 0.339802
0.95, 0.321135, 0.28, 0.72, 0.327815
0.95, 0.336348, 0.28, 0.72, 0.338713
0.95, 0.340154, 0.28, 0.72, 0.341453
0.95, 0.32747, 0.28, 0.72, 0.328547
0.95, 0.328762, 0.28, 0.72, 0.336178
0.95, 0.337918, 0.28, 0.72, 0.338599
0.95, 0.333796, 0.28, 0.72, 0.339477
0.95, 0.339721, 0.28, 0.72, 0.342041
0.95, 0.336508, 0.28, 0.72, 0.339439
0.95, 0.329538, 0.28, 0.72, 0.335505
0.95, 0.33263, 0.28, 0.72, 0.338579
0.95, 0.327327, 0.28, 0.72, 0.335089
0.95, 0.329009, 0.28, 0.72, 0.332563
0.95, 0.329174, 0.28, 0.72, 0.335233
0.95, 0.328686, 0.28, 0.72, 0.340559
0.95, 0.33036, 0.28, 0.72, 0.331198
0.95, 0.32366, 0.28, 0.72, 0.328363
0.95, 0.338218, 0.28, 0.72, 0.339931
0.95, 0.338467, 0.28, 0.72, 0.340275
0.95, 0.32938, 0.28, 0.72, 0.335494
0.95, 0.330253, 0.28, 0.72, 0.333858
0.95, 0.331248, 0.28, 0.72, 0.33845
0.95, 0.343601, 0.29, 0.71, 0.351475
0.95, 0.342928, 0.29, 0.71, 0.344401
0.95, 0.354241, 0.29, 0.71, 0.358185
0.95, 0.349744, 0.29, 0.71, 0.351894
0.95, 0.353627, 0.29, 0.71, 0.35619
0.95, 0.344105, 0.29, 0.71, 0.350993
0.95, 0.341996, 0.29, 0.71, 0.343966
0.95, 0.345874, 0.29, 0.71, 0.349543
0.95, 0.340804, 0.29, 0.71, 0.34415
0.95, 0.346218, 0.29, 0.71, 0.353964
0.95, 0.345626, 0.29, 0.71, 0.353947
0.95, 0.349391, 0.29, 0.71, 0.35453
0.95, 0.352082, 0.29, 0.71, 0.358219
0.95, 0.352621, 0.29, 0.71, 0.353247
0.95, 0.355719, 0.29, 0.71, 0.359972
0.95, 0.345851, 0.29, 0.71, 0.350363
0.95, 0.354257, 0.29, 0.71, 0.351175
0.95, 0.34801, 0.29, 0.71, 0.351675
0.95, 0.349709, 0.29, 0.71, 0.35428
0.95, 0.340765, 0.29, 0.71, 0.346575
0.95, 0.349079, 0.29, 0.71, 0.35299
0.95, 0.35038, 0.29, 0.71, 0.356084
0.95, 0.3528, 0.29, 0.71, 0.355961
0.95, 0.343468, 0.29, 0.71, 0.351613
0.95, 0.345275, 0.29, 0.71, 0.348742
0.95, 0.356453, 0.3, 0.7, 0.368833
0.95, 0.366768, 0.3, 0.7, 0.370628
0.95, 0.366361, 0.3, 0.7, 0.367155
0.95, 0.363275, 0.3, 0.7, 0.370039
0.95, 0.360453, 0.3, 0.7, 0.361612
0.95, 0.359912, 0.3, 0.7, 0.363538
0.95, 0.347855, 0.3, 0.7, 0.355697
0.95, 0.356475, 0.3, 0.7, 0.365151
0.95, 0.362961, 0.3, 0.7, 0.370022
0.95, 0.368402, 0.3, 0.7, 0.366599
0.95, 0.369483, 0.3, 0.7, 0.369517
0.95, 0.366331, 0.3, 0.7, 0.369635
0.95, 0.365468, 0.3, 0.7, 0.368094
0.95, 0.365484, 0.3, 0.7, 0.368739
0.95, 0.35768, 0.3, 0.7, 0.366298
0.95, 0.359114, 0.3, 0.7, 0.375103
0.95, 0.36723, 0.3, 0.7, 0.367454
0.95, 0.359877, 0.3, 0.7, 0.365114
0.95, 0.36071, 0.3, 0.7, 0.364914
0.95, 0.362204, 0.3, 0.7, 0.36635
0.95, 0.369601, 0.3, 0.7, 0.370196
0.95, 0.360634, 0.3, 0.7, 0.363533
0.95, 0.357884, 0.3, 0.7, 0.366887
0.95, 0.364465, 0.3, 0.7, 0.368198
0.95, 0.368037, 0.3, 0.7, 0.36499
