# B5 Gamma Dynamic Simulation Results
# Strategy schedule: schedules/schedule_b5_gamma_adaptive_gap.txt
# Gamma schedule: schedules/gamma_schedule_volatile.txt
# Hash rate range: 0.15 - 0.3 (15% - 30%) in 0.01 increments
InitialGamma, Miner0_ProfitFraction, Miner0_HashRate, Miner1_HashRate, Miner0_BlockFraction
0.95, 0.160531, 0.15, 0.85, 0.15953
0.95, 0.162253, 0.15, 0.85, 0.158947
0.95, 0.161061, 0.15, 0.85, 0.15785
0.95, 0.154925, 0.15, 0.85, 0.155944
0.95, 0.154047, 0.15, 0.85, 0.156807
0.95, 0.160896, 0.15, 0.85, 0.159968
0.95, 0.155988, 0.15, 0.85, 0.154369
0.95, 0.155617, 0.15, 0.85, 0.158902
0.95, 0.160195, 0.15, 0.85, 0.159802
0.95, 0.159393, 0.15, 0.85, 0.161228
0.95, 0.160569, 0.15, 0.85, 0.160351
0.95, 0.158499, 0.15, 0.85, 0.162213
0.95, 0.158148, 0.15, 0.85, 0.155462
0.95, 0.160573, 0.15, 0.85, 0.159166
0.95, 0.164598, 0.15, 0.85, 0.164823
0.95, 0.154766, 0.15, 0.85, 0.155296
0.95, 0.15629, 0.15, 0.85, 0.159821
0.95, 0.162564, 0.15, 0.85, 0.164126
0.95, 0.155201, 0.15, 0.85, 0.1576
0.95, 0.148965, 0.15, 0.85, 0.153267
0.95, 0.160779, 0.15, 0.85, 0.162934
0.95, 0.161645, 0.15, 0.85, 0.156841
0.95, 0.153491, 0.15, 0.85, 0.158492
0.95, 0.148549, 0.15, 0.85, 0.154102
0.95, 0.157183, 0.15, 0.85, 0.158744
0.95, 0.17103, 0.16, 0.84, 0.175803
0.95, 0.166324, 0.16, 0.84, 0.167743
0.95, 0.172575, 0.16, 0.84, 0.172439
0.95, 0.170525, 0.16, 0.84, 0.173791
0.95, 0.17422, 0.16, 0.84, 0.172373
0.95, 0.171313, 0.16, 0.84, 0.168942
0.95, 0.168879, 0.16, 0.84, 0.16938
0.95, 0.168336, 0.16, 0.84, 0.171596
0.95, 0.17423, 0.16, 0.84, 0.173903
0.95, 0.17659, 0.16, 0.84, 0.178871
0.95, 0.167313, 0.16, 0.84, 0.167462
0.95, 0.162923, 0.16, 0.84, 0.168307
0.95, 0.182616, 0.16, 0.84, 0.18283
0.95, 0.172514, 0.16, 0.84, 0.169217
0.95, 0.171083, 0.16, 0.84, 0.17296
0.95, 0.174173, 0.16, 0.84, 0.176006
0.95, 0.16064, 0.16, 0.84, 0.162696
0.95, 0.173977, 0.16, 0.84, 0.173094
0.95, 0.165473, 0.16, 0.84, 0.16429
0.95, 0.165075, 0.16, 0.84, 0.169785
0.95, 0.167311, 0.16, 0.84, 0.168986
0.95, 0.169031, 0.16, 0.84, 0.168492
0.95, 0.164258, 0.16, 0.84, 0.168123
0.95, 0.175971, 0.16, 0.84, 0.170225
0.95, 0.174545, 0.16, 0.84, 0.170978
0.95, 0.181195, 0.17, 0.83, 0.181761
0.95, 0.18336, 0.17, 0.83, 0.181751
0.95, 0.178285, 0.17, 0.83, 0.181466
0.95, 0.185769, 0.17, 0.83, 0.18704
0.95, 0.185527, 0.17, 0.83, 0.195
0.95, 0.179303, 0.17, 0.83, 0.184614
0.95, 0.185656, 0.17, 0.83, 0.187773
0.95, 0.183712, 0.17, 0.83, 0.183138
0.95, 0.174915, 0.17, 0.83, 0.179614
0.95, 0.180194, 0.17, 0.83, 0.183532
0.95, 0.188694, 0.17, 0.83, 0.188272
0.95, 0.182826, 0.17, 0.83, 0.188272
0.95, 0.180559, 0.17, 0.83, 0.182319
0.95, 0.180363, 0.17, 0.83, 0.17949
0.95, 0.187966, 0.17, 0.83, 0.184591
0.95, 0.180435, 0.17, 0.83, 0.182198
0.95, 0.190587, 0.17, 0.83, 0.19154
0.95, 0.189489, 0.17, 0.83, 0.189045
0.95, 0.17875, 0.17, 0.83, 0.180178
0.95, 0.183111, 0.17, 0.83, 0.185331
0.95, 0.172638, 0.17, 0.83, 0.180545
0.95, 0.175603, 0.17, 0.83, 0.179695
0.95, 0.182884, 0.17, 0.83, 0.186044
0.95, 0.176053, 0.17, 0.83, 0.180042
0.95, 0.180685, 0.17, 0.83, 0.180998
0.95, 0.191468, 0.18, 0.82, 0.198365
0.95, 0.193411, 0.18, 0.82, 0.198183
0.95, 0.200909, 0.18, 0.82, 0.202788
0.95, 0.196265, 0.18, 0.82, 0.204791
0.95, 0.197001, 0.18, 0.82, 0.192707
0.95, 0.200206, 0.18, 0.82, 0.199579
0.95, 0.20146, 0.18, 0.82, 0.200982
0.95, 0.200876, 0.18, 0.82, 0.197083
0.95, 0.197454, 0.18, 0.82, 0.197583
0.95, 0.205048, 0.18, 0.82, 0.203787
0.95, 0.196074, 0.18, 0.82, 0.19807
0.95, 0.195759, 0.18, 0.82, 0.201104
0.95, 0.191203, 0.18, 0.82, 0.199244
0.95, 0.197006, 0.18, 0.82, 0.199779
0.95, 0.191335, 0.18, 0.82, 0.195584
0.95, 0.190833, 0.18, 0.82, 0.196272
0.95, 0.193402, 0.18, 0.82, 0.19678
0.95, 0.190779, 0.18, 0.82, 0.192197
0.95, 0.190947, 0.18, 0.82, 0.194096
0.95, 0.194735, 0.18, 0.82, 0.196447
0.95, 0.199444, 0.18, 0.82, 0.202268
0.95, 0.19917, 0.18, 0.82, 0.198082
0.95, 0.197489, 0.18, 0.82, 0.204577
0.95, 0.198851, 0.18, 0.82, 0.199102
0.95, 0.192037, 0.18, 0.82, 0.198102
0.95, 0.208924, 0.19, 0.81, 0.212817
0.95, 0.205428, 0.19, 0.81, 0.207256
0.95, 0.201326, 0.19, 0.81, 0.204986
0.95, 0.205692, 0.19, 0.81, 0.211724
0.95, 0.204021, 0.19, 0.81, 0.211446
0.95, 0.205658, 0.19, 0.81, 0.211418
0.95, 0.207377, 0.19, 0.81, 0.206893
0.95, 0.207941, 0.19, 0.81, 0.210332
0.95, 0.210452, 0.19, 0.81, 0.212529
0.95, 0.206549, 0.19, 0.81, 0.209046
0.95, 0.216679, 0.19, 0.81, 0.214053
0.95, 0.204406, 0.19, 0.81, 0.208581
0.95, 0.207413, 0.19, 0.81, 0.210816
0.95, 0.210889, 0.19, 0.81, 0.210277
0.95, 0.202847, 0.19, 0.81, 0.210396
0.95, 0.208915, 0.19, 0.81, 0.211852
0.95, 0.207112, 0.19, 0.81, 0.208985
0.95, 0.206932, 0.19, 0.81, 0.210184
0.95, 0.20808, 0.19, 0.81, 0.205631
0.95, 0.207078, 0.19, 0.81, 0.207128
0.95, 0.208885, 0.19, 0.81, 0.21462
0.95, 0.210452, 0.19, 0.81, 0.209663
0.95, 0.20752, 0.19, 0.81, 0.213273
0.95, 0.205599, 0.19, 0.81, 0.208017
0.95, 0.212734, 0.19, 0.81, 0.215334
0.95, 0.221122, 0.2, 0.8, 0.222754
0.95, 0.22474, 0.2, 0.8, 0.22485
0.95, 0.220282, 0.2, 0.8, 0.222196
0.95, 0.219709, 0.2, 0.8, 0.220126
0.95, 0.215962, 0.2, 0.8, 0.218891
0.95, 0.216133, 0.2, 0.8, 0.222854
0.95, 0.216909, 0.2, 0.8, 0.221548
0.95, 0.214086, 0.2, 0.8, 0.218031
0.95, 0.230038, 0.2, 0.8, 0.224644
0.95, 0.230047, 0.2, 0.8, 0.224889
0.95, 0.225198, 0.2, 0.8, 0.226227
0.95, 0.225295, 0.2, 0.8, 0.225226
0.95, 0.214121, 0.2, 0.8, 0.217961
0.95, 0.216961, 0.2, 0.8, 0.223141
0.95, 0.221667, 0.2, 0.8, 0.226019
0.95, 0.229831, 0.2, 0.8, 0.230449
0.95, 0.218751, 0.2, 0.8, 0.22075
0.95, 0.222232, 0.2, 0.8, 0.221737
0.95, 0.221909, 0.2, 0.8, 0.217582
0.95, 0.218066, 0.2, 0.8, 0.221871
0.95, 0.22571, 0.2, 0.8, 0.222748
0.95, 0.22283, 0.2, 0.8, 0.221869
0.95, 0.221864, 0.2, 0.8, 0.223281
0.95, 0.222672, 0.2, 0.8, 0.227548
0.95, 0.226922, 0.2, 0.8, 0.225892
0.95, 0.236397, 0.21, 0.79, 0.241231
0.95, 0.234237, 0.21, 0.79, 0.23504
0.95, 0.241077, 0.21, 0.79, 0.240786
0.95, 0.23538, 0.21, 0.79, 0.238501
0.95, 0.220225, 0.21, 0.79, 0.225316
0.95, 0.231724, 0.21, 0.79, 0.233386
0.95, 0.228963, 0.21, 0.79, 0.230638
0.95, 0.229071, 0.21, 0.79, 0.232686
0.95, 0.231863, 0.21, 0.79, 0.236105
0.95, 0.239572, 0.21, 0.79, 0.244503
0.95, 0.232605, 0.21, 0.79, 0.236997
0.95, 0.234697, 0.21, 0.79, 0.240009
0.95, 0.242279, 0.21, 0.79, 0.242939
0.95, 0.237411, 0.21, 0.79, 0.236187
0.95, 0.230261, 0.21, 0.79, 0.234424
0.95, 0.231611, 0.21, 0.79, 0.229699
0.95, 0.238787, 0.21, 0.79, 0.243602
0.95, 0.235456, 0.21, 0.79, 0.238713
0.95, 0.239419, 0.21, 0.79, 0.241184
0.95, 0.231921, 0.21, 0.79, 0.238745
0.95, 0.240337, 0.21, 0.79, 0.241583
0.95, 0.2336, 0.21, 0.79, 0.233447
0.95, 0.22759, 0.21, 0.79, 0.230597
0.95, 0.235348, 0.21, 0.79, 0.233379
0.95, 0.243939, 0.21, 0.79, 0.235817
0.95, 0.254461, 0.22, 0.78, 0.253162
0.95, 0.251114, 0.22, 0.78, 0.25322
0.95, 0.25361, 0.22, 0.78, 0.252332
0.95, 0.250229, 0.22, 0.78, 0.251613
0.95, 0.246632, 0.22, 0.78, 0.250865
0.95, 0.252693, 0.22, 0.78, 0.255517
0.95, 0.246888, 0.22, 0.78, 0.249136
0.95, 0.238733, 0.22, 0.78, 0.24027
0.95, 0.239383, 0.22, 0.78, 0.247344
0.95, 0.237689, 0.22, 0.78, 0.246406
0.95, 0.253169, 0.22, 0.78, 0.253398
0.95, 0.245754, 0.22, 0.78, 0.24867
0.95, 0.254361, 0.22, 0.78, 0.249195
0.95, 0.249298, 0.22, 0.78, 0.248688
0.95, 0.249621, 0.22, 0.78, 0.25262
0.95, 0.253476, 0.22, 0.78, 0.251661
0.95, 0.248401, 0.22, 0.78, 0.250687
0.95, 0.253029, 0.22, 0.78, 0.257819
0.95, 0.249363, 0.22, 0.78, 0.251833
0.95, 0.248114, 0.22, 0.78, 0.250152
0.95, 0.250041, 0.22, 0.78, 0.253066
0.95, 0.247649, 0.22, 0.78, 0.245284
0.95, 0.247868, 0.22, 0.78, 0.250355
0.95, 0.239973, 0.22, 0.78, 0.246954
0.95, 0.244431, 0.22, 0.78, 0.248263
0.95, 0.268929, 0.23, 0.77, 0.267064
0.95, 0.261303, 0.23, 0.77, 0.265649
0.95, 0.25429, 0.23, 0.77, 0.261687
0.95, 0.263607, 0.23, 0.77, 0.264457
0.95, 0.262494, 0.23, 0.77, 0.261949
0.95, 0.262007, 0.23, 0.77, 0.263063
0.95, 0.26172, 0.23, 0.77, 0.261405
0.95, 0.253779, 0.23, 0.77, 0.260906
0.95, 0.265941, 0.23, 0.77, 0.266293
0.95, 0.260656, 0.23, 0.77, 0.263437
0.95, 0.261516, 0.23, 0.77, 0.261623
0.95, 0.257434, 0.23, 0.77, 0.258243
0.95, 0.267593, 0.23, 0.77, 0.270615
0.95, 0.257643, 0.23, 0.77, 0.257704
0.95, 0.253658, 0.23, 0.77, 0.257867
0.95, 0.265976, 0.23, 0.77, 0.266035
0.95, 0.269518, 0.23, 0.77, 0.270481
0.95, 0.262544, 0.23, 0.77, 0.265932
0.95, 0.264965, 0.23, 0.77, 0.262138
0.95, 0.258996, 0.23, 0.77, 0.262584
0.95, 0.261716, 0.23, 0.77, 0.265101
0.95, 0.247245, 0.23, 0.77, 0.253775
0.95, 0.250162, 0.23, 0.77, 0.257252
0.95, 0.257641, 0.23, 0.77, 0.256803
0.95, 0.262444, 0.23, 0.77, 0.263959
0.95, 0.278352, 0.24, 0.76, 0.280771
0.95, 0.271653, 0.24, 0.76, 0.27968
0.95, 0.272164, 0.24, 0.76, 0.277523
0.95, 0.267964, 0.24, 0.76, 0.267049
0.95, 0.270851, 0.24, 0.76, 0.275552
0.95, 0.27621, 0.24, 0.76, 0.278725
0.95, 0.27922, 0.24, 0.76, 0.281132
0.95, 0.27077, 0.24, 0.76, 0.275759
0.95, 0.263518, 0.24, 0.76, 0.272321
0.95, 0.27103, 0.24, 0.76, 0.276065
0.95, 0.273059, 0.24, 0.76, 0.274085
0.95, 0.274373, 0.24, 0.76, 0.278123
0.95, 0.272058, 0.24, 0.76, 0.27967
0.95, 0.280628, 0.24, 0.76, 0.280388
0.95, 0.267027, 0.24, 0.76, 0.276283
0.95, 0.268577, 0.24, 0.76, 0.275183
0.95, 0.274545, 0.24, 0.76, 0.278398
0.95, 0.261003, 0.24, 0.76, 0.272843
0.95, 0.275745, 0.24, 0.76, 0.277645
0.95, 0.269703, 0.24, 0.76, 0.276905
0.95, 0.273774, 0.24, 0.76, 0.283145
0.95, 0.271702, 0.24, 0.76, 0.273964
0.95, 0.275562, 0.24, 0.76, 0.274672
0.95, 0.291066, 0.24, 0.76, 0.284476
0.95, 0.269568, 0.24, 0.76, 0.274822
0.95, 0.27424, 0.25, 0.75, 0.282255
0.95, 0.289185, 0.25, 0.75, 0.294817
0.95, 0.280188, 0.25, 0.75, 0.281302
0.95, 0.289899, 0.25, 0.75, 0.293602
0.95, 0.286169, 0.25, 0.75, 0.289074
0.95, 0.291668, 0.25, 0.75, 0.291932
0.95, 0.294076, 0.25, 0.75, 0.294283
0.95, 0.290235, 0.25, 0.75, 0.294919
0.95, 0.28753, 0.25, 0.75, 0.290081
0.95, 0.294057, 0.25, 0.75, 0.296478
0.95, 0.287575, 0.25, 0.75, 0.279971
0.95, 0.29777, 0.25, 0.75, 0.298116
0.95, 0.291559, 0.25, 0.75, 0.294651
0.95, 0.291025, 0.25, 0.75, 0.296759
0.95, 0.289857, 0.25, 0.75, 0.294881
0.95, 0.286527, 0.25, 0.75, 0.291407
0.95, 0.28944, 0.25, 0.75, 0.294993
0.95, 0.296406, 0.25, 0.75, 0.299324
0.95, 0.290721, 0.25, 0.75, 0.295911
0.95, 0.289495, 0.25, 0.75, 0.292953
0.95, 0.288911, 0.25, 0.75, 0.292414
0.95, 0.289231, 0.25, 0.75, 0.294382
0.95, 0.283166, 0.25, 0.75, 0.286527
0.95, 0.294271, 0.25, 0.75, 0.295667
0.95, 0.289057, 0.25, 0.75, 0.292742
0.95, 0.306703, 0.26, 0.74, 0.306869
0.95, 0.309617, 0.26, 0.74, 0.310165
0.95, 0.307021, 0.26, 0.74, 0.305854
0.95, 0.289079, 0.26, 0.74, 0.297174
0.95, 0.310903, 0.26, 0.74, 0.314878
0.95, 0.295214, 0.26, 0.74, 0.303289
0.95, 0.292734, 0.26, 0.74, 0.302223
0.95, 0.30924, 0.26, 0.74, 0.310587
0.95, 0.295451, 0.26, 0.74, 0.300783
0.95, 0.302244, 0.26, 0.74, 0.305897
0.95, 0.300905, 0.26, 0.74, 0.302535
0.95, 0.3036, 0.26, 0.74, 0.307758
0.95, 0.290175, 0.26, 0.74, 0.292402
0.95, 0.299551, 0.26, 0.74, 0.310434
0.95, 0.305102, 0.26, 0.74, 0.306857
0.95, 0.299508, 0.26, 0.74, 0.307331
0.95, 0.304727, 0.26, 0.74, 0.303071
0.95, 0.303545, 0.26, 0.74, 0.306833
0.95, 0.2998, 0.26, 0.74, 0.305518
0.95, 0.307953, 0.26, 0.74, 0.306539
0.95, 0.308157, 0.26, 0.74, 0.30774
0.95, 0.307721, 0.26, 0.74, 0.307325
0.95, 0.292032, 0.26, 0.74, 0.295894
0.95, 0.297257, 0.26, 0.74, 0.306384
0.95, 0.32403, 0.26, 0.74, 0.323395
0.95, 0.317516, 0.27, 0.73, 0.3235
0.95, 0.304874, 0.27, 0.73, 0.313498
0.95, 0.322353, 0.27, 0.73, 0.323789
0.95, 0.321656, 0.27, 0.73, 0.319363
0.95, 0.302494, 0.27, 0.73, 0.315549
0.95, 0.317099, 0.27, 0.73, 0.31624
0.95, 0.309383, 0.27, 0.73, 0.311566
0.95, 0.31761, 0.27, 0.73, 0.316432
0.95, 0.326848, 0.27, 0.73, 0.32846
0.95, 0.319628, 0.27, 0.73, 0.323669
0.95, 0.316929, 0.27, 0.73, 0.322302
0.95, 0.312771, 0.27, 0.73, 0.316292
0.95, 0.31327, 0.27, 0.73, 0.319133
0.95, 0.30821, 0.27, 0.73, 0.316127
0.95, 0.325151, 0.27, 0.73, 0.328775
0.95, 0.311248, 0.27, 0.73, 0.315118
0.95, 0.316319, 0.27, 0.73, 0.321178
0.95, 0.325129, 0.27, 0.73, 0.328823
0.95, 0.314668, 0.27, 0.73, 0.315104
0.95, 0.324229, 0.27, 0.73, 0.323557
0.95, 0.31122, 0.27, 0.73, 0.3149
0.95, 0.32286, 0.27, 0.73, 0.320899
0.95, 0.31431, 0.27, 0.73, 0.318341
0.95, 0.312308, 0.27, 0.73, 0.317358
0.95, 0.317896, 0.27, 0.73, 0.321344
0.95, 0.336392, 0.28, 0.72, 0.339485
0.95, 0.331753, 0.28, 0.72, 0.335709
0.95, 0.325418, 0.28, 0.72, 0.331371
0.95, 0.339866, 0.28, 0.72, 0.338343
0.95, 0.332514, 0.28, 0.72, 0.330445
0.95, 0.327032, 0.28, 0.72, 0.334852
0.95, 0.33908, 0.28, 0.72, 0.339523
0.95, 0.333967, 0.28, 0.72, 0.33754
0.95, 0.326881, 0.28, 0.72, 0.33354
0.95, 0.32675, 0.28, 0.72, 0.331822
0.95, 0.33001, 0.28, 0.72, 0.336403
0.95, 0.325811, 0.28, 0.72, 0.337185
0.95, 0.327772, 0.28, 0.72, 0.333292
0.95, 0.327615, 0.28, 0.72, 0.335346
0.95, 0.329857, 0.28, 0.72, 0.340073
0.95, 0.330339, 0.28, 0.72, 0.332025
0.95, 0.331573, 0.28, 0.72, 0.331363
0.95, 0.322427, 0.28, 0.72, 0.327359
0.95, 0.326711, 0.28, 0.72, 0.333312
0.95, 0.327002, 0.28, 0.72, 0.329376
0.95, 0.331109, 0.28, 0.72, 0.339057
0.95, 0.334995, 0.28, 0.72, 0.333775
0.95, 0.344294, 0.28, 0.72, 0.344557
0.95, 0.33071, 0.28, 0.72, 0.335781
0.95, 0.337368, 0.28, 0.72, 0.338641
0.95, 0.34559, 0.29, 0.71, 0.347215
0.95, 0.344831, 0.29, 0.71, 0.346725
0.95, 0.348978, 0.29, 0.71, 0.35493
0.95, 0.343423, 0.29, 0.71, 0.349806
0.95, 0.337833, 0.29, 0.71, 0.342505
0.95, 0.347732, 0.29, 0.71, 0.352273
0.95, 0.34491, 0.29, 0.71, 0.348035
0.95, 0.353326, 0.29, 0.71, 0.35809
0.95, 0.346257, 0.29, 0.71, 0.353794
0.95, 0.348928, 0.29, 0.71, 0.354117
0.95, 0.350274, 0.29, 0.71, 0.349629
0.95, 0.336099, 0.29, 0.71, 0.342479
0.95, 0.34617, 0.29, 0.71, 0.349749
0.95, 0.34429, 0.29, 0.71, 0.34913
0.95, 0.359694, 0.29, 0.71, 0.368803
0.95, 0.364624, 0.29, 0.71, 0.362389
0.95, 0.345499, 0.29, 0.71, 0.354068
0.95, 0.35259, 0.29, 0.71, 0.356768
0.95, 0.348184, 0.29, 0.71, 0.351776
0.95, 0.33012, 0.29, 0.71, 0.346195
0.95, 0.34383, 0.29, 0.71, 0.347115
0.95, 0.357309, 0.29, 0.71, 0.3561
0.95, 0.350774, 0.29, 0.71, 0.353549
0.95, 0.348376, 0.29, 0.71, 0.352842
0.95, 0.349669, 0.29, 0.71, 0.354144
0.95, 0.362698, 0.3, 0.7, 0.369003
0.95, 0.366649, 0.3, 0.7, 0.370779
0.95, 0.365027, 0.3, 0.7, 0.371064
0.95, 0.364545, 0.3, 0.7, 0.368125
0.95, 0.35925, 0.3, 0.7, 0.363098
0.95, 0.366227, 0.3, 0.7, 0.373243
0.95, 0.363579, 0.3, 0.7, 0.364009
0.95, 0.353865, 0.3, 0.7, 0.361049
0.95, 0.360903, 0.3, 0.7, 0.362876
0.95, 0.373653, 0.3, 0.7, 0.370917
0.95, 0.349409, 0.3, 0.7, 0.356662
0.95, 0.360323, 0.3, 0.7, 0.372064
0.95, 0.364819, 0.3, 0.7, 0.368148
0.95, 0.359383, 0.3, 0.7, 0.361224
0.95, 0.364659, 0.3, 0.7, 0.371589
0.95, 0.366488, 0.3, 0.7, 0.370471
0.95, 0.360722, 0.3, 0.7, 0.367763
0.95, 0.361452, 0.3, 0.7, 0.36823
0.95, 0.357841, 0.3, 0.7, 0.360126
0.95, 0.369221, 0.3, 0.7, 0.375118
0.95, 0.362212, 0.3, 0.7, 0.363926
0.95, 0.367055, 0.3, 0.7, 0.366013
0.95, 0.360897, 0.3, 0.7, 0.36745
0.95, 0.366798, 0.3, 0.7, 0.368069
0.95, 0.360491, 0.3, 0.7, 0.368378
