# B5 Focused Dynamic Strategy Switching Simulation Results
# Schedule file: schedule_b5_pure_stubborn_trail.txt
# Gamma (connectivity) range: 0.8 - 1.0 in 0.05 increments
# Hash rate range: 0.15 - 0.3 (15% - 30%) in 0.01 increments
Gamma, Miner0_ProfitFraction, Miner0_HashRate, Miner1_HashRate, Miner0_BlockFraction
0.8, 0.152565, 0.15, 0.85, 0.153815
0.8, 0.145708, 0.15, 0.85, 0.144569
0.8, 0.145891, 0.15, 0.85, 0.146654
0.8, 0.146633, 0.15, 0.85, 0.145939
0.8, 0.155571, 0.15, 0.85, 0.153191
0.8, 0.15797, 0.15, 0.85, 0.150717
0.8, 0.145029, 0.15, 0.85, 0.145073
0.8, 0.147963, 0.15, 0.85, 0.145998
0.8, 0.146486, 0.15, 0.85, 0.146471
0.8, 0.149476, 0.15, 0.85, 0.147205
0.8, 0.149986, 0.15, 0.85, 0.152138
0.8, 0.148923, 0.15, 0.85, 0.147933
0.8, 0.150157, 0.15, 0.85, 0.149456
0.8, 0.147432, 0.15, 0.85, 0.151179
0.8, 0.153713, 0.15, 0.85, 0.151383
0.8, 0.148374, 0.15, 0.85, 0.150346
0.8, 0.154015, 0.15, 0.85, 0.153938
0.8, 0.147253, 0.15, 0.85, 0.14751
0.8, 0.143469, 0.15, 0.85, 0.147054
0.8, 0.147682, 0.15, 0.85, 0.146357
0.8, 0.153824, 0.15, 0.85, 0.15002
0.8, 0.148406, 0.15, 0.85, 0.144835
0.8, 0.150953, 0.15, 0.85, 0.149863
0.8, 0.146472, 0.15, 0.85, 0.147459
0.8, 0.148545, 0.15, 0.85, 0.145799
0.8, 0.165292, 0.16, 0.84, 0.160872
0.8, 0.161033, 0.16, 0.84, 0.158734
0.8, 0.156559, 0.16, 0.84, 0.159982
0.8, 0.163018, 0.16, 0.84, 0.161747
0.8, 0.162539, 0.16, 0.84, 0.16054
0.8, 0.160474, 0.16, 0.84, 0.16571
0.8, 0.156237, 0.16, 0.84, 0.158778
0.8, 0.156838, 0.16, 0.84, 0.159192
0.8, 0.161233, 0.16, 0.84, 0.162236
0.8, 0.165952, 0.16, 0.84, 0.164649
0.8, 0.167975, 0.16, 0.84, 0.167066
0.8, 0.165036, 0.16, 0.84, 0.160197
0.8, 0.159568, 0.16, 0.84, 0.157504
0.8, 0.157385, 0.16, 0.84, 0.161626
0.8, 0.158425, 0.16, 0.84, 0.160776
0.8, 0.162266, 0.16, 0.84, 0.158319
0.8, 0.162537, 0.16, 0.84, 0.165578
0.8, 0.159993, 0.16, 0.84, 0.159542
0.8, 0.155156, 0.16, 0.84, 0.158234
0.8, 0.16583, 0.16, 0.84, 0.164056
0.8, 0.157692, 0.16, 0.84, 0.157843
0.8, 0.158853, 0.16, 0.84, 0.156551
0.8, 0.161255, 0.16, 0.84, 0.162725
0.8, 0.157684, 0.16, 0.84, 0.158353
0.8, 0.167149, 0.16, 0.84, 0.16205
0.8, 0.179542, 0.17, 0.83, 0.178334
0.8, 0.168521, 0.17, 0.83, 0.168411
0.8, 0.16681, 0.17, 0.83, 0.169745
0.8, 0.179687, 0.17, 0.83, 0.178023
0.8, 0.173888, 0.17, 0.83, 0.17395
0.8, 0.168062, 0.17, 0.83, 0.169946
0.8, 0.16751, 0.17, 0.83, 0.168307
0.8, 0.172337, 0.17, 0.83, 0.172128
0.8, 0.189276, 0.17, 0.83, 0.182066
0.8, 0.178632, 0.17, 0.83, 0.175631
0.8, 0.174703, 0.17, 0.83, 0.178498
0.8, 0.178966, 0.17, 0.83, 0.172137
0.8, 0.166117, 0.17, 0.83, 0.168164
0.8, 0.170071, 0.17, 0.83, 0.16924
0.8, 0.167684, 0.17, 0.83, 0.16803
0.8, 0.167991, 0.17, 0.83, 0.167139
0.8, 0.173017, 0.17, 0.83, 0.172816
0.8, 0.164902, 0.17, 0.83, 0.165385
0.8, 0.179872, 0.17, 0.83, 0.176612
0.8, 0.174068, 0.17, 0.83, 0.17323
0.8, 0.180837, 0.17, 0.83, 0.175799
0.8, 0.172294, 0.17, 0.83, 0.169858
0.8, 0.172948, 0.17, 0.83, 0.170881
0.8, 0.178452, 0.17, 0.83, 0.174691
0.8, 0.174768, 0.17, 0.83, 0.17431
0.8, 0.184304, 0.18, 0.82, 0.183219
0.8, 0.182075, 0.18, 0.82, 0.187018
0.8, 0.185407, 0.18, 0.82, 0.187309
0.8, 0.191461, 0.18, 0.82, 0.192402
0.8, 0.184382, 0.18, 0.82, 0.184914
0.8, 0.182168, 0.18, 0.82, 0.183076
0.8, 0.18677, 0.18, 0.82, 0.188427
0.8, 0.18754, 0.18, 0.82, 0.184197
0.8, 0.183099, 0.18, 0.82, 0.181461
0.8, 0.18316, 0.18, 0.82, 0.183669
0.8, 0.182492, 0.18, 0.82, 0.186613
0.8, 0.191747, 0.18, 0.82, 0.190187
0.8, 0.185247, 0.18, 0.82, 0.186694
0.8, 0.187639, 0.18, 0.82, 0.186326
0.8, 0.184138, 0.18, 0.82, 0.183463
0.8, 0.196011, 0.18, 0.82, 0.19258
0.8, 0.190095, 0.18, 0.82, 0.186814
0.8, 0.183161, 0.18, 0.82, 0.183328
0.8, 0.179597, 0.18, 0.82, 0.180667
0.8, 0.192874, 0.18, 0.82, 0.19036
0.8, 0.193868, 0.18, 0.82, 0.18848
0.8, 0.185438, 0.18, 0.82, 0.183473
0.8, 0.176762, 0.18, 0.82, 0.173776
0.8, 0.191896, 0.18, 0.82, 0.185545
0.8, 0.186072, 0.18, 0.82, 0.184361
0.8, 0.207036, 0.19, 0.81, 0.201412
0.8, 0.196537, 0.19, 0.81, 0.198351
0.8, 0.192512, 0.19, 0.81, 0.193861
0.8, 0.19782, 0.19, 0.81, 0.199815
0.8, 0.19624, 0.19, 0.81, 0.195346
0.8, 0.200514, 0.19, 0.81, 0.20258
0.8, 0.200749, 0.19, 0.81, 0.200777
0.8, 0.192884, 0.19, 0.81, 0.19423
0.8, 0.1973, 0.19, 0.81, 0.198898
0.8, 0.198319, 0.19, 0.81, 0.195251
0.8, 0.202527, 0.19, 0.81, 0.202128
0.8, 0.193762, 0.19, 0.81, 0.195332
0.8, 0.194466, 0.19, 0.81, 0.195842
0.8, 0.204905, 0.19, 0.81, 0.203455
0.8, 0.198799, 0.19, 0.81, 0.197653
0.8, 0.199144, 0.19, 0.81, 0.199646
0.8, 0.198155, 0.19, 0.81, 0.197659
0.8, 0.194579, 0.19, 0.81, 0.199049
0.8, 0.201965, 0.19, 0.81, 0.199733
0.8, 0.200409, 0.19, 0.81, 0.197954
0.8, 0.201125, 0.19, 0.81, 0.199615
0.8, 0.201129, 0.19, 0.81, 0.199066
0.8, 0.193517, 0.19, 0.81, 0.199331
0.8, 0.196046, 0.19, 0.81, 0.200403
0.8, 0.196819, 0.19, 0.81, 0.202684
0.8, 0.21028, 0.2, 0.8, 0.20617
0.8, 0.213004, 0.2, 0.8, 0.210483
0.8, 0.213118, 0.2, 0.8, 0.218206
0.8, 0.222188, 0.2, 0.8, 0.220053
0.8, 0.22025, 0.2, 0.8, 0.216251
0.8, 0.206512, 0.2, 0.8, 0.208526
0.8, 0.222684, 0.2, 0.8, 0.219867
0.8, 0.216921, 0.2, 0.8, 0.215437
0.8, 0.209117, 0.2, 0.8, 0.208268
0.8, 0.217926, 0.2, 0.8, 0.215563
0.8, 0.210124, 0.2, 0.8, 0.208649
0.8, 0.212005, 0.2, 0.8, 0.216355
0.8, 0.215562, 0.2, 0.8, 0.214605
0.8, 0.217458, 0.2, 0.8, 0.213479
0.8, 0.2086, 0.2, 0.8, 0.208417
0.8, 0.205617, 0.2, 0.8, 0.209722
0.8, 0.206811, 0.2, 0.8, 0.208917
0.8, 0.207615, 0.2, 0.8, 0.205317
0.8, 0.214939, 0.2, 0.8, 0.20957
0.8, 0.205304, 0.2, 0.8, 0.206984
0.8, 0.217661, 0.2, 0.8, 0.216353
0.8, 0.209094, 0.2, 0.8, 0.207629
0.8, 0.215415, 0.2, 0.8, 0.213256
0.8, 0.220385, 0.2, 0.8, 0.216741
0.8, 0.209595, 0.2, 0.8, 0.212203
0.8, 0.238165, 0.21, 0.79, 0.229356
0.8, 0.236512, 0.21, 0.79, 0.229427
0.8, 0.224626, 0.21, 0.79, 0.226152
0.8, 0.220111, 0.21, 0.79, 0.221237
0.8, 0.229624, 0.21, 0.79, 0.224294
0.8, 0.225961, 0.21, 0.79, 0.22507
0.8, 0.222905, 0.21, 0.79, 0.224325
0.8, 0.22403, 0.21, 0.79, 0.225308
0.8, 0.215319, 0.21, 0.79, 0.217738
0.8, 0.240758, 0.21, 0.79, 0.234343
0.8, 0.223403, 0.21, 0.79, 0.22535
0.8, 0.225731, 0.21, 0.79, 0.22324
0.8, 0.219918, 0.21, 0.79, 0.223093
0.8, 0.225719, 0.21, 0.79, 0.219278
0.8, 0.22643, 0.21, 0.79, 0.223156
0.8, 0.21947, 0.21, 0.79, 0.221227
0.8, 0.231748, 0.21, 0.79, 0.228179
0.8, 0.223481, 0.21, 0.79, 0.221911
0.8, 0.224711, 0.21, 0.79, 0.2276
0.8, 0.224503, 0.21, 0.79, 0.221273
0.8, 0.222311, 0.21, 0.79, 0.224914
0.8, 0.221186, 0.21, 0.79, 0.221109
0.8, 0.235437, 0.21, 0.79, 0.233002
0.8, 0.223696, 0.21, 0.79, 0.225314
0.8, 0.229778, 0.21, 0.79, 0.226462
0.8, 0.24047, 0.22, 0.78, 0.243586
0.8, 0.240679, 0.22, 0.78, 0.234693
0.8, 0.243839, 0.22, 0.78, 0.244982
0.8, 0.245417, 0.22, 0.78, 0.241953
0.8, 0.245821, 0.22, 0.78, 0.243724
0.8, 0.229808, 0.22, 0.78, 0.235512
0.8, 0.231576, 0.22, 0.78, 0.233708
0.8, 0.247262, 0.22, 0.78, 0.241701
0.8, 0.240394, 0.22, 0.78, 0.241837
0.8, 0.235242, 0.22, 0.78, 0.23562
0.8, 0.244858, 0.22, 0.78, 0.241037
0.8, 0.245283, 0.22, 0.78, 0.246265
0.8, 0.245322, 0.22, 0.78, 0.242937
0.8, 0.238646, 0.22, 0.78, 0.235343
0.8, 0.235441, 0.22, 0.78, 0.235506
0.8, 0.243407, 0.22, 0.78, 0.244078
0.8, 0.239748, 0.22, 0.78, 0.238428
0.8, 0.235357, 0.22, 0.78, 0.238536
0.8, 0.228004, 0.22, 0.78, 0.234845
0.8, 0.2401, 0.22, 0.78, 0.238774
0.8, 0.232072, 0.22, 0.78, 0.235133
0.8, 0.242458, 0.22, 0.78, 0.241947
0.8, 0.233039, 0.22, 0.78, 0.235438
0.8, 0.241749, 0.22, 0.78, 0.242035
0.8, 0.236267, 0.22, 0.78, 0.237503
0.8, 0.256195, 0.23, 0.77, 0.252601
0.8, 0.245003, 0.23, 0.77, 0.253845
0.8, 0.243736, 0.23, 0.77, 0.251672
0.8, 0.248049, 0.23, 0.77, 0.249792
0.8, 0.248086, 0.23, 0.77, 0.247782
0.8, 0.249771, 0.23, 0.77, 0.251257
0.8, 0.253866, 0.23, 0.77, 0.255733
0.8, 0.254323, 0.23, 0.77, 0.25438
0.8, 0.246689, 0.23, 0.77, 0.245581
0.8, 0.255464, 0.23, 0.77, 0.258153
0.8, 0.263267, 0.23, 0.77, 0.257809
0.8, 0.249248, 0.23, 0.77, 0.250196
0.8, 0.250585, 0.23, 0.77, 0.249392
0.8, 0.252473, 0.23, 0.77, 0.252664
0.8, 0.253878, 0.23, 0.77, 0.257552
0.8, 0.254034, 0.23, 0.77, 0.253942
0.8, 0.245774, 0.23, 0.77, 0.248864
0.8, 0.253454, 0.23, 0.77, 0.253308
0.8, 0.254796, 0.23, 0.77, 0.254268
0.8, 0.250368, 0.23, 0.77, 0.253902
0.8, 0.252135, 0.23, 0.77, 0.252173
0.8, 0.251846, 0.23, 0.77, 0.247268
0.8, 0.244027, 0.23, 0.77, 0.245707
0.8, 0.257124, 0.23, 0.77, 0.251055
0.8, 0.252333, 0.23, 0.77, 0.250305
0.8, 0.269011, 0.24, 0.76, 0.267255
0.8, 0.267314, 0.24, 0.76, 0.266763
0.8, 0.265781, 0.24, 0.76, 0.266927
0.8, 0.262379, 0.24, 0.76, 0.263142
0.8, 0.271162, 0.24, 0.76, 0.269885
0.8, 0.265187, 0.24, 0.76, 0.26624
0.8, 0.271292, 0.24, 0.76, 0.269863
0.8, 0.268284, 0.24, 0.76, 0.267368
0.8, 0.267783, 0.24, 0.76, 0.266184
0.8, 0.268827, 0.24, 0.76, 0.262634
0.8, 0.262181, 0.24, 0.76, 0.264098
0.8, 0.265927, 0.24, 0.76, 0.263224
0.8, 0.270714, 0.24, 0.76, 0.267161
0.8, 0.273497, 0.24, 0.76, 0.272163
0.8, 0.260803, 0.24, 0.76, 0.268358
0.8, 0.266963, 0.24, 0.76, 0.266675
0.8, 0.262497, 0.24, 0.76, 0.26179
0.8, 0.258451, 0.24, 0.76, 0.260267
0.8, 0.25634, 0.24, 0.76, 0.258626
0.8, 0.273449, 0.24, 0.76, 0.269678
0.8, 0.266357, 0.24, 0.76, 0.269003
0.8, 0.274887, 0.24, 0.76, 0.273994
0.8, 0.269208, 0.24, 0.76, 0.267347
0.8, 0.268677, 0.24, 0.76, 0.269129
0.8, 0.275047, 0.24, 0.76, 0.27285
0.8, 0.275252, 0.25, 0.75, 0.280112
0.8, 0.281309, 0.25, 0.75, 0.279601
0.8, 0.28825, 0.25, 0.75, 0.282064
0.8, 0.274486, 0.25, 0.75, 0.278541
0.8, 0.274165, 0.25, 0.75, 0.279653
0.8, 0.2865, 0.25, 0.75, 0.28526
0.8, 0.277581, 0.25, 0.75, 0.275979
0.8, 0.279182, 0.25, 0.75, 0.282186
0.8, 0.282446, 0.25, 0.75, 0.285968
0.8, 0.283238, 0.25, 0.75, 0.276671
0.8, 0.287055, 0.25, 0.75, 0.283769
0.8, 0.283642, 0.25, 0.75, 0.277074
0.8, 0.273388, 0.25, 0.75, 0.273043
0.8, 0.282986, 0.25, 0.75, 0.284461
0.8, 0.27591, 0.25, 0.75, 0.273756
0.8, 0.275836, 0.25, 0.75, 0.280166
0.8, 0.281839, 0.25, 0.75, 0.282619
0.8, 0.27727, 0.25, 0.75, 0.28359
0.8, 0.286649, 0.25, 0.75, 0.286311
0.8, 0.288239, 0.25, 0.75, 0.285922
0.8, 0.283549, 0.25, 0.75, 0.286016
0.8, 0.279926, 0.25, 0.75, 0.281972
0.8, 0.276849, 0.25, 0.75, 0.277296
0.8, 0.27999, 0.25, 0.75, 0.281087
0.8, 0.278363, 0.25, 0.75, 0.282178
0.8, 0.296991, 0.26, 0.74, 0.290561
0.8, 0.282952, 0.26, 0.74, 0.291298
0.8, 0.291223, 0.26, 0.74, 0.284598
0.8, 0.291599, 0.26, 0.74, 0.290202
0.8, 0.289107, 0.26, 0.74, 0.287693
0.8, 0.304092, 0.26, 0.74, 0.297043
0.8, 0.298743, 0.26, 0.74, 0.298619
0.8, 0.296239, 0.26, 0.74, 0.296114
0.8, 0.290992, 0.26, 0.74, 0.296857
0.8, 0.288175, 0.26, 0.74, 0.290704
0.8, 0.30215, 0.26, 0.74, 0.296878
0.8, 0.293709, 0.26, 0.74, 0.28865
0.8, 0.299492, 0.26, 0.74, 0.298912
0.8, 0.303607, 0.26, 0.74, 0.304439
0.8, 0.289923, 0.26, 0.74, 0.290855
0.8, 0.294932, 0.26, 0.74, 0.292313
0.8, 0.290114, 0.26, 0.74, 0.290865
0.8, 0.296092, 0.26, 0.74, 0.299197
0.8, 0.294122, 0.26, 0.74, 0.294657
0.8, 0.292773, 0.26, 0.74, 0.291093
0.8, 0.30187, 0.26, 0.74, 0.300628
0.8, 0.299833, 0.26, 0.74, 0.301108
0.8, 0.295117, 0.26, 0.74, 0.299951
0.8, 0.295057, 0.26, 0.74, 0.302365
0.8, 0.297842, 0.26, 0.74, 0.300221
0.8, 0.309014, 0.27, 0.73, 0.310438
0.8, 0.309633, 0.27, 0.73, 0.308356
0.8, 0.29964, 0.27, 0.73, 0.303184
0.8, 0.310635, 0.27, 0.73, 0.30992
0.8, 0.318231, 0.27, 0.73, 0.317559
0.8, 0.306658, 0.27, 0.73, 0.312987
0.8, 0.305106, 0.27, 0.73, 0.306847
0.8, 0.305242, 0.27, 0.73, 0.309773
0.8, 0.318049, 0.27, 0.73, 0.316627
0.8, 0.300417, 0.27, 0.73, 0.302749
0.8, 0.313465, 0.27, 0.73, 0.314245
0.8, 0.314804, 0.27, 0.73, 0.310182
0.8, 0.314394, 0.27, 0.73, 0.311815
0.8, 0.310779, 0.27, 0.73, 0.311412
0.8, 0.306374, 0.27, 0.73, 0.308444
0.8, 0.310845, 0.27, 0.73, 0.310624
0.8, 0.312508, 0.27, 0.73, 0.312612
0.8, 0.294355, 0.27, 0.73, 0.300414
0.8, 0.305869, 0.27, 0.73, 0.306362
0.8, 0.313142, 0.27, 0.73, 0.313465
0.8, 0.312272, 0.27, 0.73, 0.312338
0.8, 0.314033, 0.27, 0.73, 0.315435
0.8, 0.303487, 0.27, 0.73, 0.305709
0.8, 0.308902, 0.27, 0.73, 0.310247
0.8, 0.320363, 0.27, 0.73, 0.317244
0.8, 0.320113, 0.28, 0.72, 0.325415
0.8, 0.320489, 0.28, 0.72, 0.320228
0.8, 0.312355, 0.28, 0.72, 0.311478
0.8, 0.322363, 0.28, 0.72, 0.326058
0.8, 0.333273, 0.28, 0.72, 0.32949
0.8, 0.315758, 0.28, 0.72, 0.316814
0.8, 0.327045, 0.28, 0.72, 0.328105
0.8, 0.306883, 0.28, 0.72, 0.313404
0.8, 0.329537, 0.28, 0.72, 0.326856
0.8, 0.329734, 0.28, 0.72, 0.330539
0.8, 0.327391, 0.28, 0.72, 0.319331
0.8, 0.332477, 0.28, 0.72, 0.33178
0.8, 0.323894, 0.28, 0.72, 0.32972
0.8, 0.325431, 0.28, 0.72, 0.324392
0.8, 0.3332, 0.28, 0.72, 0.332164
0.8, 0.322188, 0.28, 0.72, 0.324237
0.8, 0.340276, 0.28, 0.72, 0.3386
0.8, 0.32064, 0.28, 0.72, 0.319152
0.8, 0.312627, 0.28, 0.72, 0.317591
0.8, 0.326681, 0.28, 0.72, 0.329163
0.8, 0.336571, 0.28, 0.72, 0.337097
0.8, 0.326602, 0.28, 0.72, 0.327496
0.8, 0.323131, 0.28, 0.72, 0.326936
0.8, 0.330834, 0.28, 0.72, 0.32473
0.8, 0.331727, 0.28, 0.72, 0.326168
0.8, 0.34214, 0.29, 0.71, 0.346137
0.8, 0.349433, 0.29, 0.71, 0.345222
0.8, 0.339355, 0.29, 0.71, 0.345789
0.8, 0.337755, 0.29, 0.71, 0.345706
0.8, 0.3424, 0.29, 0.71, 0.344936
0.8, 0.350046, 0.29, 0.71, 0.352241
0.8, 0.345096, 0.29, 0.71, 0.345828
0.8, 0.341687, 0.29, 0.71, 0.340795
0.8, 0.343125, 0.29, 0.71, 0.341237
0.8, 0.348078, 0.29, 0.71, 0.350291
0.8, 0.342951, 0.29, 0.71, 0.343517
0.8, 0.341315, 0.29, 0.71, 0.340594
0.8, 0.334969, 0.29, 0.71, 0.341162
0.8, 0.350897, 0.29, 0.71, 0.351879
0.8, 0.346694, 0.29, 0.71, 0.349008
0.8, 0.333435, 0.29, 0.71, 0.339105
0.8, 0.350751, 0.29, 0.71, 0.347859
0.8, 0.34053, 0.29, 0.71, 0.34164
0.8, 0.340545, 0.29, 0.71, 0.335439
0.8, 0.343019, 0.29, 0.71, 0.34401
0.8, 0.351346, 0.29, 0.71, 0.349745
0.8, 0.346105, 0.29, 0.71, 0.342122
0.8, 0.348133, 0.29, 0.71, 0.343945
0.8, 0.337396, 0.29, 0.71, 0.338411
0.8, 0.346767, 0.29, 0.71, 0.345048
0.8, 0.336069, 0.3, 0.7, 0.341476
0.8, 0.359117, 0.3, 0.7, 0.356903
0.8, 0.348101, 0.3, 0.7, 0.353423
0.8, 0.36173, 0.3, 0.7, 0.367046
0.8, 0.356863, 0.3, 0.7, 0.354805
0.8, 0.350691, 0.3, 0.7, 0.347407
0.8, 0.354909, 0.3, 0.7, 0.361995
0.8, 0.365781, 0.3, 0.7, 0.366466
0.8, 0.361944, 0.3, 0.7, 0.360303
0.8, 0.373965, 0.3, 0.7, 0.366071
0.8, 0.348146, 0.3, 0.7, 0.347394
0.8, 0.364391, 0.3, 0.7, 0.363096
0.8, 0.35965, 0.3, 0.7, 0.358111
0.8, 0.360157, 0.3, 0.7, 0.361064
0.8, 0.358595, 0.3, 0.7, 0.35627
0.8, 0.358608, 0.3, 0.7, 0.35973
0.8, 0.353921, 0.3, 0.7, 0.353972
0.8, 0.338427, 0.3, 0.7, 0.344232
0.8, 0.358612, 0.3, 0.7, 0.363792
0.8, 0.355126, 0.3, 0.7, 0.35631
0.8, 0.364222, 0.3, 0.7, 0.361333
0.8, 0.360745, 0.3, 0.7, 0.357426
0.8, 0.358794, 0.3, 0.7, 0.358577
0.8, 0.36465, 0.3, 0.7, 0.360583
0.8, 0.357513, 0.3, 0.7, 0.359899
0.85, 0.149162, 0.15, 0.85, 0.147602
0.85, 0.146928, 0.15, 0.85, 0.148834
0.85, 0.150936, 0.15, 0.85, 0.153143
0.85, 0.15484, 0.15, 0.85, 0.158025
0.85, 0.153466, 0.15, 0.85, 0.151577
0.85, 0.14936, 0.15, 0.85, 0.15285
0.85, 0.162757, 0.15, 0.85, 0.156724
0.85, 0.152483, 0.15, 0.85, 0.15402
0.85, 0.149669, 0.15, 0.85, 0.14789
0.85, 0.15504, 0.15, 0.85, 0.156236
0.85, 0.157146, 0.15, 0.85, 0.157038
0.85, 0.157612, 0.15, 0.85, 0.155393
0.85, 0.156177, 0.15, 0.85, 0.155767
0.85, 0.149082, 0.15, 0.85, 0.145649
0.85, 0.151749, 0.15, 0.85, 0.155275
0.85, 0.152245, 0.15, 0.85, 0.15358
0.85, 0.154938, 0.15, 0.85, 0.153942
0.85, 0.158128, 0.15, 0.85, 0.154978
0.85, 0.162933, 0.15, 0.85, 0.159521
0.85, 0.151446, 0.15, 0.85, 0.149446
0.85, 0.156245, 0.15, 0.85, 0.157831
0.85, 0.154512, 0.15, 0.85, 0.153033
0.85, 0.159285, 0.15, 0.85, 0.158829
0.85, 0.145227, 0.15, 0.85, 0.148134
0.85, 0.156789, 0.15, 0.85, 0.158361
0.85, 0.164584, 0.16, 0.84, 0.163298
0.85, 0.167879, 0.16, 0.84, 0.167575
0.85, 0.159693, 0.16, 0.84, 0.163792
0.85, 0.163282, 0.16, 0.84, 0.163062
0.85, 0.169964, 0.16, 0.84, 0.166535
0.85, 0.159246, 0.16, 0.84, 0.160075
0.85, 0.175356, 0.16, 0.84, 0.171256
0.85, 0.175168, 0.16, 0.84, 0.171996
0.85, 0.175456, 0.16, 0.84, 0.171007
0.85, 0.162776, 0.16, 0.84, 0.165791
0.85, 0.164534, 0.16, 0.84, 0.166868
0.85, 0.167396, 0.16, 0.84, 0.166563
0.85, 0.173372, 0.16, 0.84, 0.174136
0.85, 0.158554, 0.16, 0.84, 0.162186
0.85, 0.170029, 0.16, 0.84, 0.170214
0.85, 0.160522, 0.16, 0.84, 0.162575
0.85, 0.170092, 0.16, 0.84, 0.166065
0.85, 0.167333, 0.16, 0.84, 0.16398
0.85, 0.161699, 0.16, 0.84, 0.164575
0.85, 0.169125, 0.16, 0.84, 0.166724
0.85, 0.165632, 0.16, 0.84, 0.166249
0.85, 0.167333, 0.16, 0.84, 0.164548
0.85, 0.170222, 0.16, 0.84, 0.165822
0.85, 0.173897, 0.16, 0.84, 0.167699
0.85, 0.171349, 0.16, 0.84, 0.168926
0.85, 0.181588, 0.17, 0.83, 0.180155
0.85, 0.184012, 0.17, 0.83, 0.184808
0.85, 0.173012, 0.17, 0.83, 0.177687
0.85, 0.178013, 0.17, 0.83, 0.179967
0.85, 0.172626, 0.17, 0.83, 0.177839
0.85, 0.178342, 0.17, 0.83, 0.184675
0.85, 0.187721, 0.17, 0.83, 0.183568
0.85, 0.185144, 0.17, 0.83, 0.180124
0.85, 0.179362, 0.17, 0.83, 0.179941
0.85, 0.176689, 0.17, 0.83, 0.17702
0.85, 0.173861, 0.17, 0.83, 0.178489
0.85, 0.171615, 0.17, 0.83, 0.17314
0.85, 0.182259, 0.17, 0.83, 0.183446
0.85, 0.186639, 0.17, 0.83, 0.185305
0.85, 0.174856, 0.17, 0.83, 0.178944
0.85, 0.178528, 0.17, 0.83, 0.179307
0.85, 0.185366, 0.17, 0.83, 0.185394
0.85, 0.182302, 0.17, 0.83, 0.181792
0.85, 0.173314, 0.17, 0.83, 0.173501
0.85, 0.179119, 0.17, 0.83, 0.178807
0.85, 0.169875, 0.17, 0.83, 0.177456
0.85, 0.179713, 0.17, 0.83, 0.180788
0.85, 0.178522, 0.17, 0.83, 0.180901
0.85, 0.171025, 0.17, 0.83, 0.175546
0.85, 0.173136, 0.17, 0.83, 0.171851
0.85, 0.192735, 0.18, 0.82, 0.194273
0.85, 0.195645, 0.18, 0.82, 0.195146
0.85, 0.191428, 0.18, 0.82, 0.19119
0.85, 0.191607, 0.18, 0.82, 0.188897
0.85, 0.187682, 0.18, 0.82, 0.19271
0.85, 0.187822, 0.18, 0.82, 0.189547
0.85, 0.190083, 0.18, 0.82, 0.194662
0.85, 0.185428, 0.18, 0.82, 0.184598
0.85, 0.18941, 0.18, 0.82, 0.18893
0.85, 0.192801, 0.18, 0.82, 0.196264
0.85, 0.187965, 0.18, 0.82, 0.188866
0.85, 0.188773, 0.18, 0.82, 0.190252
0.85, 0.189896, 0.18, 0.82, 0.190661
0.85, 0.184906, 0.18, 0.82, 0.190339
0.85, 0.191863, 0.18, 0.82, 0.18794
0.85, 0.191103, 0.18, 0.82, 0.193318
0.85, 0.186291, 0.18, 0.82, 0.188668
0.85, 0.198678, 0.18, 0.82, 0.195995
0.85, 0.183464, 0.18, 0.82, 0.186078
0.85, 0.189351, 0.18, 0.82, 0.18833
0.85, 0.191192, 0.18, 0.82, 0.190729
0.85, 0.182224, 0.18, 0.82, 0.187467
0.85, 0.1873, 0.18, 0.82, 0.18861
0.85, 0.193356, 0.18, 0.82, 0.19701
0.85, 0.18669, 0.18, 0.82, 0.191953
0.85, 0.201816, 0.19, 0.81, 0.205628
0.85, 0.200952, 0.19, 0.81, 0.203001
0.85, 0.211957, 0.19, 0.81, 0.210985
0.85, 0.208718, 0.19, 0.81, 0.206678
0.85, 0.209553, 0.19, 0.81, 0.20748
0.85, 0.210048, 0.19, 0.81, 0.213371
0.85, 0.202763, 0.19, 0.81, 0.203471
0.85, 0.202491, 0.19, 0.81, 0.206318
0.85, 0.204661, 0.19, 0.81, 0.204988
0.85, 0.20439, 0.19, 0.81, 0.208429
0.85, 0.205915, 0.19, 0.81, 0.206698
0.85, 0.203813, 0.19, 0.81, 0.203279
0.85, 0.205785, 0.19, 0.81, 0.204951
0.85, 0.203181, 0.19, 0.81, 0.20392
0.85, 0.197942, 0.19, 0.81, 0.200956
0.85, 0.212499, 0.19, 0.81, 0.210707
0.85, 0.205888, 0.19, 0.81, 0.205817
0.85, 0.21243, 0.19, 0.81, 0.207378
0.85, 0.208602, 0.19, 0.81, 0.207582
0.85, 0.208898, 0.19, 0.81, 0.204517
0.85, 0.213955, 0.19, 0.81, 0.212545
0.85, 0.206516, 0.19, 0.81, 0.203723
0.85, 0.208737, 0.19, 0.81, 0.207421
0.85, 0.204475, 0.19, 0.81, 0.205408
0.85, 0.197723, 0.19, 0.81, 0.19678
0.85, 0.208717, 0.2, 0.8, 0.21426
0.85, 0.217295, 0.2, 0.8, 0.217907
0.85, 0.218183, 0.2, 0.8, 0.214027
0.85, 0.217942, 0.2, 0.8, 0.215902
0.85, 0.217247, 0.2, 0.8, 0.217851
0.85, 0.212539, 0.2, 0.8, 0.210018
0.85, 0.211414, 0.2, 0.8, 0.2183
0.85, 0.205884, 0.2, 0.8, 0.213132
0.85, 0.220805, 0.2, 0.8, 0.220172
0.85, 0.221348, 0.2, 0.8, 0.220075
0.85, 0.219865, 0.2, 0.8, 0.217742
0.85, 0.209565, 0.2, 0.8, 0.214932
0.85, 0.214284, 0.2, 0.8, 0.216433
0.85, 0.214464, 0.2, 0.8, 0.216904
0.85, 0.218438, 0.2, 0.8, 0.21598
0.85, 0.223361, 0.2, 0.8, 0.220168
0.85, 0.212653, 0.2, 0.8, 0.214625
0.85, 0.217471, 0.2, 0.8, 0.2169
0.85, 0.22342, 0.2, 0.8, 0.225242
0.85, 0.213076, 0.2, 0.8, 0.215291
0.85, 0.217474, 0.2, 0.8, 0.219013
0.85, 0.225887, 0.2, 0.8, 0.215285
0.85, 0.209913, 0.2, 0.8, 0.213678
0.85, 0.215747, 0.2, 0.8, 0.21775
0.85, 0.219328, 0.2, 0.8, 0.214563
0.85, 0.244381, 0.21, 0.79, 0.240081
0.85, 0.227948, 0.21, 0.79, 0.232325
0.85, 0.240255, 0.21, 0.79, 0.237767
0.85, 0.235268, 0.21, 0.79, 0.236546
0.85, 0.230838, 0.21, 0.79, 0.229249
0.85, 0.230732, 0.21, 0.79, 0.231142
0.85, 0.229064, 0.21, 0.79, 0.228398
0.85, 0.224687, 0.21, 0.79, 0.22504
0.85, 0.235895, 0.21, 0.79, 0.234955
0.85, 0.217054, 0.21, 0.79, 0.221492
0.85, 0.228563, 0.21, 0.79, 0.231063
0.85, 0.226736, 0.21, 0.79, 0.225856
0.85, 0.231457, 0.21, 0.79, 0.233622
0.85, 0.23174, 0.21, 0.79, 0.229091
0.85, 0.236096, 0.21, 0.79, 0.235138
0.85, 0.225771, 0.21, 0.79, 0.231325
0.85, 0.229604, 0.21, 0.79, 0.229923
0.85, 0.2297, 0.21, 0.79, 0.228903
0.85, 0.241316, 0.21, 0.79, 0.237751
0.85, 0.224145, 0.21, 0.79, 0.226741
0.85, 0.227943, 0.21, 0.79, 0.231334
0.85, 0.218468, 0.21, 0.79, 0.224616
0.85, 0.232407, 0.21, 0.79, 0.232678
0.85, 0.236449, 0.21, 0.79, 0.233782
0.85, 0.229312, 0.21, 0.79, 0.227636
0.85, 0.235675, 0.22, 0.78, 0.240897
0.85, 0.242839, 0.22, 0.78, 0.245512
0.85, 0.237938, 0.22, 0.78, 0.242182
0.85, 0.247214, 0.22, 0.78, 0.245601
0.85, 0.243245, 0.22, 0.78, 0.239487
0.85, 0.251096, 0.22, 0.78, 0.25042
0.85, 0.247228, 0.22, 0.78, 0.250858
0.85, 0.252102, 0.22, 0.78, 0.246639
0.85, 0.236943, 0.22, 0.78, 0.236452
0.85, 0.243283, 0.22, 0.78, 0.24412
0.85, 0.238958, 0.22, 0.78, 0.241224
0.85, 0.229616, 0.22, 0.78, 0.231853
0.85, 0.237029, 0.22, 0.78, 0.245938
0.85, 0.253078, 0.22, 0.78, 0.245595
0.85, 0.241237, 0.22, 0.78, 0.241227
0.85, 0.240863, 0.22, 0.78, 0.242838
0.85, 0.246158, 0.22, 0.78, 0.240405
0.85, 0.240473, 0.22, 0.78, 0.246687
0.85, 0.241792, 0.22, 0.78, 0.24612
0.85, 0.242381, 0.22, 0.78, 0.24444
0.85, 0.247574, 0.22, 0.78, 0.25003
0.85, 0.237148, 0.22, 0.78, 0.240993
0.85, 0.23747, 0.22, 0.78, 0.241643
0.85, 0.238824, 0.22, 0.78, 0.239022
0.85, 0.251512, 0.22, 0.78, 0.248975
0.85, 0.266451, 0.23, 0.77, 0.263359
0.85, 0.25502, 0.23, 0.77, 0.257538
0.85, 0.256068, 0.23, 0.77, 0.250491
0.85, 0.255602, 0.23, 0.77, 0.257007
0.85, 0.256108, 0.23, 0.77, 0.255238
0.85, 0.253817, 0.23, 0.77, 0.256202
0.85, 0.252897, 0.23, 0.77, 0.251866
0.85, 0.260426, 0.23, 0.77, 0.258595
0.85, 0.257254, 0.23, 0.77, 0.261992
0.85, 0.246796, 0.23, 0.77, 0.254221
0.85, 0.255263, 0.23, 0.77, 0.259574
0.85, 0.258661, 0.23, 0.77, 0.254995
0.85, 0.254991, 0.23, 0.77, 0.255666
0.85, 0.259634, 0.23, 0.77, 0.261494
0.85, 0.262419, 0.23, 0.77, 0.259101
0.85, 0.253937, 0.23, 0.77, 0.258146
0.85, 0.249475, 0.23, 0.77, 0.254304
0.85, 0.257722, 0.23, 0.77, 0.260949
0.85, 0.251666, 0.23, 0.77, 0.250314
0.85, 0.265264, 0.23, 0.77, 0.263848
0.85, 0.24692, 0.23, 0.77, 0.254719
0.85, 0.259097, 0.23, 0.77, 0.25715
0.85, 0.256524, 0.23, 0.77, 0.257753
0.85, 0.257751, 0.23, 0.77, 0.256988
0.85, 0.250723, 0.23, 0.77, 0.253011
0.85, 0.275792, 0.24, 0.76, 0.278436
0.85, 0.275574, 0.24, 0.76, 0.273364
0.85, 0.272957, 0.24, 0.76, 0.269256
0.85, 0.281722, 0.24, 0.76, 0.280035
0.85, 0.265706, 0.24, 0.76, 0.267175
0.85, 0.264291, 0.24, 0.76, 0.266396
0.85, 0.271414, 0.24, 0.76, 0.274233
0.85, 0.265107, 0.24, 0.76, 0.263237
0.85, 0.268765, 0.24, 0.76, 0.272298
0.85, 0.274844, 0.24, 0.76, 0.277032
0.85, 0.287551, 0.24, 0.76, 0.279801
0.85, 0.267349, 0.24, 0.76, 0.269854
0.85, 0.275214, 0.24, 0.76, 0.274821
0.85, 0.274376, 0.24, 0.76, 0.273062
0.85, 0.268505, 0.24, 0.76, 0.270269
0.85, 0.271455, 0.24, 0.76, 0.271349
0.85, 0.272576, 0.24, 0.76, 0.27566
0.85, 0.270359, 0.24, 0.76, 0.273192
0.85, 0.268535, 0.24, 0.76, 0.272002
0.85, 0.277858, 0.24, 0.76, 0.277895
0.85, 0.276401, 0.24, 0.76, 0.27893
0.85, 0.274017, 0.24, 0.76, 0.273849
0.85, 0.274727, 0.24, 0.76, 0.27762
0.85, 0.266876, 0.24, 0.76, 0.272733
0.85, 0.275298, 0.24, 0.76, 0.269403
0.85, 0.296974, 0.25, 0.75, 0.293086
0.85, 0.27495, 0.25, 0.75, 0.278555
0.85, 0.282084, 0.25, 0.75, 0.280972
0.85, 0.290324, 0.25, 0.75, 0.289309
0.85, 0.277417, 0.25, 0.75, 0.285374
0.85, 0.291323, 0.25, 0.75, 0.289488
0.85, 0.276758, 0.25, 0.75, 0.283472
0.85, 0.296649, 0.25, 0.75, 0.291224
0.85, 0.281707, 0.25, 0.75, 0.288385
0.85, 0.27643, 0.25, 0.75, 0.283671
0.85, 0.292378, 0.25, 0.75, 0.294334
0.85, 0.288757, 0.25, 0.75, 0.287083
0.85, 0.277171, 0.25, 0.75, 0.281352
0.85, 0.28448, 0.25, 0.75, 0.292833
0.85, 0.289804, 0.25, 0.75, 0.287503
0.85, 0.278775, 0.25, 0.75, 0.279699
0.85, 0.282783, 0.25, 0.75, 0.283605
0.85, 0.285467, 0.25, 0.75, 0.286722
0.85, 0.279291, 0.25, 0.75, 0.284896
0.85, 0.286708, 0.25, 0.75, 0.293933
0.85, 0.284206, 0.25, 0.75, 0.285529
0.85, 0.287129, 0.25, 0.75, 0.286371
0.85, 0.292639, 0.25, 0.75, 0.292915
0.85, 0.289322, 0.25, 0.75, 0.288604
0.85, 0.280997, 0.25, 0.75, 0.283896
0.85, 0.299325, 0.26, 0.74, 0.303527
0.85, 0.29245, 0.26, 0.74, 0.295262
0.85, 0.291629, 0.26, 0.74, 0.29021
0.85, 0.297699, 0.26, 0.74, 0.301178
0.85, 0.298495, 0.26, 0.74, 0.29917
0.85, 0.296456, 0.26, 0.74, 0.298146
0.85, 0.300556, 0.26, 0.74, 0.302693
0.85, 0.295028, 0.26, 0.74, 0.298142
0.85, 0.305509, 0.26, 0.74, 0.302569
0.85, 0.293828, 0.26, 0.74, 0.297107
0.85, 0.310666, 0.26, 0.74, 0.302961
0.85, 0.302387, 0.26, 0.74, 0.304831
0.85, 0.296484, 0.26, 0.74, 0.300936
0.85, 0.294937, 0.26, 0.74, 0.300369
0.85, 0.299786, 0.26, 0.74, 0.302701
0.85, 0.309995, 0.26, 0.74, 0.310535
0.85, 0.296521, 0.26, 0.74, 0.304784
0.85, 0.297859, 0.26, 0.74, 0.301268
0.85, 0.291106, 0.26, 0.74, 0.294877
0.85, 0.312629, 0.26, 0.74, 0.313818
0.85, 0.298596, 0.26, 0.74, 0.30248
0.85, 0.296954, 0.26, 0.74, 0.297194
0.85, 0.301449, 0.26, 0.74, 0.303845
0.85, 0.298255, 0.26, 0.74, 0.296063
0.85, 0.293446, 0.26, 0.74, 0.292173
0.85, 0.307568, 0.27, 0.73, 0.312078
0.85, 0.307385, 0.27, 0.73, 0.309764
0.85, 0.303869, 0.27, 0.73, 0.310176
0.85, 0.306857, 0.27, 0.73, 0.309102
0.85, 0.330766, 0.27, 0.73, 0.327754
0.85, 0.305728, 0.27, 0.73, 0.310979
0.85, 0.312332, 0.27, 0.73, 0.316988
0.85, 0.321002, 0.27, 0.73, 0.317241
0.85, 0.308037, 0.27, 0.73, 0.30896
0.85, 0.319999, 0.27, 0.73, 0.319798
0.85, 0.311202, 0.27, 0.73, 0.313649
0.85, 0.305125, 0.27, 0.73, 0.308547
0.85, 0.322487, 0.27, 0.73, 0.325665
0.85, 0.315369, 0.27, 0.73, 0.314411
0.85, 0.309557, 0.27, 0.73, 0.313924
0.85, 0.317564, 0.27, 0.73, 0.317269
0.85, 0.305628, 0.27, 0.73, 0.305605
0.85, 0.32168, 0.27, 0.73, 0.320045
0.85, 0.320349, 0.27, 0.73, 0.317477
0.85, 0.308153, 0.27, 0.73, 0.308702
0.85, 0.317865, 0.27, 0.73, 0.318987
0.85, 0.320322, 0.27, 0.73, 0.315537
0.85, 0.309634, 0.27, 0.73, 0.313644
0.85, 0.319648, 0.27, 0.73, 0.319334
0.85, 0.312495, 0.27, 0.73, 0.317967
0.85, 0.319541, 0.28, 0.72, 0.324942
0.85, 0.319909, 0.28, 0.72, 0.326539
0.85, 0.32306, 0.28, 0.72, 0.324498
0.85, 0.334218, 0.28, 0.72, 0.332834
0.85, 0.320365, 0.28, 0.72, 0.32715
0.85, 0.326661, 0.28, 0.72, 0.329764
0.85, 0.325818, 0.28, 0.72, 0.325133
0.85, 0.335714, 0.28, 0.72, 0.335692
0.85, 0.333824, 0.28, 0.72, 0.334933
0.85, 0.324899, 0.28, 0.72, 0.329289
0.85, 0.333137, 0.28, 0.72, 0.333805
0.85, 0.336485, 0.28, 0.72, 0.332132
0.85, 0.33352, 0.28, 0.72, 0.332915
0.85, 0.322934, 0.28, 0.72, 0.328919
0.85, 0.330416, 0.28, 0.72, 0.33323
0.85, 0.333301, 0.28, 0.72, 0.328265
0.85, 0.333038, 0.28, 0.72, 0.341404
0.85, 0.327728, 0.28, 0.72, 0.329777
0.85, 0.333685, 0.28, 0.72, 0.329926
0.85, 0.332178, 0.28, 0.72, 0.329119
0.85, 0.32613, 0.28, 0.72, 0.329481
0.85, 0.332438, 0.28, 0.72, 0.334873
0.85, 0.346087, 0.28, 0.72, 0.343726
0.85, 0.328098, 0.28, 0.72, 0.330859
0.85, 0.326768, 0.28, 0.72, 0.324724
0.85, 0.334474, 0.29, 0.71, 0.341249
0.85, 0.346122, 0.29, 0.71, 0.348997
0.85, 0.349951, 0.29, 0.71, 0.351829
0.85, 0.35167, 0.29, 0.71, 0.35054
0.85, 0.333957, 0.29, 0.71, 0.334724
0.85, 0.353898, 0.29, 0.71, 0.349864
0.85, 0.338017, 0.29, 0.71, 0.345777
0.85, 0.340954, 0.29, 0.71, 0.345062
0.85, 0.351804, 0.29, 0.71, 0.347983
0.85, 0.347373, 0.29, 0.71, 0.34374
0.85, 0.337326, 0.29, 0.71, 0.341261
0.85, 0.337551, 0.29, 0.71, 0.338329
0.85, 0.347754, 0.29, 0.71, 0.349762
0.85, 0.345978, 0.29, 0.71, 0.344788
0.85, 0.361052, 0.29, 0.71, 0.362956
0.85, 0.344124, 0.29, 0.71, 0.349799
0.85, 0.353082, 0.29, 0.71, 0.356846
0.85, 0.344793, 0.29, 0.71, 0.342846
0.85, 0.32994, 0.29, 0.71, 0.338096
0.85, 0.352905, 0.29, 0.71, 0.349497
0.85, 0.343531, 0.29, 0.71, 0.347878
0.85, 0.340989, 0.29, 0.71, 0.342598
0.85, 0.355626, 0.29, 0.71, 0.351938
0.85, 0.345231, 0.29, 0.71, 0.344411
0.85, 0.353353, 0.29, 0.71, 0.352758
0.85, 0.367181, 0.3, 0.7, 0.37177
0.85, 0.371731, 0.3, 0.7, 0.372403
0.85, 0.359681, 0.3, 0.7, 0.366261
0.85, 0.360228, 0.3, 0.7, 0.364507
0.85, 0.363458, 0.3, 0.7, 0.364249
0.85, 0.359068, 0.3, 0.7, 0.362749
0.85, 0.362233, 0.3, 0.7, 0.36188
0.85, 0.360449, 0.3, 0.7, 0.360975
0.85, 0.362169, 0.3, 0.7, 0.365798
0.85, 0.357731, 0.3, 0.7, 0.36486
0.85, 0.362356, 0.3, 0.7, 0.361196
0.85, 0.369534, 0.3, 0.7, 0.370834
0.85, 0.365259, 0.3, 0.7, 0.365571
0.85, 0.359916, 0.3, 0.7, 0.360494
0.85, 0.358403, 0.3, 0.7, 0.359329
0.85, 0.362527, 0.3, 0.7, 0.360165
0.85, 0.3617, 0.3, 0.7, 0.365567
0.85, 0.35524, 0.3, 0.7, 0.360469
0.85, 0.375685, 0.3, 0.7, 0.372899
0.85, 0.383073, 0.3, 0.7, 0.379137
0.85, 0.375305, 0.3, 0.7, 0.370499
0.85, 0.366681, 0.3, 0.7, 0.364284
0.85, 0.358738, 0.3, 0.7, 0.365925
0.85, 0.370528, 0.3, 0.7, 0.366705
0.85, 0.351903, 0.3, 0.7, 0.357492
0.9, 0.164062, 0.15, 0.85, 0.16027
0.9, 0.158427, 0.15, 0.85, 0.157783
0.9, 0.160737, 0.15, 0.85, 0.159847
0.9, 0.15827, 0.15, 0.85, 0.162134
0.9, 0.156985, 0.15, 0.85, 0.160602
0.9, 0.156729, 0.15, 0.85, 0.158013
0.9, 0.161061, 0.15, 0.85, 0.161575
0.9, 0.160138, 0.15, 0.85, 0.163898
0.9, 0.150401, 0.15, 0.85, 0.150547
0.9, 0.159626, 0.15, 0.85, 0.156691
0.9, 0.160867, 0.15, 0.85, 0.159198
0.9, 0.154036, 0.15, 0.85, 0.15679
0.9, 0.152662, 0.15, 0.85, 0.160914
0.9, 0.157837, 0.15, 0.85, 0.162274
0.9, 0.150252, 0.15, 0.85, 0.154227
0.9, 0.160968, 0.15, 0.85, 0.162784
0.9, 0.153696, 0.15, 0.85, 0.157008
0.9, 0.155956, 0.15, 0.85, 0.161477
0.9, 0.162763, 0.15, 0.85, 0.160164
0.9, 0.149561, 0.15, 0.85, 0.152661
0.9, 0.154273, 0.15, 0.85, 0.156867
0.9, 0.160062, 0.15, 0.85, 0.163354
0.9, 0.156505, 0.15, 0.85, 0.158992
0.9, 0.156829, 0.15, 0.85, 0.156086
0.9, 0.156836, 0.15, 0.85, 0.15962
0.9, 0.173241, 0.16, 0.84, 0.175402
0.9, 0.175325, 0.16, 0.84, 0.17226
0.9, 0.165391, 0.16, 0.84, 0.16737
0.9, 0.173686, 0.16, 0.84, 0.172796
0.9, 0.170175, 0.16, 0.84, 0.171548
0.9, 0.167207, 0.16, 0.84, 0.170764
0.9, 0.170129, 0.16, 0.84, 0.171818
0.9, 0.167245, 0.16, 0.84, 0.172717
0.9, 0.172831, 0.16, 0.84, 0.171693
0.9, 0.169989, 0.16, 0.84, 0.172252
0.9, 0.173087, 0.16, 0.84, 0.174272
0.9, 0.175772, 0.16, 0.84, 0.174086
0.9, 0.167051, 0.16, 0.84, 0.168629
0.9, 0.167624, 0.16, 0.84, 0.167021
0.9, 0.166546, 0.16, 0.84, 0.168325
0.9, 0.168398, 0.16, 0.84, 0.165642
0.9, 0.170529, 0.16, 0.84, 0.175833
0.9, 0.172385, 0.16, 0.84, 0.173047
0.9, 0.17111, 0.16, 0.84, 0.167256
0.9, 0.173023, 0.16, 0.84, 0.175019
0.9, 0.170711, 0.16, 0.84, 0.175433
0.9, 0.169602, 0.16, 0.84, 0.169524
0.9, 0.16769, 0.16, 0.84, 0.172702
0.9, 0.172618, 0.16, 0.84, 0.169369
0.9, 0.169798, 0.16, 0.84, 0.170027
0.9, 0.179214, 0.17, 0.83, 0.183423
0.9, 0.185489, 0.17, 0.83, 0.187323
0.9, 0.174803, 0.17, 0.83, 0.180458
0.9, 0.181335, 0.17, 0.83, 0.184214
0.9, 0.183537, 0.17, 0.83, 0.184573
0.9, 0.18596, 0.17, 0.83, 0.188462
0.9, 0.182918, 0.17, 0.83, 0.190028
0.9, 0.177043, 0.17, 0.83, 0.179764
0.9, 0.197824, 0.17, 0.83, 0.194401
0.9, 0.183761, 0.17, 0.83, 0.185032
0.9, 0.180221, 0.17, 0.83, 0.182848
0.9, 0.180026, 0.17, 0.83, 0.183501
0.9, 0.180834, 0.17, 0.83, 0.181077
0.9, 0.184245, 0.17, 0.83, 0.183504
0.9, 0.185906, 0.17, 0.83, 0.184567
0.9, 0.179239, 0.17, 0.83, 0.18175
0.9, 0.189902, 0.17, 0.83, 0.190801
0.9, 0.181789, 0.17, 0.83, 0.181961
0.9, 0.185254, 0.17, 0.83, 0.187543
0.9, 0.181253, 0.17, 0.83, 0.184465
0.9, 0.187496, 0.17, 0.83, 0.187944
0.9, 0.186687, 0.17, 0.83, 0.183736
0.9, 0.186164, 0.17, 0.83, 0.185145
0.9, 0.184158, 0.17, 0.83, 0.183137
0.9, 0.178813, 0.17, 0.83, 0.180099
0.9, 0.195708, 0.18, 0.82, 0.196507
0.9, 0.193067, 0.18, 0.82, 0.191549
0.9, 0.193518, 0.18, 0.82, 0.193515
0.9, 0.199501, 0.18, 0.82, 0.202236
0.9, 0.205417, 0.18, 0.82, 0.20016
0.9, 0.197148, 0.18, 0.82, 0.191815
0.9, 0.19569, 0.18, 0.82, 0.198529
0.9, 0.193765, 0.18, 0.82, 0.197258
0.9, 0.198013, 0.18, 0.82, 0.201788
0.9, 0.200171, 0.18, 0.82, 0.194417
0.9, 0.191781, 0.18, 0.82, 0.194791
0.9, 0.196806, 0.18, 0.82, 0.195647
0.9, 0.196205, 0.18, 0.82, 0.195816
0.9, 0.18897, 0.18, 0.82, 0.193114
0.9, 0.193782, 0.18, 0.82, 0.198786
0.9, 0.197598, 0.18, 0.82, 0.196751
0.9, 0.196478, 0.18, 0.82, 0.19963
0.9, 0.196408, 0.18, 0.82, 0.194892
0.9, 0.197211, 0.18, 0.82, 0.201235
0.9, 0.192066, 0.18, 0.82, 0.198216
0.9, 0.194351, 0.18, 0.82, 0.197687
0.9, 0.20206, 0.18, 0.82, 0.197724
0.9, 0.197449, 0.18, 0.82, 0.199619
0.9, 0.195557, 0.18, 0.82, 0.199651
0.9, 0.199837, 0.18, 0.82, 0.196425
0.9, 0.21071, 0.19, 0.81, 0.215818
0.9, 0.204757, 0.19, 0.81, 0.204463
0.9, 0.213575, 0.19, 0.81, 0.212125
0.9, 0.20783, 0.19, 0.81, 0.209297
0.9, 0.208904, 0.19, 0.81, 0.211404
0.9, 0.206911, 0.19, 0.81, 0.207145
0.9, 0.20316, 0.19, 0.81, 0.208214
0.9, 0.205148, 0.19, 0.81, 0.212473
0.9, 0.215485, 0.19, 0.81, 0.217544
0.9, 0.221571, 0.19, 0.81, 0.220502
0.9, 0.211254, 0.19, 0.81, 0.210872
0.9, 0.20578, 0.19, 0.81, 0.209092
0.9, 0.205606, 0.19, 0.81, 0.210532
0.9, 0.219636, 0.19, 0.81, 0.220431
0.9, 0.203263, 0.19, 0.81, 0.205912
0.9, 0.210883, 0.19, 0.81, 0.211876
0.9, 0.206651, 0.19, 0.81, 0.207083
0.9, 0.207994, 0.19, 0.81, 0.213543
0.9, 0.202473, 0.19, 0.81, 0.206854
0.9, 0.208872, 0.19, 0.81, 0.208995
0.9, 0.216111, 0.19, 0.81, 0.216218
0.9, 0.208572, 0.19, 0.81, 0.218829
0.9, 0.209873, 0.19, 0.81, 0.211541
0.9, 0.209142, 0.19, 0.81, 0.209551
0.9, 0.216435, 0.19, 0.81, 0.21491
0.9, 0.22419, 0.2, 0.8, 0.225657
0.9, 0.229797, 0.2, 0.8, 0.229934
0.9, 0.216993, 0.2, 0.8, 0.216502
0.9, 0.230307, 0.2, 0.8, 0.228366
0.9, 0.221226, 0.2, 0.8, 0.22497
0.9, 0.223566, 0.2, 0.8, 0.222968
0.9, 0.222316, 0.2, 0.8, 0.22515
0.9, 0.222763, 0.2, 0.8, 0.222597
0.9, 0.223998, 0.2, 0.8, 0.226297
0.9, 0.218464, 0.2, 0.8, 0.220587
0.9, 0.221547, 0.2, 0.8, 0.224296
0.9, 0.226101, 0.2, 0.8, 0.225456
0.9, 0.223808, 0.2, 0.8, 0.223561
0.9, 0.219126, 0.2, 0.8, 0.22081
0.9, 0.215742, 0.2, 0.8, 0.218834
0.9, 0.224373, 0.2, 0.8, 0.226964
0.9, 0.21933, 0.2, 0.8, 0.222039
0.9, 0.216858, 0.2, 0.8, 0.221934
0.9, 0.222278, 0.2, 0.8, 0.221728
0.9, 0.228283, 0.2, 0.8, 0.227543
0.9, 0.221566, 0.2, 0.8, 0.225114
0.9, 0.215917, 0.2, 0.8, 0.225069
0.9, 0.225531, 0.2, 0.8, 0.231118
0.9, 0.219587, 0.2, 0.8, 0.223284
0.9, 0.224613, 0.2, 0.8, 0.228671
0.9, 0.238594, 0.21, 0.79, 0.235343
0.9, 0.222811, 0.21, 0.79, 0.231625
0.9, 0.227496, 0.21, 0.79, 0.235126
0.9, 0.243233, 0.21, 0.79, 0.242152
0.9, 0.24197, 0.21, 0.79, 0.242068
0.9, 0.246921, 0.21, 0.79, 0.247407
0.9, 0.223672, 0.21, 0.79, 0.22989
0.9, 0.246262, 0.21, 0.79, 0.248453
0.9, 0.235859, 0.21, 0.79, 0.23487
0.9, 0.232719, 0.21, 0.79, 0.231673
0.9, 0.236111, 0.21, 0.79, 0.239441
0.9, 0.231191, 0.21, 0.79, 0.236487
0.9, 0.236019, 0.21, 0.79, 0.235701
0.9, 0.229204, 0.21, 0.79, 0.231851
0.9, 0.231839, 0.21, 0.79, 0.234398
0.9, 0.234602, 0.21, 0.79, 0.238343
0.9, 0.239882, 0.21, 0.79, 0.242226
0.9, 0.234025, 0.21, 0.79, 0.233574
0.9, 0.239, 0.21, 0.79, 0.238996
0.9, 0.244807, 0.21, 0.79, 0.240781
0.9, 0.238543, 0.21, 0.79, 0.235994
0.9, 0.23842, 0.21, 0.79, 0.238621
0.9, 0.234343, 0.21, 0.79, 0.240198
0.9, 0.238817, 0.21, 0.79, 0.238048
0.9, 0.227965, 0.21, 0.79, 0.234729
0.9, 0.245881, 0.22, 0.78, 0.251049
0.9, 0.252563, 0.22, 0.78, 0.252414
0.9, 0.245708, 0.22, 0.78, 0.24602
0.9, 0.252875, 0.22, 0.78, 0.251287
0.9, 0.254384, 0.22, 0.78, 0.252438
0.9, 0.259813, 0.22, 0.78, 0.256119
0.9, 0.245234, 0.22, 0.78, 0.244447
0.9, 0.250224, 0.22, 0.78, 0.254218
0.9, 0.24498, 0.22, 0.78, 0.252124
0.9, 0.254309, 0.22, 0.78, 0.254537
0.9, 0.243698, 0.22, 0.78, 0.239694
0.9, 0.246214, 0.22, 0.78, 0.247363
0.9, 0.256137, 0.22, 0.78, 0.251983
0.9, 0.249979, 0.22, 0.78, 0.248042
0.9, 0.246874, 0.22, 0.78, 0.247323
0.9, 0.252675, 0.22, 0.78, 0.254388
0.9, 0.248519, 0.22, 0.78, 0.253496
0.9, 0.240435, 0.22, 0.78, 0.245145
0.9, 0.24343, 0.22, 0.78, 0.248685
0.9, 0.2491, 0.22, 0.78, 0.248275
0.9, 0.242493, 0.22, 0.78, 0.241385
0.9, 0.246708, 0.22, 0.78, 0.249481
0.9, 0.244871, 0.22, 0.78, 0.24518
0.9, 0.244901, 0.22, 0.78, 0.2456
0.9, 0.249352, 0.22, 0.78, 0.251247
0.9, 0.25044, 0.23, 0.77, 0.261861
0.9, 0.256722, 0.23, 0.77, 0.260563
0.9, 0.264177, 0.23, 0.77, 0.270676
0.9, 0.253452, 0.23, 0.77, 0.260148
0.9, 0.265923, 0.23, 0.77, 0.268282
0.9, 0.269387, 0.23, 0.77, 0.269583
0.9, 0.256285, 0.23, 0.77, 0.263734
0.9, 0.257961, 0.23, 0.77, 0.258743
0.9, 0.25506, 0.23, 0.77, 0.261297
0.9, 0.263108, 0.23, 0.77, 0.268155
0.9, 0.261902, 0.23, 0.77, 0.266639
0.9, 0.269602, 0.23, 0.77, 0.269407
0.9, 0.275728, 0.23, 0.77, 0.272827
0.9, 0.255254, 0.23, 0.77, 0.261025
0.9, 0.265018, 0.23, 0.77, 0.26979
0.9, 0.273532, 0.23, 0.77, 0.274066
0.9, 0.267766, 0.23, 0.77, 0.271283
0.9, 0.26946, 0.23, 0.77, 0.267762
0.9, 0.268842, 0.23, 0.77, 0.266978
0.9, 0.263705, 0.23, 0.77, 0.267771
0.9, 0.262161, 0.23, 0.77, 0.261457
0.9, 0.260767, 0.23, 0.77, 0.262187
0.9, 0.270975, 0.23, 0.77, 0.27538
0.9, 0.254655, 0.23, 0.77, 0.259663
0.9, 0.270829, 0.23, 0.77, 0.268875
0.9, 0.262056, 0.24, 0.76, 0.272356
0.9, 0.277123, 0.24, 0.76, 0.279614
0.9, 0.278689, 0.24, 0.76, 0.279422
0.9, 0.27795, 0.24, 0.76, 0.283697
0.9, 0.273196, 0.24, 0.76, 0.275629
0.9, 0.272473, 0.24, 0.76, 0.275709
0.9, 0.27548, 0.24, 0.76, 0.278256
0.9, 0.281009, 0.24, 0.76, 0.277637
0.9, 0.271521, 0.24, 0.76, 0.276689
0.9, 0.273998, 0.24, 0.76, 0.278445
0.9, 0.271203, 0.24, 0.76, 0.274898
0.9, 0.287071, 0.24, 0.76, 0.2831
0.9, 0.28209, 0.24, 0.76, 0.279703
0.9, 0.273777, 0.24, 0.76, 0.275823
0.9, 0.272247, 0.24, 0.76, 0.273775
0.9, 0.274239, 0.24, 0.76, 0.278264
0.9, 0.273998, 0.24, 0.76, 0.274004
0.9, 0.275927, 0.24, 0.76, 0.280525
0.9, 0.273978, 0.24, 0.76, 0.272466
0.9, 0.285452, 0.24, 0.76, 0.286537
0.9, 0.279758, 0.24, 0.76, 0.279236
0.9, 0.285547, 0.24, 0.76, 0.285185
0.9, 0.265644, 0.24, 0.76, 0.26855
0.9, 0.27327, 0.24, 0.76, 0.280481
0.9, 0.278018, 0.24, 0.76, 0.282869
0.9, 0.285577, 0.25, 0.75, 0.292385
0.9, 0.294614, 0.25, 0.75, 0.294311
0.9, 0.296759, 0.25, 0.75, 0.296469
0.9, 0.292861, 0.25, 0.75, 0.297348
0.9, 0.285333, 0.25, 0.75, 0.292336
0.9, 0.290383, 0.25, 0.75, 0.292125
0.9, 0.290078, 0.25, 0.75, 0.295549
0.9, 0.294279, 0.25, 0.75, 0.300309
0.9, 0.279964, 0.25, 0.75, 0.283119
0.9, 0.287924, 0.25, 0.75, 0.288431
0.9, 0.283508, 0.25, 0.75, 0.285015
0.9, 0.283302, 0.25, 0.75, 0.286016
0.9, 0.281531, 0.25, 0.75, 0.289702
0.9, 0.288519, 0.25, 0.75, 0.291219
0.9, 0.294852, 0.25, 0.75, 0.296765
0.9, 0.29024, 0.25, 0.75, 0.295638
0.9, 0.282286, 0.25, 0.75, 0.286586
0.9, 0.291938, 0.25, 0.75, 0.293419
0.9, 0.297371, 0.25, 0.75, 0.299758
0.9, 0.289738, 0.25, 0.75, 0.298501
0.9, 0.282995, 0.25, 0.75, 0.289095
0.9, 0.286363, 0.25, 0.75, 0.290362
0.9, 0.302567, 0.25, 0.75, 0.30309
0.9, 0.29353, 0.25, 0.75, 0.292152
0.9, 0.283355, 0.25, 0.75, 0.287465
0.9, 0.306101, 0.26, 0.74, 0.308614
0.9, 0.307642, 0.26, 0.74, 0.308575
0.9, 0.310279, 0.26, 0.74, 0.311178
0.9, 0.302383, 0.26, 0.74, 0.305293
0.9, 0.300334, 0.26, 0.74, 0.303445
0.9, 0.303441, 0.26, 0.74, 0.30544
0.9, 0.310112, 0.26, 0.74, 0.309175
0.9, 0.312515, 0.26, 0.74, 0.310588
0.9, 0.304228, 0.26, 0.74, 0.300343
0.9, 0.299777, 0.26, 0.74, 0.306147
0.9, 0.304424, 0.26, 0.74, 0.309647
0.9, 0.295381, 0.26, 0.74, 0.300452
0.9, 0.300202, 0.26, 0.74, 0.302528
0.9, 0.308976, 0.26, 0.74, 0.311374
0.9, 0.301007, 0.26, 0.74, 0.300718
0.9, 0.299674, 0.26, 0.74, 0.304757
0.9, 0.29451, 0.26, 0.74, 0.302839
0.9, 0.290489, 0.26, 0.74, 0.296843
0.9, 0.3019, 0.26, 0.74, 0.300301
0.9, 0.306959, 0.26, 0.74, 0.311256
0.9, 0.304265, 0.26, 0.74, 0.307688
0.9, 0.30207, 0.26, 0.74, 0.302997
0.9, 0.314678, 0.26, 0.74, 0.313659
0.9, 0.30411, 0.26, 0.74, 0.302197
0.9, 0.31576, 0.26, 0.74, 0.31632
0.9, 0.327787, 0.27, 0.73, 0.329894
0.9, 0.327549, 0.27, 0.73, 0.325198
0.9, 0.301831, 0.27, 0.73, 0.308234
0.9, 0.322135, 0.27, 0.73, 0.326964
0.9, 0.3102, 0.27, 0.73, 0.314765
0.9, 0.314124, 0.27, 0.73, 0.320925
0.9, 0.323603, 0.27, 0.73, 0.325738
0.9, 0.318002, 0.27, 0.73, 0.322745
0.9, 0.31587, 0.27, 0.73, 0.321574
0.9, 0.318964, 0.27, 0.73, 0.318685
0.9, 0.321561, 0.27, 0.73, 0.323167
0.9, 0.31926, 0.27, 0.73, 0.324348
0.9, 0.321584, 0.27, 0.73, 0.328432
0.9, 0.33084, 0.27, 0.73, 0.332252
0.9, 0.317194, 0.27, 0.73, 0.32038
0.9, 0.320065, 0.27, 0.73, 0.322265
0.9, 0.331251, 0.27, 0.73, 0.330852
0.9, 0.317914, 0.27, 0.73, 0.321709
0.9, 0.326456, 0.27, 0.73, 0.326127
0.9, 0.311689, 0.27, 0.73, 0.316887
0.9, 0.311486, 0.27, 0.73, 0.318878
0.9, 0.320008, 0.27, 0.73, 0.318901
0.9, 0.318943, 0.27, 0.73, 0.321622
0.9, 0.309356, 0.27, 0.73, 0.312411
0.9, 0.309516, 0.27, 0.73, 0.318525
0.9, 0.346881, 0.28, 0.72, 0.347977
0.9, 0.334039, 0.28, 0.72, 0.335828
0.9, 0.344822, 0.28, 0.72, 0.345768
0.9, 0.330519, 0.28, 0.72, 0.333125
0.9, 0.338342, 0.28, 0.72, 0.342656
0.9, 0.34182, 0.28, 0.72, 0.345449
0.9, 0.330672, 0.28, 0.72, 0.335072
0.9, 0.331425, 0.28, 0.72, 0.337788
0.9, 0.328716, 0.28, 0.72, 0.338304
0.9, 0.32496, 0.28, 0.72, 0.327983
0.9, 0.323828, 0.28, 0.72, 0.330515
0.9, 0.332516, 0.28, 0.72, 0.337588
0.9, 0.331201, 0.28, 0.72, 0.336833
0.9, 0.331134, 0.28, 0.72, 0.338121
0.9, 0.340687, 0.28, 0.72, 0.338284
0.9, 0.330984, 0.28, 0.72, 0.337162
0.9, 0.341934, 0.28, 0.72, 0.340627
0.9, 0.333698, 0.28, 0.72, 0.33688
0.9, 0.328753, 0.28, 0.72, 0.335619
0.9, 0.34345, 0.28, 0.72, 0.350257
0.9, 0.335987, 0.28, 0.72, 0.34551
0.9, 0.325644, 0.28, 0.72, 0.329701
0.9, 0.335437, 0.28, 0.72, 0.333835
0.9, 0.340059, 0.28, 0.72, 0.337285
0.9, 0.329334, 0.28, 0.72, 0.331661
0.9, 0.35161, 0.29, 0.71, 0.361297
0.9, 0.343416, 0.29, 0.71, 0.348817
0.9, 0.346019, 0.29, 0.71, 0.351682
0.9, 0.360648, 0.29, 0.71, 0.352518
0.9, 0.3466, 0.29, 0.71, 0.352456
0.9, 0.349863, 0.29, 0.71, 0.349984
0.9, 0.348405, 0.29, 0.71, 0.350146
0.9, 0.348608, 0.29, 0.71, 0.358399
0.9, 0.348285, 0.29, 0.71, 0.345925
0.9, 0.363834, 0.29, 0.71, 0.359794
0.9, 0.34582, 0.29, 0.71, 0.34235
0.9, 0.343428, 0.29, 0.71, 0.34428
0.9, 0.347368, 0.29, 0.71, 0.344074
0.9, 0.350899, 0.29, 0.71, 0.350384
0.9, 0.350527, 0.29, 0.71, 0.353677
0.9, 0.358379, 0.29, 0.71, 0.355628
0.9, 0.354707, 0.29, 0.71, 0.358825
0.9, 0.358523, 0.29, 0.71, 0.360423
0.9, 0.349931, 0.29, 0.71, 0.351326
0.9, 0.349412, 0.29, 0.71, 0.34694
0.9, 0.366816, 0.29, 0.71, 0.368384
0.9, 0.354944, 0.29, 0.71, 0.358281
0.9, 0.357798, 0.29, 0.71, 0.35786
0.9, 0.347528, 0.29, 0.71, 0.356306
0.9, 0.348209, 0.29, 0.71, 0.350388
0.9, 0.373322, 0.3, 0.7, 0.373068
0.9, 0.359817, 0.3, 0.7, 0.362265
0.9, 0.369498, 0.3, 0.7, 0.368647
0.9, 0.367389, 0.3, 0.7, 0.367513
0.9, 0.369932, 0.3, 0.7, 0.368909
0.9, 0.374719, 0.3, 0.7, 0.372794
0.9, 0.366067, 0.3, 0.7, 0.369246
0.9, 0.371119, 0.3, 0.7, 0.372598
0.9, 0.36719, 0.3, 0.7, 0.365094
0.9, 0.367581, 0.3, 0.7, 0.369352
0.9, 0.350181, 0.3, 0.7, 0.359028
0.9, 0.370411, 0.3, 0.7, 0.373352
0.9, 0.367824, 0.3, 0.7, 0.37379
0.9, 0.374048, 0.3, 0.7, 0.376883
0.9, 0.36655, 0.3, 0.7, 0.365996
0.9, 0.374747, 0.3, 0.7, 0.378926
0.9, 0.361529, 0.3, 0.7, 0.367189
0.9, 0.370554, 0.3, 0.7, 0.373702
0.9, 0.37438, 0.3, 0.7, 0.373459
0.9, 0.365156, 0.3, 0.7, 0.367136
0.9, 0.367436, 0.3, 0.7, 0.37574
0.9, 0.359132, 0.3, 0.7, 0.360586
0.9, 0.368888, 0.3, 0.7, 0.375176
0.9, 0.358101, 0.3, 0.7, 0.366434
0.9, 0.367489, 0.3, 0.7, 0.366626
0.95, 0.169895, 0.15, 0.85, 0.166667
0.95, 0.161134, 0.15, 0.85, 0.165802
0.95, 0.167151, 0.15, 0.85, 0.166153
0.95, 0.166768, 0.15, 0.85, 0.161688
0.95, 0.173159, 0.15, 0.85, 0.173679
0.95, 0.167943, 0.15, 0.85, 0.163829
0.95, 0.158174, 0.15, 0.85, 0.162824
0.95, 0.168896, 0.15, 0.85, 0.16582
0.95, 0.160045, 0.15, 0.85, 0.161236
0.95, 0.157872, 0.15, 0.85, 0.161025
0.95, 0.170334, 0.15, 0.85, 0.172219
0.95, 0.165771, 0.15, 0.85, 0.162185
0.95, 0.16781, 0.15, 0.85, 0.165445
0.95, 0.164478, 0.15, 0.85, 0.163587
0.95, 0.165735, 0.15, 0.85, 0.162355
0.95, 0.162435, 0.15, 0.85, 0.161871
0.95, 0.16653, 0.15, 0.85, 0.167509
0.95, 0.152912, 0.15, 0.85, 0.156354
0.95, 0.163111, 0.15, 0.85, 0.165232
0.95, 0.165652, 0.15, 0.85, 0.161417
0.95, 0.162899, 0.15, 0.85, 0.162783
0.95, 0.16417, 0.15, 0.85, 0.164501
0.95, 0.159055, 0.15, 0.85, 0.162066
0.95, 0.163348, 0.15, 0.85, 0.164289
0.95, 0.168982, 0.15, 0.85, 0.170232
0.95, 0.174982, 0.16, 0.84, 0.178345
0.95, 0.18312, 0.16, 0.84, 0.1825
0.95, 0.167533, 0.16, 0.84, 0.171042
0.95, 0.175698, 0.16, 0.84, 0.179173
0.95, 0.176443, 0.16, 0.84, 0.178743
0.95, 0.175497, 0.16, 0.84, 0.176839
0.95, 0.176018, 0.16, 0.84, 0.173183
0.95, 0.178223, 0.16, 0.84, 0.177745
0.95, 0.178008, 0.16, 0.84, 0.174423
0.95, 0.175045, 0.16, 0.84, 0.179686
0.95, 0.172923, 0.16, 0.84, 0.176664
0.95, 0.179931, 0.16, 0.84, 0.176267
0.95, 0.176575, 0.16, 0.84, 0.17547
0.95, 0.174833, 0.16, 0.84, 0.179634
0.95, 0.173934, 0.16, 0.84, 0.174154
0.95, 0.170427, 0.16, 0.84, 0.174437
0.95, 0.173276, 0.16, 0.84, 0.174117
0.95, 0.176495, 0.16, 0.84, 0.17395
0.95, 0.179478, 0.16, 0.84, 0.177632
0.95, 0.175701, 0.16, 0.84, 0.181461
0.95, 0.183877, 0.16, 0.84, 0.185262
0.95, 0.176229, 0.16, 0.84, 0.175475
0.95, 0.170727, 0.16, 0.84, 0.177527
0.95, 0.178871, 0.16, 0.84, 0.176376
0.95, 0.180871, 0.16, 0.84, 0.177494
0.95, 0.185663, 0.17, 0.83, 0.190948
0.95, 0.185584, 0.17, 0.83, 0.189569
0.95, 0.195654, 0.17, 0.83, 0.193743
0.95, 0.188297, 0.17, 0.83, 0.187942
0.95, 0.183823, 0.17, 0.83, 0.1895
0.95, 0.183799, 0.17, 0.83, 0.185451
0.95, 0.187805, 0.17, 0.83, 0.189235
0.95, 0.190096, 0.17, 0.83, 0.188595
0.95, 0.187056, 0.17, 0.83, 0.188414
0.95, 0.188359, 0.17, 0.83, 0.190052
0.95, 0.192194, 0.17, 0.83, 0.195087
0.95, 0.187236, 0.17, 0.83, 0.191273
0.95, 0.187314, 0.17, 0.83, 0.189142
0.95, 0.18494, 0.17, 0.83, 0.187963
0.95, 0.190944, 0.17, 0.83, 0.190722
0.95, 0.18565, 0.17, 0.83, 0.192779
0.95, 0.187788, 0.17, 0.83, 0.190551
0.95, 0.189968, 0.17, 0.83, 0.192045
0.95, 0.182722, 0.17, 0.83, 0.187442
0.95, 0.181556, 0.17, 0.83, 0.188213
0.95, 0.18499, 0.17, 0.83, 0.191134
0.95, 0.19328, 0.17, 0.83, 0.189786
0.95, 0.186702, 0.17, 0.83, 0.188676
0.95, 0.187588, 0.17, 0.83, 0.189996
0.95, 0.183773, 0.17, 0.83, 0.188482
0.95, 0.199691, 0.18, 0.82, 0.202923
0.95, 0.199855, 0.18, 0.82, 0.206288
0.95, 0.203516, 0.18, 0.82, 0.201684
0.95, 0.202467, 0.18, 0.82, 0.203916
0.95, 0.198714, 0.18, 0.82, 0.203289
0.95, 0.210369, 0.18, 0.82, 0.207567
0.95, 0.196829, 0.18, 0.82, 0.200242
0.95, 0.210365, 0.18, 0.82, 0.211628
0.95, 0.191351, 0.18, 0.82, 0.195834
0.95, 0.201642, 0.18, 0.82, 0.201155
0.95, 0.206345, 0.18, 0.82, 0.205774
0.95, 0.195084, 0.18, 0.82, 0.202137
0.95, 0.201201, 0.18, 0.82, 0.205304
0.95, 0.203351, 0.18, 0.82, 0.203854
0.95, 0.202458, 0.18, 0.82, 0.204751
0.95, 0.195972, 0.18, 0.82, 0.202267
0.95, 0.203531, 0.18, 0.82, 0.201937
0.95, 0.208975, 0.18, 0.82, 0.204312
0.95, 0.193936, 0.18, 0.82, 0.199016
0.95, 0.196588, 0.18, 0.82, 0.198569
0.95, 0.200783, 0.18, 0.82, 0.203699
0.95, 0.206355, 0.18, 0.82, 0.207537
0.95, 0.197807, 0.18, 0.82, 0.206524
0.95, 0.208155, 0.18, 0.82, 0.207328
0.95, 0.203849, 0.18, 0.82, 0.208348
0.95, 0.216964, 0.19, 0.81, 0.214774
0.95, 0.21416, 0.19, 0.81, 0.217019
0.95, 0.204107, 0.19, 0.81, 0.21156
0.95, 0.211091, 0.19, 0.81, 0.218465
0.95, 0.217305, 0.19, 0.81, 0.218954
0.95, 0.208733, 0.19, 0.81, 0.210175
0.95, 0.216762, 0.19, 0.81, 0.22093
0.95, 0.220601, 0.19, 0.81, 0.218884
0.95, 0.215129, 0.19, 0.81, 0.215797
0.95, 0.214274, 0.19, 0.81, 0.215372
0.95, 0.213449, 0.19, 0.81, 0.215739
0.95, 0.214062, 0.19, 0.81, 0.216922
0.95, 0.207625, 0.19, 0.81, 0.21207
0.95, 0.21356, 0.19, 0.81, 0.216702
0.95, 0.217882, 0.19, 0.81, 0.21475
0.95, 0.215063, 0.19, 0.81, 0.219526
0.95, 0.210351, 0.19, 0.81, 0.217219
0.95, 0.215003, 0.19, 0.81, 0.212472
0.95, 0.207668, 0.19, 0.81, 0.21057
0.95, 0.209518, 0.19, 0.81, 0.212685
0.95, 0.214876, 0.19, 0.81, 0.216778
0.95, 0.208577, 0.19, 0.81, 0.216006
0.95, 0.210311, 0.19, 0.81, 0.213613
0.95, 0.213649, 0.19, 0.81, 0.218021
0.95, 0.219947, 0.19, 0.81, 0.216298
0.95, 0.221472, 0.2, 0.8, 0.232261
0.95, 0.232806, 0.2, 0.8, 0.23087
0.95, 0.229558, 0.2, 0.8, 0.2309
0.95, 0.224645, 0.2, 0.8, 0.226636
0.95, 0.224843, 0.2, 0.8, 0.234595
0.95, 0.224124, 0.2, 0.8, 0.228153
0.95, 0.232775, 0.2, 0.8, 0.230774
0.95, 0.227458, 0.2, 0.8, 0.231774
0.95, 0.226794, 0.2, 0.8, 0.226382
0.95, 0.236188, 0.2, 0.8, 0.231797
0.95, 0.235371, 0.2, 0.8, 0.234916
0.95, 0.221098, 0.2, 0.8, 0.22298
0.95, 0.231373, 0.2, 0.8, 0.232253
0.95, 0.221041, 0.2, 0.8, 0.225459
0.95, 0.22683, 0.2, 0.8, 0.22954
0.95, 0.230624, 0.2, 0.8, 0.23133
0.95, 0.233557, 0.2, 0.8, 0.228245
0.95, 0.226182, 0.2, 0.8, 0.23212
0.95, 0.223369, 0.2, 0.8, 0.227238
0.95, 0.224897, 0.2, 0.8, 0.23058
0.95, 0.230588, 0.2, 0.8, 0.233229
0.95, 0.231046, 0.2, 0.8, 0.228164
0.95, 0.229368, 0.2, 0.8, 0.227929
0.95, 0.225587, 0.2, 0.8, 0.228813
0.95, 0.220081, 0.2, 0.8, 0.225369
0.95, 0.239821, 0.21, 0.79, 0.241196
0.95, 0.24584, 0.21, 0.79, 0.249204
0.95, 0.242296, 0.21, 0.79, 0.2473
0.95, 0.241645, 0.21, 0.79, 0.24578
0.95, 0.240413, 0.21, 0.79, 0.24329
0.95, 0.236639, 0.21, 0.79, 0.240012
0.95, 0.240999, 0.21, 0.79, 0.239396
0.95, 0.24837, 0.21, 0.79, 0.245262
0.95, 0.241064, 0.21, 0.79, 0.239869
0.95, 0.235356, 0.21, 0.79, 0.240909
0.95, 0.229664, 0.21, 0.79, 0.239358
0.95, 0.237275, 0.21, 0.79, 0.240438
0.95, 0.238063, 0.21, 0.79, 0.241787
0.95, 0.241734, 0.21, 0.79, 0.243931
0.95, 0.234656, 0.21, 0.79, 0.238418
0.95, 0.238407, 0.21, 0.79, 0.243442
0.95, 0.231453, 0.21, 0.79, 0.236077
0.95, 0.240806, 0.21, 0.79, 0.239476
0.95, 0.2414, 0.21, 0.79, 0.242892
0.95, 0.243742, 0.21, 0.79, 0.246837
0.95, 0.235185, 0.21, 0.79, 0.239722
0.95, 0.234678, 0.21, 0.79, 0.245947
0.95, 0.249947, 0.21, 0.79, 0.247809
0.95, 0.236655, 0.21, 0.79, 0.239029
0.95, 0.244365, 0.21, 0.79, 0.242797
0.95, 0.255479, 0.22, 0.78, 0.261409
0.95, 0.257682, 0.22, 0.78, 0.253518
0.95, 0.258709, 0.22, 0.78, 0.259364
0.95, 0.25644, 0.22, 0.78, 0.261047
0.95, 0.253059, 0.22, 0.78, 0.253302
0.95, 0.248981, 0.22, 0.78, 0.253767
0.95, 0.250155, 0.22, 0.78, 0.250803
0.95, 0.260108, 0.22, 0.78, 0.260346
0.95, 0.256799, 0.22, 0.78, 0.258149
0.95, 0.247086, 0.22, 0.78, 0.256384
0.95, 0.261645, 0.22, 0.78, 0.266639
0.95, 0.249812, 0.22, 0.78, 0.251866
0.95, 0.258129, 0.22, 0.78, 0.262343
0.95, 0.246171, 0.22, 0.78, 0.251579
0.95, 0.256252, 0.22, 0.78, 0.261197
0.95, 0.250895, 0.22, 0.78, 0.256601
0.95, 0.260306, 0.22, 0.78, 0.257959
0.95, 0.250496, 0.22, 0.78, 0.257641
0.95, 0.253769, 0.22, 0.78, 0.253765
0.95, 0.25282, 0.22, 0.78, 0.257419
0.95, 0.247563, 0.22, 0.78, 0.251053
0.95, 0.246788, 0.22, 0.78, 0.25043
0.95, 0.255565, 0.22, 0.78, 0.258996
0.95, 0.260176, 0.22, 0.78, 0.261365
0.95, 0.251717, 0.22, 0.78, 0.25381
0.95, 0.263817, 0.23, 0.77, 0.268608
0.95, 0.265971, 0.23, 0.77, 0.270722
0.95, 0.264599, 0.23, 0.77, 0.269626
0.95, 0.262385, 0.23, 0.77, 0.263811
0.95, 0.271926, 0.23, 0.77, 0.272304
0.95, 0.268203, 0.23, 0.77, 0.27542
0.95, 0.262787, 0.23, 0.77, 0.270392
0.95, 0.268187, 0.23, 0.77, 0.269384
0.95, 0.267481, 0.23, 0.77, 0.273804
0.95, 0.265321, 0.23, 0.77, 0.269524
0.95, 0.271523, 0.23, 0.77, 0.273708
0.95, 0.259815, 0.23, 0.77, 0.265523
0.95, 0.262202, 0.23, 0.77, 0.267249
0.95, 0.277982, 0.23, 0.77, 0.27644
0.95, 0.255356, 0.23, 0.77, 0.267808
0.95, 0.270602, 0.23, 0.77, 0.267009
0.95, 0.263472, 0.23, 0.77, 0.267182
0.95, 0.253961, 0.23, 0.77, 0.259077
0.95, 0.273756, 0.23, 0.77, 0.277094
0.95, 0.266433, 0.23, 0.77, 0.271208
0.95, 0.263245, 0.23, 0.77, 0.268065
0.95, 0.268726, 0.23, 0.77, 0.276503
0.95, 0.269588, 0.23, 0.77, 0.272204
0.95, 0.268831, 0.23, 0.77, 0.272023
0.95, 0.267639, 0.23, 0.77, 0.269806
0.95, 0.27779, 0.24, 0.76, 0.280714
0.95, 0.272165, 0.24, 0.76, 0.277741
0.95, 0.278458, 0.24, 0.76, 0.285211
0.95, 0.272904, 0.24, 0.76, 0.277735
0.95, 0.275652, 0.24, 0.76, 0.276461
0.95, 0.278554, 0.24, 0.76, 0.288689
0.95, 0.281595, 0.24, 0.76, 0.288696
0.95, 0.284172, 0.24, 0.76, 0.284667
0.95, 0.27982, 0.24, 0.76, 0.282389
0.95, 0.27798, 0.24, 0.76, 0.28581
0.95, 0.279252, 0.24, 0.76, 0.284015
0.95, 0.290311, 0.24, 0.76, 0.291659
0.95, 0.279686, 0.24, 0.76, 0.287323
0.95, 0.28622, 0.24, 0.76, 0.285611
0.95, 0.285942, 0.24, 0.76, 0.289564
0.95, 0.276558, 0.24, 0.76, 0.28193
0.95, 0.28195, 0.24, 0.76, 0.283885
0.95, 0.280188, 0.24, 0.76, 0.283268
0.95, 0.281517, 0.24, 0.76, 0.281763
0.95, 0.28186, 0.24, 0.76, 0.284234
0.95, 0.293746, 0.24, 0.76, 0.289474
0.95, 0.285552, 0.24, 0.76, 0.284538
0.95, 0.280195, 0.24, 0.76, 0.281323
0.95, 0.282517, 0.24, 0.76, 0.289188
0.95, 0.281742, 0.24, 0.76, 0.284318
0.95, 0.289521, 0.25, 0.75, 0.295795
0.95, 0.298976, 0.25, 0.75, 0.306364
0.95, 0.293345, 0.25, 0.75, 0.29837
0.95, 0.289823, 0.25, 0.75, 0.298819
0.95, 0.298298, 0.25, 0.75, 0.29991
0.95, 0.289884, 0.25, 0.75, 0.291626
0.95, 0.295228, 0.25, 0.75, 0.295917
0.95, 0.294521, 0.25, 0.75, 0.296278
0.95, 0.29302, 0.25, 0.75, 0.297771
0.95, 0.296339, 0.25, 0.75, 0.294304
0.95, 0.295656, 0.25, 0.75, 0.298898
0.95, 0.298406, 0.25, 0.75, 0.297852
0.95, 0.299112, 0.25, 0.75, 0.300806
0.95, 0.289115, 0.25, 0.75, 0.297591
0.95, 0.292535, 0.25, 0.75, 0.294566
0.95, 0.301081, 0.25, 0.75, 0.300748
0.95, 0.28828, 0.25, 0.75, 0.287491
0.95, 0.294776, 0.25, 0.75, 0.301946
0.95, 0.29153, 0.25, 0.75, 0.297911
0.95, 0.300446, 0.25, 0.75, 0.295495
0.95, 0.292353, 0.25, 0.75, 0.29773
0.95, 0.298914, 0.25, 0.75, 0.301335
0.95, 0.294525, 0.25, 0.75, 0.294315
0.95, 0.291735, 0.25, 0.75, 0.298519
0.95, 0.303321, 0.25, 0.75, 0.308505
0.95, 0.299794, 0.26, 0.74, 0.307172
0.95, 0.306491, 0.26, 0.74, 0.312496
0.95, 0.305844, 0.26, 0.74, 0.312695
0.95, 0.30637, 0.26, 0.74, 0.315235
0.95, 0.297718, 0.26, 0.74, 0.3102
0.95, 0.306558, 0.26, 0.74, 0.312976
0.95, 0.318312, 0.26, 0.74, 0.319355
0.95, 0.318456, 0.26, 0.74, 0.319766
0.95, 0.306313, 0.26, 0.74, 0.310823
0.95, 0.306563, 0.26, 0.74, 0.311493
0.95, 0.301523, 0.26, 0.74, 0.308771
0.95, 0.309695, 0.26, 0.74, 0.314188
0.95, 0.30594, 0.26, 0.74, 0.310079
0.95, 0.313722, 0.26, 0.74, 0.314633
0.95, 0.310789, 0.26, 0.74, 0.31602
0.95, 0.304573, 0.26, 0.74, 0.311416
0.95, 0.311698, 0.26, 0.74, 0.316353
0.95, 0.310888, 0.26, 0.74, 0.317037
0.95, 0.309261, 0.26, 0.74, 0.310113
0.95, 0.313073, 0.26, 0.74, 0.319622
0.95, 0.312116, 0.26, 0.74, 0.313293
0.95, 0.309423, 0.26, 0.74, 0.314835
0.95, 0.301159, 0.26, 0.74, 0.306154
0.95, 0.308175, 0.26, 0.74, 0.309671
0.95, 0.314466, 0.26, 0.74, 0.319767
0.95, 0.324442, 0.27, 0.73, 0.330569
0.95, 0.323035, 0.27, 0.73, 0.338562
0.95, 0.329006, 0.27, 0.73, 0.324262
0.95, 0.326292, 0.27, 0.73, 0.330195
0.95, 0.329676, 0.27, 0.73, 0.332587
0.95, 0.315154, 0.27, 0.73, 0.321864
0.95, 0.333149, 0.27, 0.73, 0.33198
0.95, 0.321352, 0.27, 0.73, 0.328443
0.95, 0.328589, 0.27, 0.73, 0.32617
0.95, 0.316365, 0.27, 0.73, 0.32179
0.95, 0.334146, 0.27, 0.73, 0.333874
0.95, 0.328319, 0.27, 0.73, 0.331474
0.95, 0.321828, 0.27, 0.73, 0.326774
0.95, 0.322253, 0.27, 0.73, 0.325734
0.95, 0.324974, 0.27, 0.73, 0.327263
0.95, 0.31682, 0.27, 0.73, 0.325899
0.95, 0.326337, 0.27, 0.73, 0.32916
0.95, 0.325923, 0.27, 0.73, 0.330237
0.95, 0.327743, 0.27, 0.73, 0.328776
0.95, 0.320237, 0.27, 0.73, 0.324106
0.95, 0.329389, 0.27, 0.73, 0.333822
0.95, 0.328361, 0.27, 0.73, 0.330026
0.95, 0.328209, 0.27, 0.73, 0.332505
0.95, 0.32054, 0.27, 0.73, 0.323568
0.95, 0.322743, 0.27, 0.73, 0.323255
0.95, 0.337276, 0.28, 0.72, 0.341748
0.95, 0.337404, 0.28, 0.72, 0.343939
0.95, 0.334959, 0.28, 0.72, 0.33794
0.95, 0.346454, 0.28, 0.72, 0.353207
0.95, 0.340375, 0.28, 0.72, 0.343944
0.95, 0.354035, 0.28, 0.72, 0.355223
0.95, 0.331734, 0.28, 0.72, 0.341801
0.95, 0.343765, 0.28, 0.72, 0.34634
0.95, 0.338353, 0.28, 0.72, 0.342826
0.95, 0.336616, 0.28, 0.72, 0.350092
0.95, 0.333458, 0.28, 0.72, 0.334646
0.95, 0.34292, 0.28, 0.72, 0.342444
0.95, 0.340764, 0.28, 0.72, 0.342212
0.95, 0.335937, 0.28, 0.72, 0.338657
0.95, 0.342202, 0.28, 0.72, 0.345477
0.95, 0.343183, 0.28, 0.72, 0.350978
0.95, 0.341881, 0.28, 0.72, 0.34549
0.95, 0.333893, 0.28, 0.72, 0.342634
0.95, 0.336454, 0.28, 0.72, 0.345233
0.95, 0.329749, 0.28, 0.72, 0.336014
0.95, 0.339223, 0.28, 0.72, 0.345304
0.95, 0.349782, 0.28, 0.72, 0.35212
0.95, 0.340289, 0.28, 0.72, 0.342591
0.95, 0.35833, 0.28, 0.72, 0.358979
0.95, 0.344948, 0.28, 0.72, 0.34715
0.95, 0.359075, 0.29, 0.71, 0.365771
0.95, 0.353802, 0.29, 0.71, 0.367402
0.95, 0.351008, 0.29, 0.71, 0.358919
0.95, 0.359894, 0.29, 0.71, 0.362744
0.95, 0.356578, 0.29, 0.71, 0.356697
0.95, 0.359565, 0.29, 0.71, 0.365566
0.95, 0.364355, 0.29, 0.71, 0.372563
0.95, 0.355279, 0.29, 0.71, 0.351233
0.95, 0.347743, 0.29, 0.71, 0.352525
0.95, 0.355359, 0.29, 0.71, 0.36001
0.95, 0.356636, 0.29, 0.71, 0.363324
0.95, 0.366534, 0.29, 0.71, 0.362937
0.95, 0.349671, 0.29, 0.71, 0.35304
0.95, 0.358424, 0.29, 0.71, 0.364198
0.95, 0.351517, 0.29, 0.71, 0.358263
0.95, 0.352499, 0.29, 0.71, 0.357412
0.95, 0.355775, 0.29, 0.71, 0.360134
0.95, 0.354563, 0.29, 0.71, 0.353843
0.95, 0.356146, 0.29, 0.71, 0.359577
0.95, 0.358232, 0.29, 0.71, 0.362626
0.95, 0.360116, 0.29, 0.71, 0.364634
0.95, 0.356978, 0.29, 0.71, 0.369171
0.95, 0.347361, 0.29, 0.71, 0.355535
0.95, 0.348567, 0.29, 0.71, 0.353175
0.95, 0.355669, 0.29, 0.71, 0.362096
0.95, 0.373477, 0.3, 0.7, 0.378346
0.95, 0.358413, 0.3, 0.7, 0.37147
0.95, 0.365762, 0.3, 0.7, 0.372555
0.95, 0.375556, 0.3, 0.7, 0.381941
0.95, 0.360769, 0.3, 0.7, 0.363614
0.95, 0.37016, 0.3, 0.7, 0.37869
0.95, 0.375728, 0.3, 0.7, 0.376085
0.95, 0.367981, 0.3, 0.7, 0.374414
0.95, 0.367061, 0.3, 0.7, 0.37722
0.95, 0.363751, 0.3, 0.7, 0.366166
0.95, 0.358718, 0.3, 0.7, 0.368097
0.95, 0.373483, 0.3, 0.7, 0.371547
0.95, 0.364903, 0.3, 0.7, 0.377354
0.95, 0.366115, 0.3, 0.7, 0.368421
0.95, 0.362568, 0.3, 0.7, 0.371209
0.95, 0.367056, 0.3, 0.7, 0.373602
0.95, 0.367096, 0.3, 0.7, 0.37481
0.95, 0.371861, 0.3, 0.7, 0.369219
0.95, 0.367821, 0.3, 0.7, 0.37133
0.95, 0.372529, 0.3, 0.7, 0.37489
0.95, 0.368915, 0.3, 0.7, 0.377303
0.95, 0.359843, 0.3, 0.7, 0.364334
0.95, 0.370336, 0.3, 0.7, 0.379888
0.95, 0.370241, 0.3, 0.7, 0.373215
0.95, 0.379714, 0.3, 0.7, 0.378965
1, 0.163877, 0.15, 0.85, 0.165674
1, 0.175026, 0.15, 0.85, 0.174443
1, 0.157138, 0.15, 0.85, 0.163509
1, 0.168194, 0.15, 0.85, 0.170267
1, 0.174125, 0.15, 0.85, 0.172693
1, 0.169861, 0.15, 0.85, 0.171631
1, 0.165875, 0.15, 0.85, 0.169967
1, 0.165752, 0.15, 0.85, 0.165954
1, 0.171703, 0.15, 0.85, 0.171168
1, 0.16304, 0.15, 0.85, 0.166732
1, 0.173741, 0.15, 0.85, 0.173711
1, 0.160747, 0.15, 0.85, 0.161528
1, 0.171683, 0.15, 0.85, 0.172228
1, 0.17228, 0.15, 0.85, 0.169821
1, 0.167579, 0.15, 0.85, 0.170587
1, 0.171405, 0.15, 0.85, 0.172353
1, 0.164665, 0.15, 0.85, 0.170286
1, 0.176972, 0.15, 0.85, 0.174886
1, 0.167236, 0.15, 0.85, 0.167731
1, 0.173483, 0.15, 0.85, 0.171273
1, 0.158366, 0.15, 0.85, 0.165734
1, 0.175636, 0.15, 0.85, 0.172657
1, 0.165932, 0.15, 0.85, 0.16974
1, 0.170251, 0.15, 0.85, 0.176084
1, 0.168691, 0.15, 0.85, 0.164355
1, 0.183585, 0.16, 0.84, 0.183877
1, 0.178432, 0.16, 0.84, 0.180098
1, 0.185673, 0.16, 0.84, 0.18826
1, 0.186202, 0.16, 0.84, 0.180506
1, 0.174483, 0.16, 0.84, 0.177013
1, 0.182025, 0.16, 0.84, 0.175693
1, 0.179432, 0.16, 0.84, 0.183957
1, 0.18218, 0.16, 0.84, 0.185196
1, 0.186665, 0.16, 0.84, 0.186175
1, 0.184316, 0.16, 0.84, 0.187047
1, 0.182241, 0.16, 0.84, 0.185545
1, 0.180769, 0.16, 0.84, 0.182189
1, 0.183709, 0.16, 0.84, 0.184654
1, 0.171859, 0.16, 0.84, 0.179604
1, 0.180037, 0.16, 0.84, 0.184185
1, 0.184653, 0.16, 0.84, 0.186202
1, 0.179987, 0.16, 0.84, 0.179404
1, 0.18124, 0.16, 0.84, 0.181094
1, 0.176981, 0.16, 0.84, 0.1792
1, 0.18773, 0.16, 0.84, 0.182975
1, 0.178959, 0.16, 0.84, 0.182597
1, 0.179027, 0.16, 0.84, 0.180718
1, 0.187493, 0.16, 0.84, 0.185576
1, 0.181553, 0.16, 0.84, 0.182576
1, 0.18367, 0.16, 0.84, 0.18454
1, 0.191734, 0.17, 0.83, 0.197031
1, 0.196363, 0.17, 0.83, 0.199596
1, 0.191143, 0.17, 0.83, 0.192255
1, 0.196496, 0.17, 0.83, 0.197512
1, 0.193061, 0.17, 0.83, 0.194263
1, 0.19196, 0.17, 0.83, 0.197343
1, 0.197395, 0.17, 0.83, 0.197819
1, 0.192084, 0.17, 0.83, 0.19452
1, 0.193887, 0.17, 0.83, 0.199017
1, 0.19536, 0.17, 0.83, 0.196173
1, 0.188663, 0.17, 0.83, 0.194454
1, 0.199205, 0.17, 0.83, 0.199414
1, 0.201334, 0.17, 0.83, 0.193854
1, 0.191901, 0.17, 0.83, 0.19338
1, 0.18763, 0.17, 0.83, 0.192905
1, 0.20194, 0.17, 0.83, 0.202503
1, 0.190054, 0.17, 0.83, 0.195658
1, 0.189671, 0.17, 0.83, 0.189817
1, 0.19914, 0.17, 0.83, 0.198862
1, 0.197877, 0.17, 0.83, 0.195168
1, 0.189751, 0.17, 0.83, 0.191712
1, 0.192601, 0.17, 0.83, 0.194844
1, 0.192036, 0.17, 0.83, 0.196407
1, 0.190945, 0.17, 0.83, 0.196622
1, 0.19451, 0.17, 0.83, 0.194652
1, 0.207307, 0.18, 0.82, 0.2109
1, 0.204378, 0.18, 0.82, 0.207474
1, 0.202938, 0.18, 0.82, 0.208013
1, 0.201097, 0.18, 0.82, 0.210077
1, 0.202974, 0.18, 0.82, 0.205249
1, 0.210947, 0.18, 0.82, 0.210998
1, 0.19675, 0.18, 0.82, 0.203644
1, 0.203991, 0.18, 0.82, 0.207809
1, 0.210029, 0.18, 0.82, 0.208778
1, 0.206932, 0.18, 0.82, 0.205687
1, 0.204919, 0.18, 0.82, 0.212266
1, 0.204927, 0.18, 0.82, 0.206926
1, 0.198882, 0.18, 0.82, 0.207537
1, 0.208434, 0.18, 0.82, 0.206753
1, 0.202852, 0.18, 0.82, 0.20501
1, 0.204317, 0.18, 0.82, 0.206583
1, 0.211207, 0.18, 0.82, 0.213529
1, 0.202309, 0.18, 0.82, 0.204673
1, 0.204873, 0.18, 0.82, 0.209305
1, 0.194505, 0.18, 0.82, 0.203385
1, 0.207195, 0.18, 0.82, 0.208984
1, 0.203144, 0.18, 0.82, 0.203215
1, 0.209285, 0.18, 0.82, 0.21238
1, 0.209033, 0.18, 0.82, 0.209756
1, 0.209003, 0.18, 0.82, 0.210211
1, 0.220359, 0.19, 0.81, 0.225704
1, 0.219628, 0.19, 0.81, 0.224679
1, 0.217983, 0.19, 0.81, 0.219996
1, 0.213515, 0.19, 0.81, 0.218117
1, 0.20729, 0.19, 0.81, 0.213222
1, 0.225857, 0.19, 0.81, 0.224279
1, 0.223198, 0.19, 0.81, 0.224432
1, 0.219788, 0.19, 0.81, 0.223547
1, 0.220644, 0.19, 0.81, 0.220016
1, 0.217485, 0.19, 0.81, 0.222729
1, 0.209136, 0.19, 0.81, 0.218768
1, 0.218026, 0.19, 0.81, 0.219241
1, 0.207974, 0.19, 0.81, 0.216585
1, 0.221114, 0.19, 0.81, 0.220805
1, 0.206967, 0.19, 0.81, 0.2164
1, 0.219951, 0.19, 0.81, 0.220887
1, 0.224695, 0.19, 0.81, 0.222614
1, 0.215876, 0.19, 0.81, 0.218723
1, 0.219799, 0.19, 0.81, 0.223523
1, 0.215792, 0.19, 0.81, 0.223823
1, 0.217866, 0.19, 0.81, 0.224752
1, 0.215693, 0.19, 0.81, 0.22167
1, 0.222634, 0.19, 0.81, 0.22228
1, 0.21566, 0.19, 0.81, 0.223389
1, 0.221775, 0.19, 0.81, 0.224233
1, 0.236939, 0.2, 0.8, 0.2399
1, 0.240267, 0.2, 0.8, 0.243125
1, 0.230901, 0.2, 0.8, 0.231961
1, 0.230681, 0.2, 0.8, 0.234005
1, 0.227222, 0.2, 0.8, 0.224502
1, 0.238129, 0.2, 0.8, 0.241143
1, 0.227779, 0.2, 0.8, 0.23307
1, 0.222243, 0.2, 0.8, 0.227578
1, 0.236782, 0.2, 0.8, 0.236337
1, 0.237551, 0.2, 0.8, 0.234812
1, 0.22671, 0.2, 0.8, 0.226616
1, 0.220378, 0.2, 0.8, 0.229301
1, 0.238493, 0.2, 0.8, 0.242503
1, 0.24216, 0.2, 0.8, 0.240807
1, 0.224079, 0.2, 0.8, 0.233331
1, 0.235718, 0.2, 0.8, 0.234612
1, 0.233954, 0.2, 0.8, 0.238767
1, 0.22683, 0.2, 0.8, 0.234122
1, 0.231831, 0.2, 0.8, 0.23526
1, 0.229735, 0.2, 0.8, 0.238515
1, 0.234283, 0.2, 0.8, 0.235593
1, 0.230524, 0.2, 0.8, 0.23138
1, 0.229233, 0.2, 0.8, 0.235291
1, 0.22949, 0.2, 0.8, 0.236795
1, 0.226156, 0.2, 0.8, 0.234554
1, 0.248271, 0.21, 0.79, 0.254664
1, 0.237818, 0.21, 0.79, 0.243156
1, 0.253993, 0.21, 0.79, 0.249585
1, 0.248361, 0.21, 0.79, 0.251703
1, 0.245918, 0.21, 0.79, 0.247073
1, 0.265512, 0.21, 0.79, 0.260789
1, 0.248133, 0.21, 0.79, 0.247098
1, 0.237026, 0.21, 0.79, 0.245434
1, 0.250435, 0.21, 0.79, 0.256104
1, 0.247147, 0.21, 0.79, 0.252408
1, 0.234764, 0.21, 0.79, 0.239345
1, 0.249344, 0.21, 0.79, 0.257374
1, 0.239286, 0.21, 0.79, 0.24342
1, 0.255129, 0.21, 0.79, 0.257281
1, 0.231304, 0.21, 0.79, 0.242233
1, 0.237838, 0.21, 0.79, 0.242893
1, 0.249595, 0.21, 0.79, 0.246828
1, 0.252026, 0.21, 0.79, 0.251528
1, 0.238597, 0.21, 0.79, 0.243704
1, 0.234425, 0.21, 0.79, 0.243364
1, 0.239318, 0.21, 0.79, 0.243785
1, 0.231586, 0.21, 0.79, 0.24131
1, 0.240173, 0.21, 0.79, 0.246303
1, 0.245041, 0.21, 0.79, 0.249762
1, 0.259113, 0.21, 0.79, 0.26112
1, 0.257785, 0.22, 0.78, 0.258139
1, 0.263404, 0.22, 0.78, 0.264681
1, 0.255842, 0.22, 0.78, 0.256864
1, 0.266787, 0.22, 0.78, 0.263778
1, 0.26283, 0.22, 0.78, 0.26607
1, 0.257802, 0.22, 0.78, 0.260958
1, 0.2613, 0.22, 0.78, 0.263111
1, 0.260382, 0.22, 0.78, 0.264182
1, 0.256124, 0.22, 0.78, 0.265262
1, 0.248786, 0.22, 0.78, 0.264425
1, 0.263324, 0.22, 0.78, 0.265648
1, 0.261745, 0.22, 0.78, 0.259722
1, 0.26287, 0.22, 0.78, 0.263702
1, 0.257784, 0.22, 0.78, 0.261217
1, 0.246565, 0.22, 0.78, 0.257202
1, 0.254213, 0.22, 0.78, 0.261229
1, 0.253841, 0.22, 0.78, 0.25314
1, 0.255727, 0.22, 0.78, 0.263183
1, 0.256889, 0.22, 0.78, 0.263274
1, 0.261728, 0.22, 0.78, 0.267723
1, 0.249449, 0.22, 0.78, 0.255185
1, 0.257288, 0.22, 0.78, 0.26105
1, 0.261396, 0.22, 0.78, 0.264887
1, 0.26057, 0.22, 0.78, 0.262743
1, 0.262603, 0.22, 0.78, 0.26294
1, 0.266355, 0.23, 0.77, 0.27652
1, 0.27009, 0.23, 0.77, 0.26959
1, 0.265696, 0.23, 0.77, 0.269072
1, 0.267678, 0.23, 0.77, 0.272744
1, 0.271126, 0.23, 0.77, 0.27347
1, 0.271827, 0.23, 0.77, 0.276847
1, 0.264469, 0.23, 0.77, 0.267902
1, 0.283281, 0.23, 0.77, 0.28481
1, 0.272458, 0.23, 0.77, 0.278266
1, 0.27185, 0.23, 0.77, 0.277496
1, 0.267851, 0.23, 0.77, 0.272946
1, 0.275317, 0.23, 0.77, 0.281402
1, 0.274899, 0.23, 0.77, 0.278408
1, 0.278512, 0.23, 0.77, 0.27644
1, 0.269576, 0.23, 0.77, 0.274257
1, 0.26923, 0.23, 0.77, 0.277627
1, 0.269295, 0.23, 0.77, 0.272825
1, 0.268914, 0.23, 0.77, 0.27476
1, 0.271932, 0.23, 0.77, 0.273584
1, 0.274316, 0.23, 0.77, 0.27805
1, 0.264823, 0.23, 0.77, 0.271412
1, 0.279081, 0.23, 0.77, 0.281822
1, 0.283315, 0.23, 0.77, 0.28176
1, 0.263774, 0.23, 0.77, 0.272694
1, 0.272021, 0.23, 0.77, 0.275359
1, 0.296091, 0.24, 0.76, 0.296245
1, 0.288014, 0.24, 0.76, 0.288484
1, 0.281096, 0.24, 0.76, 0.288604
1, 0.282065, 0.24, 0.76, 0.289073
1, 0.279834, 0.24, 0.76, 0.284859
1, 0.292275, 0.24, 0.76, 0.296379
1, 0.285705, 0.24, 0.76, 0.288488
1, 0.286694, 0.24, 0.76, 0.289876
1, 0.281254, 0.24, 0.76, 0.288813
1, 0.281009, 0.24, 0.76, 0.286211
1, 0.290419, 0.24, 0.76, 0.290015
1, 0.291616, 0.24, 0.76, 0.293382
1, 0.279035, 0.24, 0.76, 0.280758
1, 0.296474, 0.24, 0.76, 0.29892
1, 0.28955, 0.24, 0.76, 0.296229
1, 0.285269, 0.24, 0.76, 0.284195
1, 0.288664, 0.24, 0.76, 0.295762
1, 0.2841, 0.24, 0.76, 0.285457
1, 0.289653, 0.24, 0.76, 0.291809
1, 0.27862, 0.24, 0.76, 0.277867
1, 0.288888, 0.24, 0.76, 0.290079
1, 0.280089, 0.24, 0.76, 0.281246
1, 0.290098, 0.24, 0.76, 0.297048
1, 0.279867, 0.24, 0.76, 0.287488
1, 0.29194, 0.24, 0.76, 0.291276
1, 0.302238, 0.25, 0.75, 0.310807
1, 0.297562, 0.25, 0.75, 0.3024
1, 0.294282, 0.25, 0.75, 0.301088
1, 0.296122, 0.25, 0.75, 0.305229
1, 0.292229, 0.25, 0.75, 0.298646
1, 0.305057, 0.25, 0.75, 0.310042
1, 0.30074, 0.25, 0.75, 0.309571
1, 0.303524, 0.25, 0.75, 0.305105
1, 0.296055, 0.25, 0.75, 0.304015
1, 0.304689, 0.25, 0.75, 0.313835
1, 0.304538, 0.25, 0.75, 0.307182
1, 0.298091, 0.25, 0.75, 0.306965
1, 0.304569, 0.25, 0.75, 0.302327
1, 0.299819, 0.25, 0.75, 0.308913
1, 0.293962, 0.25, 0.75, 0.300775
1, 0.296544, 0.25, 0.75, 0.311692
1, 0.302268, 0.25, 0.75, 0.303701
1, 0.311786, 0.25, 0.75, 0.315972
1, 0.309447, 0.25, 0.75, 0.309604
1, 0.30859, 0.25, 0.75, 0.316879
1, 0.299581, 0.25, 0.75, 0.306592
1, 0.294034, 0.25, 0.75, 0.302027
1, 0.30467, 0.25, 0.75, 0.30837
1, 0.290432, 0.25, 0.75, 0.298599
1, 0.300805, 0.25, 0.75, 0.307918
1, 0.319316, 0.26, 0.74, 0.324751
1, 0.310033, 0.26, 0.74, 0.314579
1, 0.325839, 0.26, 0.74, 0.322879
1, 0.306674, 0.26, 0.74, 0.317087
1, 0.314277, 0.26, 0.74, 0.314077
1, 0.311988, 0.26, 0.74, 0.313591
1, 0.31517, 0.26, 0.74, 0.323747
1, 0.313688, 0.26, 0.74, 0.318982
1, 0.313904, 0.26, 0.74, 0.320277
1, 0.309201, 0.26, 0.74, 0.317907
1, 0.305926, 0.26, 0.74, 0.314032
1, 0.315087, 0.26, 0.74, 0.323121
1, 0.309423, 0.26, 0.74, 0.319985
1, 0.312229, 0.26, 0.74, 0.318855
1, 0.322211, 0.26, 0.74, 0.322649
1, 0.31805, 0.26, 0.74, 0.318766
1, 0.312909, 0.26, 0.74, 0.323188
1, 0.307184, 0.26, 0.74, 0.315738
1, 0.30819, 0.26, 0.74, 0.317929
1, 0.308219, 0.26, 0.74, 0.317091
1, 0.317126, 0.26, 0.74, 0.321534
1, 0.317076, 0.26, 0.74, 0.319001
1, 0.307414, 0.26, 0.74, 0.317981
1, 0.306789, 0.26, 0.74, 0.31455
1, 0.312176, 0.26, 0.74, 0.32281
1, 0.330966, 0.27, 0.73, 0.33232
1, 0.322176, 0.27, 0.73, 0.326051
1, 0.337362, 0.27, 0.73, 0.339134
1, 0.317785, 0.27, 0.73, 0.327596
1, 0.332392, 0.27, 0.73, 0.339364
1, 0.329032, 0.27, 0.73, 0.338338
1, 0.331854, 0.27, 0.73, 0.342029
1, 0.334119, 0.27, 0.73, 0.33598
1, 0.326118, 0.27, 0.73, 0.335411
1, 0.328944, 0.27, 0.73, 0.33232
1, 0.332839, 0.27, 0.73, 0.337027
1, 0.325341, 0.27, 0.73, 0.333519
1, 0.317305, 0.27, 0.73, 0.325898
1, 0.329209, 0.27, 0.73, 0.335164
1, 0.320015, 0.27, 0.73, 0.330478
1, 0.325688, 0.27, 0.73, 0.337929
1, 0.327501, 0.27, 0.73, 0.330171
1, 0.324063, 0.27, 0.73, 0.332171
1, 0.33137, 0.27, 0.73, 0.333229
1, 0.327543, 0.27, 0.73, 0.331134
1, 0.325217, 0.27, 0.73, 0.333625
1, 0.332082, 0.27, 0.73, 0.335008
1, 0.32603, 0.27, 0.73, 0.334492
1, 0.33327, 0.27, 0.73, 0.335857
1, 0.330771, 0.27, 0.73, 0.335449
1, 0.342011, 0.28, 0.72, 0.343852
1, 0.333377, 0.28, 0.72, 0.34125
1, 0.347356, 0.28, 0.72, 0.349017
1, 0.340621, 0.28, 0.72, 0.350562
1, 0.346424, 0.28, 0.72, 0.345394
1, 0.347901, 0.28, 0.72, 0.350689
1, 0.343138, 0.28, 0.72, 0.345185
1, 0.343461, 0.28, 0.72, 0.350578
1, 0.342327, 0.28, 0.72, 0.348872
1, 0.346994, 0.28, 0.72, 0.34995
1, 0.341015, 0.28, 0.72, 0.345393
1, 0.347227, 0.28, 0.72, 0.351752
1, 0.341622, 0.28, 0.72, 0.354733
1, 0.333012, 0.28, 0.72, 0.340456
1, 0.345817, 0.28, 0.72, 0.351928
1, 0.344699, 0.28, 0.72, 0.349925
1, 0.338426, 0.28, 0.72, 0.345253
1, 0.352326, 0.28, 0.72, 0.356293
1, 0.334198, 0.28, 0.72, 0.340205
1, 0.34905, 0.28, 0.72, 0.349434
1, 0.334868, 0.28, 0.72, 0.348868
1, 0.343753, 0.28, 0.72, 0.345591
1, 0.352092, 0.28, 0.72, 0.357807
1, 0.349854, 0.28, 0.72, 0.35281
1, 0.352169, 0.28, 0.72, 0.34444
1, 0.372626, 0.29, 0.71, 0.365719
1, 0.346985, 0.29, 0.71, 0.353547
1, 0.349526, 0.29, 0.71, 0.361612
1, 0.372747, 0.29, 0.71, 0.377617
1, 0.359544, 0.29, 0.71, 0.365683
1, 0.361825, 0.29, 0.71, 0.365178
1, 0.354975, 0.29, 0.71, 0.365467
1, 0.355193, 0.29, 0.71, 0.360434
1, 0.362664, 0.29, 0.71, 0.367485
1, 0.35371, 0.29, 0.71, 0.357337
1, 0.369249, 0.29, 0.71, 0.369514
1, 0.366567, 0.29, 0.71, 0.373192
1, 0.366584, 0.29, 0.71, 0.370632
1, 0.36978, 0.29, 0.71, 0.37149
1, 0.358833, 0.29, 0.71, 0.364696
1, 0.358735, 0.29, 0.71, 0.366521
1, 0.362423, 0.29, 0.71, 0.36203
1, 0.359539, 0.29, 0.71, 0.364366
1, 0.350685, 0.29, 0.71, 0.357044
1, 0.34578, 0.29, 0.71, 0.358146
1, 0.372713, 0.29, 0.71, 0.37101
1, 0.355016, 0.29, 0.71, 0.361923
1, 0.355901, 0.29, 0.71, 0.355474
1, 0.356956, 0.29, 0.71, 0.36463
1, 0.372153, 0.29, 0.71, 0.378769
1, 0.378463, 0.3, 0.7, 0.383463
1, 0.370468, 0.3, 0.7, 0.378161
1, 0.382486, 0.3, 0.7, 0.382692
1, 0.375054, 0.3, 0.7, 0.380178
1, 0.371691, 0.3, 0.7, 0.381949
1, 0.377094, 0.3, 0.7, 0.383903
1, 0.381184, 0.3, 0.7, 0.386109
1, 0.373697, 0.3, 0.7, 0.376347
1, 0.379016, 0.3, 0.7, 0.381415
1, 0.367459, 0.3, 0.7, 0.374165
1, 0.368283, 0.3, 0.7, 0.376992
1, 0.364357, 0.3, 0.7, 0.376143
1, 0.376836, 0.3, 0.7, 0.382878
1, 0.36561, 0.3, 0.7, 0.373393
1, 0.379098, 0.3, 0.7, 0.382794
1, 0.377428, 0.3, 0.7, 0.389428
1, 0.373142, 0.3, 0.7, 0.379236
1, 0.383434, 0.3, 0.7, 0.387506
1, 0.374807, 0.3, 0.7, 0.385145
1, 0.366652, 0.3, 0.7, 0.374371
1, 0.380523, 0.3, 0.7, 0.384407
1, 0.366937, 0.3, 0.7, 0.374225
1, 0.378381, 0.3, 0.7, 0.38821
1, 0.370423, 0.3, 0.7, 0.377231
1, 0.368023, 0.3, 0.7, 0.373116
