# B5 Focused Dynamic Strategy Switching Simulation Results
# Schedule file: schedule_b5_pure_selfish.txt
# Gamma (connectivity) range: 0.8 - 1.0 in 0.05 increments
# Hash rate range: 0.15 - 0.3 (15% - 30%) in 0.01 increments
Gamma, Miner0_ProfitFraction, Miner0_HashRate, Miner1_HashRate, Miner0_BlockFraction
0.8, 0.153005, 0.15, 0.85, 0.152309
0.8, 0.148843, 0.15, 0.85, 0.146662
0.8, 0.154554, 0.15, 0.85, 0.15544
0.8, 0.14906, 0.15, 0.85, 0.148953
0.8, 0.155255, 0.15, 0.85, 0.153816
0.8, 0.149234, 0.15, 0.85, 0.150472
0.8, 0.154567, 0.15, 0.85, 0.153433
0.8, 0.146895, 0.15, 0.85, 0.1485
0.8, 0.150397, 0.15, 0.85, 0.150865
0.8, 0.150105, 0.15, 0.85, 0.147979
0.8, 0.145609, 0.15, 0.85, 0.147704
0.8, 0.14677, 0.15, 0.85, 0.146419
0.8, 0.147646, 0.15, 0.85, 0.149512
0.8, 0.157315, 0.15, 0.85, 0.153924
0.8, 0.152389, 0.15, 0.85, 0.157165
0.8, 0.148088, 0.15, 0.85, 0.150121
0.8, 0.146888, 0.15, 0.85, 0.151332
0.8, 0.155482, 0.15, 0.85, 0.158493
0.8, 0.148265, 0.15, 0.85, 0.148872
0.8, 0.15003, 0.15, 0.85, 0.150868
0.8, 0.141557, 0.15, 0.85, 0.148847
0.8, 0.152247, 0.15, 0.85, 0.15095
0.8, 0.157243, 0.15, 0.85, 0.155847
0.8, 0.153892, 0.15, 0.85, 0.152508
0.8, 0.154945, 0.15, 0.85, 0.152759
0.8, 0.160199, 0.16, 0.84, 0.162887
0.8, 0.167964, 0.16, 0.84, 0.164493
0.8, 0.155994, 0.16, 0.84, 0.15942
0.8, 0.155331, 0.16, 0.84, 0.161563
0.8, 0.157744, 0.16, 0.84, 0.160948
0.8, 0.162941, 0.16, 0.84, 0.159493
0.8, 0.162667, 0.16, 0.84, 0.166101
0.8, 0.168144, 0.16, 0.84, 0.163492
0.8, 0.165468, 0.16, 0.84, 0.161602
0.8, 0.15538, 0.16, 0.84, 0.156364
0.8, 0.167265, 0.16, 0.84, 0.167325
0.8, 0.160125, 0.16, 0.84, 0.161716
0.8, 0.162214, 0.16, 0.84, 0.164323
0.8, 0.163983, 0.16, 0.84, 0.164016
0.8, 0.170277, 0.16, 0.84, 0.165498
0.8, 0.160389, 0.16, 0.84, 0.159479
0.8, 0.153993, 0.16, 0.84, 0.15512
0.8, 0.162332, 0.16, 0.84, 0.1635
0.8, 0.16251, 0.16, 0.84, 0.162925
0.8, 0.170372, 0.16, 0.84, 0.164554
0.8, 0.164231, 0.16, 0.84, 0.166468
0.8, 0.171181, 0.16, 0.84, 0.172611
0.8, 0.162832, 0.16, 0.84, 0.164003
0.8, 0.1627, 0.16, 0.84, 0.161071
0.8, 0.157974, 0.16, 0.84, 0.159595
0.8, 0.174689, 0.17, 0.83, 0.174831
0.8, 0.182272, 0.17, 0.83, 0.18092
0.8, 0.178993, 0.17, 0.83, 0.181386
0.8, 0.180899, 0.17, 0.83, 0.180197
0.8, 0.178706, 0.17, 0.83, 0.178719
0.8, 0.175655, 0.17, 0.83, 0.178833
0.8, 0.173852, 0.17, 0.83, 0.176773
0.8, 0.171802, 0.17, 0.83, 0.173004
0.8, 0.168479, 0.17, 0.83, 0.172819
0.8, 0.173563, 0.17, 0.83, 0.175412
0.8, 0.172938, 0.17, 0.83, 0.171115
0.8, 0.172109, 0.17, 0.83, 0.173446
0.8, 0.170817, 0.17, 0.83, 0.173304
0.8, 0.176382, 0.17, 0.83, 0.178831
0.8, 0.177992, 0.17, 0.83, 0.175147
0.8, 0.173063, 0.17, 0.83, 0.171525
0.8, 0.171051, 0.17, 0.83, 0.174548
0.8, 0.171382, 0.17, 0.83, 0.173017
0.8, 0.183589, 0.17, 0.83, 0.179347
0.8, 0.168248, 0.17, 0.83, 0.170224
0.8, 0.182681, 0.17, 0.83, 0.18106
0.8, 0.175667, 0.17, 0.83, 0.17528
0.8, 0.169216, 0.17, 0.83, 0.174299
0.8, 0.173896, 0.17, 0.83, 0.172496
0.8, 0.173285, 0.17, 0.83, 0.178559
0.8, 0.186804, 0.18, 0.82, 0.18595
0.8, 0.188389, 0.18, 0.82, 0.188876
0.8, 0.188123, 0.18, 0.82, 0.192361
0.8, 0.194378, 0.18, 0.82, 0.193169
0.8, 0.194746, 0.18, 0.82, 0.190571
0.8, 0.185082, 0.18, 0.82, 0.187973
0.8, 0.191777, 0.18, 0.82, 0.190637
0.8, 0.189967, 0.18, 0.82, 0.189564
0.8, 0.184951, 0.18, 0.82, 0.186905
0.8, 0.18724, 0.18, 0.82, 0.189439
0.8, 0.177862, 0.18, 0.82, 0.182503
0.8, 0.176234, 0.18, 0.82, 0.182173
0.8, 0.186869, 0.18, 0.82, 0.186034
0.8, 0.191605, 0.18, 0.82, 0.191415
0.8, 0.18284, 0.18, 0.82, 0.185563
0.8, 0.187624, 0.18, 0.82, 0.185746
0.8, 0.193343, 0.18, 0.82, 0.189831
0.8, 0.196298, 0.18, 0.82, 0.195232
0.8, 0.184914, 0.18, 0.82, 0.18824
0.8, 0.191608, 0.18, 0.82, 0.190944
0.8, 0.182592, 0.18, 0.82, 0.185852
0.8, 0.188325, 0.18, 0.82, 0.183347
0.8, 0.183178, 0.18, 0.82, 0.185974
0.8, 0.181556, 0.18, 0.82, 0.183698
0.8, 0.184163, 0.18, 0.82, 0.185052
0.8, 0.204705, 0.19, 0.81, 0.205809
0.8, 0.200534, 0.19, 0.81, 0.204154
0.8, 0.205137, 0.19, 0.81, 0.201813
0.8, 0.203937, 0.19, 0.81, 0.200643
0.8, 0.201534, 0.19, 0.81, 0.201879
0.8, 0.195356, 0.19, 0.81, 0.195732
0.8, 0.207942, 0.19, 0.81, 0.202801
0.8, 0.198146, 0.19, 0.81, 0.198809
0.8, 0.19374, 0.19, 0.81, 0.196672
0.8, 0.204893, 0.19, 0.81, 0.205037
0.8, 0.200066, 0.19, 0.81, 0.196058
0.8, 0.19693, 0.19, 0.81, 0.201316
0.8, 0.201164, 0.19, 0.81, 0.205181
0.8, 0.197104, 0.19, 0.81, 0.207526
0.8, 0.199763, 0.19, 0.81, 0.201017
0.8, 0.200012, 0.19, 0.81, 0.202053
0.8, 0.198286, 0.19, 0.81, 0.197285
0.8, 0.202196, 0.19, 0.81, 0.202518
0.8, 0.198648, 0.19, 0.81, 0.200567
0.8, 0.204196, 0.19, 0.81, 0.206284
0.8, 0.201468, 0.19, 0.81, 0.205179
0.8, 0.205474, 0.19, 0.81, 0.204478
0.8, 0.198641, 0.19, 0.81, 0.200441
0.8, 0.202617, 0.19, 0.81, 0.203582
0.8, 0.208461, 0.19, 0.81, 0.20206
0.8, 0.216905, 0.2, 0.8, 0.211832
0.8, 0.214257, 0.2, 0.8, 0.209506
0.8, 0.217747, 0.2, 0.8, 0.213604
0.8, 0.220344, 0.2, 0.8, 0.220612
0.8, 0.211909, 0.2, 0.8, 0.21549
0.8, 0.20888, 0.2, 0.8, 0.209412
0.8, 0.217061, 0.2, 0.8, 0.212878
0.8, 0.215015, 0.2, 0.8, 0.213289
0.8, 0.216786, 0.2, 0.8, 0.214654
0.8, 0.206075, 0.2, 0.8, 0.209336
0.8, 0.208963, 0.2, 0.8, 0.208806
0.8, 0.212048, 0.2, 0.8, 0.216253
0.8, 0.211942, 0.2, 0.8, 0.214713
0.8, 0.217015, 0.2, 0.8, 0.213409
0.8, 0.217908, 0.2, 0.8, 0.218405
0.8, 0.220024, 0.2, 0.8, 0.214135
0.8, 0.215822, 0.2, 0.8, 0.216915
0.8, 0.21778, 0.2, 0.8, 0.220045
0.8, 0.202075, 0.2, 0.8, 0.208227
0.8, 0.203722, 0.2, 0.8, 0.207909
0.8, 0.212782, 0.2, 0.8, 0.213692
0.8, 0.214147, 0.2, 0.8, 0.213781
0.8, 0.207956, 0.2, 0.8, 0.214416
0.8, 0.206213, 0.2, 0.8, 0.205699
0.8, 0.212543, 0.2, 0.8, 0.214464
0.8, 0.235789, 0.21, 0.79, 0.235848
0.8, 0.229926, 0.21, 0.79, 0.233065
0.8, 0.225686, 0.21, 0.79, 0.225721
0.8, 0.223677, 0.21, 0.79, 0.229554
0.8, 0.228189, 0.21, 0.79, 0.227773
0.8, 0.224671, 0.21, 0.79, 0.229735
0.8, 0.221144, 0.21, 0.79, 0.221465
0.8, 0.226262, 0.21, 0.79, 0.231201
0.8, 0.244691, 0.21, 0.79, 0.232456
0.8, 0.218284, 0.21, 0.79, 0.224859
0.8, 0.232995, 0.21, 0.79, 0.230558
0.8, 0.220848, 0.21, 0.79, 0.21843
0.8, 0.232183, 0.21, 0.79, 0.228441
0.8, 0.23007, 0.21, 0.79, 0.232682
0.8, 0.228804, 0.21, 0.79, 0.226053
0.8, 0.22239, 0.21, 0.79, 0.228335
0.8, 0.229947, 0.21, 0.79, 0.225839
0.8, 0.221014, 0.21, 0.79, 0.22467
0.8, 0.22351, 0.21, 0.79, 0.223136
0.8, 0.225558, 0.21, 0.79, 0.228797
0.8, 0.230043, 0.21, 0.79, 0.227027
0.8, 0.223679, 0.21, 0.79, 0.224766
0.8, 0.226516, 0.21, 0.79, 0.227553
0.8, 0.219332, 0.21, 0.79, 0.222065
0.8, 0.22438, 0.21, 0.79, 0.226253
0.8, 0.235465, 0.22, 0.78, 0.235896
0.8, 0.236962, 0.22, 0.78, 0.238574
0.8, 0.235395, 0.22, 0.78, 0.239908
0.8, 0.232764, 0.22, 0.78, 0.236687
0.8, 0.242452, 0.22, 0.78, 0.245893
0.8, 0.24055, 0.22, 0.78, 0.243116
0.8, 0.239738, 0.22, 0.78, 0.240017
0.8, 0.22758, 0.22, 0.78, 0.231867
0.8, 0.245636, 0.22, 0.78, 0.244025
0.8, 0.241182, 0.22, 0.78, 0.247885
0.8, 0.235338, 0.22, 0.78, 0.237337
0.8, 0.243802, 0.22, 0.78, 0.2462
0.8, 0.235778, 0.22, 0.78, 0.240301
0.8, 0.244768, 0.22, 0.78, 0.241387
0.8, 0.237382, 0.22, 0.78, 0.241998
0.8, 0.231456, 0.22, 0.78, 0.239455
0.8, 0.240526, 0.22, 0.78, 0.245455
0.8, 0.243144, 0.22, 0.78, 0.241074
0.8, 0.236783, 0.22, 0.78, 0.242871
0.8, 0.242747, 0.22, 0.78, 0.24174
0.8, 0.23803, 0.22, 0.78, 0.237995
0.8, 0.232825, 0.22, 0.78, 0.238974
0.8, 0.237517, 0.22, 0.78, 0.240879
0.8, 0.245512, 0.22, 0.78, 0.244487
0.8, 0.23812, 0.22, 0.78, 0.243051
0.8, 0.259802, 0.23, 0.77, 0.258607
0.8, 0.257374, 0.23, 0.77, 0.260415
0.8, 0.25232, 0.23, 0.77, 0.255314
0.8, 0.250461, 0.23, 0.77, 0.251737
0.8, 0.25634, 0.23, 0.77, 0.257557
0.8, 0.249984, 0.23, 0.77, 0.250898
0.8, 0.263002, 0.23, 0.77, 0.25527
0.8, 0.250068, 0.23, 0.77, 0.254885
0.8, 0.247851, 0.23, 0.77, 0.251198
0.8, 0.2571, 0.23, 0.77, 0.25692
0.8, 0.248168, 0.23, 0.77, 0.250674
0.8, 0.246472, 0.23, 0.77, 0.255582
0.8, 0.25059, 0.23, 0.77, 0.254001
0.8, 0.255366, 0.23, 0.77, 0.251077
0.8, 0.259797, 0.23, 0.77, 0.262535
0.8, 0.252025, 0.23, 0.77, 0.252606
0.8, 0.246626, 0.23, 0.77, 0.250944
0.8, 0.252067, 0.23, 0.77, 0.262304
0.8, 0.252011, 0.23, 0.77, 0.253501
0.8, 0.254598, 0.23, 0.77, 0.255712
0.8, 0.248379, 0.23, 0.77, 0.253796
0.8, 0.257898, 0.23, 0.77, 0.260352
0.8, 0.254866, 0.23, 0.77, 0.253213
0.8, 0.253197, 0.23, 0.77, 0.2544
0.8, 0.255751, 0.23, 0.77, 0.261156
0.8, 0.258129, 0.24, 0.76, 0.260455
0.8, 0.258347, 0.24, 0.76, 0.260617
0.8, 0.260122, 0.24, 0.76, 0.264793
0.8, 0.252231, 0.24, 0.76, 0.259051
0.8, 0.270543, 0.24, 0.76, 0.272274
0.8, 0.262818, 0.24, 0.76, 0.268278
0.8, 0.268349, 0.24, 0.76, 0.270529
0.8, 0.255148, 0.24, 0.76, 0.263548
0.8, 0.268052, 0.24, 0.76, 0.270164
0.8, 0.268059, 0.24, 0.76, 0.271472
0.8, 0.272242, 0.24, 0.76, 0.272181
0.8, 0.264063, 0.24, 0.76, 0.271752
0.8, 0.272329, 0.24, 0.76, 0.274196
0.8, 0.262628, 0.24, 0.76, 0.26502
0.8, 0.270325, 0.24, 0.76, 0.268404
0.8, 0.276825, 0.24, 0.76, 0.279582
0.8, 0.268362, 0.24, 0.76, 0.270407
0.8, 0.261413, 0.24, 0.76, 0.267071
0.8, 0.267199, 0.24, 0.76, 0.268474
0.8, 0.263212, 0.24, 0.76, 0.2671
0.8, 0.262117, 0.24, 0.76, 0.264989
0.8, 0.261336, 0.24, 0.76, 0.2706
0.8, 0.277164, 0.24, 0.76, 0.275864
0.8, 0.267169, 0.24, 0.76, 0.266683
0.8, 0.272378, 0.24, 0.76, 0.271437
0.8, 0.287648, 0.25, 0.75, 0.283291
0.8, 0.277452, 0.25, 0.75, 0.281969
0.8, 0.282208, 0.25, 0.75, 0.285924
0.8, 0.2898, 0.25, 0.75, 0.28581
0.8, 0.283245, 0.25, 0.75, 0.286298
0.8, 0.277585, 0.25, 0.75, 0.280814
0.8, 0.285225, 0.25, 0.75, 0.29362
0.8, 0.274476, 0.25, 0.75, 0.278651
0.8, 0.281698, 0.25, 0.75, 0.284802
0.8, 0.282544, 0.25, 0.75, 0.286926
0.8, 0.292168, 0.25, 0.75, 0.289039
0.8, 0.273594, 0.25, 0.75, 0.280434
0.8, 0.274493, 0.25, 0.75, 0.275365
0.8, 0.287276, 0.25, 0.75, 0.288807
0.8, 0.27464, 0.25, 0.75, 0.278056
0.8, 0.273258, 0.25, 0.75, 0.279388
0.8, 0.282926, 0.25, 0.75, 0.283818
0.8, 0.274968, 0.25, 0.75, 0.284384
0.8, 0.277971, 0.25, 0.75, 0.27939
0.8, 0.265309, 0.25, 0.75, 0.27381
0.8, 0.278581, 0.25, 0.75, 0.283146
0.8, 0.283352, 0.25, 0.75, 0.286489
0.8, 0.280445, 0.25, 0.75, 0.282566
0.8, 0.271991, 0.25, 0.75, 0.277305
0.8, 0.272857, 0.25, 0.75, 0.277042
0.8, 0.302375, 0.26, 0.74, 0.301074
0.8, 0.285388, 0.26, 0.74, 0.294558
0.8, 0.293856, 0.26, 0.74, 0.296418
0.8, 0.293166, 0.26, 0.74, 0.294873
0.8, 0.291707, 0.26, 0.74, 0.297626
0.8, 0.285466, 0.26, 0.74, 0.288111
0.8, 0.289897, 0.26, 0.74, 0.293774
0.8, 0.303315, 0.26, 0.74, 0.303089
0.8, 0.291358, 0.26, 0.74, 0.299748
0.8, 0.294493, 0.26, 0.74, 0.295891
0.8, 0.286999, 0.26, 0.74, 0.298515
0.8, 0.289213, 0.26, 0.74, 0.298028
0.8, 0.29305, 0.26, 0.74, 0.295919
0.8, 0.296457, 0.26, 0.74, 0.296232
0.8, 0.291254, 0.26, 0.74, 0.30086
0.8, 0.287951, 0.26, 0.74, 0.292293
0.8, 0.305917, 0.26, 0.74, 0.303896
0.8, 0.310914, 0.26, 0.74, 0.308473
0.8, 0.297134, 0.26, 0.74, 0.300995
0.8, 0.294563, 0.26, 0.74, 0.29732
0.8, 0.286846, 0.26, 0.74, 0.293677
0.8, 0.302053, 0.26, 0.74, 0.300412
0.8, 0.295207, 0.26, 0.74, 0.298076
0.8, 0.295208, 0.26, 0.74, 0.29567
0.8, 0.293349, 0.26, 0.74, 0.299172
0.8, 0.316034, 0.27, 0.73, 0.313707
0.8, 0.308675, 0.27, 0.73, 0.309901
0.8, 0.296534, 0.27, 0.73, 0.31064
0.8, 0.31358, 0.27, 0.73, 0.30999
0.8, 0.302822, 0.27, 0.73, 0.311583
0.8, 0.305431, 0.27, 0.73, 0.311372
0.8, 0.308921, 0.27, 0.73, 0.315068
0.8, 0.306557, 0.27, 0.73, 0.313141
0.8, 0.302128, 0.27, 0.73, 0.308158
0.8, 0.311416, 0.27, 0.73, 0.314085
0.8, 0.313842, 0.27, 0.73, 0.323901
0.8, 0.314055, 0.27, 0.73, 0.314309
0.8, 0.309094, 0.27, 0.73, 0.310571
0.8, 0.314979, 0.27, 0.73, 0.310955
0.8, 0.306458, 0.27, 0.73, 0.314988
0.8, 0.308524, 0.27, 0.73, 0.305069
0.8, 0.305693, 0.27, 0.73, 0.308285
0.8, 0.301312, 0.27, 0.73, 0.307649
0.8, 0.311753, 0.27, 0.73, 0.312376
0.8, 0.312233, 0.27, 0.73, 0.310444
0.8, 0.303947, 0.27, 0.73, 0.306696
0.8, 0.306746, 0.27, 0.73, 0.311111
0.8, 0.310126, 0.27, 0.73, 0.312082
0.8, 0.305961, 0.27, 0.73, 0.315964
0.8, 0.309823, 0.27, 0.73, 0.30893
0.8, 0.322287, 0.28, 0.72, 0.331906
0.8, 0.330483, 0.28, 0.72, 0.328097
0.8, 0.321626, 0.28, 0.72, 0.327401
0.8, 0.325481, 0.28, 0.72, 0.326742
0.8, 0.317671, 0.28, 0.72, 0.318311
0.8, 0.323289, 0.28, 0.72, 0.327697
0.8, 0.323685, 0.28, 0.72, 0.327355
0.8, 0.317139, 0.28, 0.72, 0.321166
0.8, 0.324379, 0.28, 0.72, 0.326594
0.8, 0.330231, 0.28, 0.72, 0.330672
0.8, 0.318884, 0.28, 0.72, 0.323663
0.8, 0.325898, 0.28, 0.72, 0.329387
0.8, 0.314798, 0.28, 0.72, 0.319477
0.8, 0.317705, 0.28, 0.72, 0.323819
0.8, 0.33581, 0.28, 0.72, 0.331203
0.8, 0.322347, 0.28, 0.72, 0.325942
0.8, 0.331288, 0.28, 0.72, 0.334198
0.8, 0.327829, 0.28, 0.72, 0.333122
0.8, 0.330444, 0.28, 0.72, 0.333375
0.8, 0.327415, 0.28, 0.72, 0.333901
0.8, 0.312585, 0.28, 0.72, 0.314111
0.8, 0.324596, 0.28, 0.72, 0.325757
0.8, 0.332357, 0.28, 0.72, 0.337447
0.8, 0.327218, 0.28, 0.72, 0.328375
0.8, 0.324579, 0.28, 0.72, 0.328365
0.8, 0.332642, 0.29, 0.71, 0.345024
0.8, 0.346643, 0.29, 0.71, 0.3496
0.8, 0.34135, 0.29, 0.71, 0.346684
0.8, 0.336829, 0.29, 0.71, 0.340338
0.8, 0.334744, 0.29, 0.71, 0.33957
0.8, 0.336773, 0.29, 0.71, 0.346559
0.8, 0.335033, 0.29, 0.71, 0.337654
0.8, 0.343012, 0.29, 0.71, 0.338284
0.8, 0.328926, 0.29, 0.71, 0.335805
0.8, 0.336803, 0.29, 0.71, 0.342807
0.8, 0.332808, 0.29, 0.71, 0.343516
0.8, 0.340414, 0.29, 0.71, 0.342053
0.8, 0.334002, 0.29, 0.71, 0.340359
0.8, 0.344568, 0.29, 0.71, 0.347889
0.8, 0.347754, 0.29, 0.71, 0.346438
0.8, 0.339932, 0.29, 0.71, 0.343981
0.8, 0.338097, 0.29, 0.71, 0.336918
0.8, 0.341959, 0.29, 0.71, 0.346543
0.8, 0.345404, 0.29, 0.71, 0.344895
0.8, 0.354798, 0.29, 0.71, 0.350904
0.8, 0.352328, 0.29, 0.71, 0.346292
0.8, 0.354008, 0.29, 0.71, 0.347617
0.8, 0.347034, 0.29, 0.71, 0.34816
0.8, 0.336271, 0.29, 0.71, 0.342124
0.8, 0.340888, 0.29, 0.71, 0.344182
0.8, 0.352716, 0.3, 0.7, 0.35804
0.8, 0.34782, 0.3, 0.7, 0.361655
0.8, 0.351672, 0.3, 0.7, 0.357744
0.8, 0.358074, 0.3, 0.7, 0.363808
0.8, 0.356362, 0.3, 0.7, 0.364704
0.8, 0.358694, 0.3, 0.7, 0.362545
0.8, 0.354586, 0.3, 0.7, 0.361816
0.8, 0.352796, 0.3, 0.7, 0.357107
0.8, 0.361312, 0.3, 0.7, 0.354299
0.8, 0.356633, 0.3, 0.7, 0.362227
0.8, 0.349406, 0.3, 0.7, 0.35608
0.8, 0.349749, 0.3, 0.7, 0.354048
0.8, 0.361927, 0.3, 0.7, 0.357044
0.8, 0.370829, 0.3, 0.7, 0.366755
0.8, 0.362966, 0.3, 0.7, 0.363939
0.8, 0.355619, 0.3, 0.7, 0.359303
0.8, 0.356614, 0.3, 0.7, 0.35972
0.8, 0.348093, 0.3, 0.7, 0.357669
0.8, 0.358482, 0.3, 0.7, 0.36285
0.8, 0.360924, 0.3, 0.7, 0.362915
0.8, 0.370099, 0.3, 0.7, 0.367109
0.8, 0.362794, 0.3, 0.7, 0.362595
0.8, 0.362781, 0.3, 0.7, 0.365881
0.8, 0.355088, 0.3, 0.7, 0.35404
0.8, 0.35703, 0.3, 0.7, 0.356825
0.85, 0.150278, 0.15, 0.85, 0.150942
0.85, 0.155503, 0.15, 0.85, 0.157258
0.85, 0.151084, 0.15, 0.85, 0.152913
0.85, 0.16264, 0.15, 0.85, 0.159219
0.85, 0.155427, 0.15, 0.85, 0.152358
0.85, 0.159934, 0.15, 0.85, 0.160754
0.85, 0.151854, 0.15, 0.85, 0.151289
0.85, 0.14811, 0.15, 0.85, 0.147927
0.85, 0.151585, 0.15, 0.85, 0.15254
0.85, 0.159853, 0.15, 0.85, 0.155241
0.85, 0.155449, 0.15, 0.85, 0.155703
0.85, 0.154573, 0.15, 0.85, 0.154568
0.85, 0.155174, 0.15, 0.85, 0.159157
0.85, 0.150444, 0.15, 0.85, 0.153656
0.85, 0.163216, 0.15, 0.85, 0.159712
0.85, 0.157948, 0.15, 0.85, 0.158743
0.85, 0.150344, 0.15, 0.85, 0.151378
0.85, 0.159135, 0.15, 0.85, 0.15497
0.85, 0.156835, 0.15, 0.85, 0.155168
0.85, 0.155159, 0.15, 0.85, 0.155386
0.85, 0.162855, 0.15, 0.85, 0.160187
0.85, 0.152841, 0.15, 0.85, 0.155587
0.85, 0.157368, 0.15, 0.85, 0.157504
0.85, 0.149597, 0.15, 0.85, 0.151398
0.85, 0.155524, 0.15, 0.85, 0.154844
0.85, 0.170438, 0.16, 0.84, 0.168326
0.85, 0.171161, 0.16, 0.84, 0.169576
0.85, 0.169707, 0.16, 0.84, 0.170185
0.85, 0.165467, 0.16, 0.84, 0.167926
0.85, 0.171262, 0.16, 0.84, 0.172557
0.85, 0.167769, 0.16, 0.84, 0.168722
0.85, 0.169764, 0.16, 0.84, 0.171181
0.85, 0.169668, 0.16, 0.84, 0.171407
0.85, 0.174101, 0.16, 0.84, 0.170292
0.85, 0.168274, 0.16, 0.84, 0.167786
0.85, 0.165009, 0.16, 0.84, 0.166225
0.85, 0.170401, 0.16, 0.84, 0.170927
0.85, 0.170641, 0.16, 0.84, 0.171303
0.85, 0.164501, 0.16, 0.84, 0.167408
0.85, 0.164859, 0.16, 0.84, 0.167001
0.85, 0.163334, 0.16, 0.84, 0.165008
0.85, 0.165289, 0.16, 0.84, 0.169842
0.85, 0.16318, 0.16, 0.84, 0.162892
0.85, 0.156473, 0.16, 0.84, 0.161182
0.85, 0.166232, 0.16, 0.84, 0.164762
0.85, 0.169131, 0.16, 0.84, 0.170036
0.85, 0.169997, 0.16, 0.84, 0.168789
0.85, 0.166662, 0.16, 0.84, 0.169722
0.85, 0.164365, 0.16, 0.84, 0.165368
0.85, 0.166516, 0.16, 0.84, 0.169296
0.85, 0.185115, 0.17, 0.83, 0.185393
0.85, 0.180981, 0.17, 0.83, 0.181404
0.85, 0.187139, 0.17, 0.83, 0.181902
0.85, 0.180565, 0.17, 0.83, 0.184969
0.85, 0.179406, 0.17, 0.83, 0.180335
0.85, 0.176717, 0.17, 0.83, 0.180349
0.85, 0.172788, 0.17, 0.83, 0.173593
0.85, 0.183134, 0.17, 0.83, 0.181265
0.85, 0.177539, 0.17, 0.83, 0.179495
0.85, 0.177032, 0.17, 0.83, 0.178446
0.85, 0.181311, 0.17, 0.83, 0.181088
0.85, 0.18094, 0.17, 0.83, 0.178681
0.85, 0.185084, 0.17, 0.83, 0.181588
0.85, 0.17738, 0.17, 0.83, 0.180257
0.85, 0.182005, 0.17, 0.83, 0.183794
0.85, 0.183967, 0.17, 0.83, 0.182904
0.85, 0.186159, 0.17, 0.83, 0.188831
0.85, 0.178791, 0.17, 0.83, 0.178484
0.85, 0.181306, 0.17, 0.83, 0.180459
0.85, 0.175091, 0.17, 0.83, 0.179307
0.85, 0.188993, 0.17, 0.83, 0.187359
0.85, 0.179846, 0.17, 0.83, 0.182682
0.85, 0.179406, 0.17, 0.83, 0.177613
0.85, 0.176631, 0.17, 0.83, 0.176689
0.85, 0.181942, 0.17, 0.83, 0.1853
0.85, 0.193566, 0.18, 0.82, 0.195353
0.85, 0.181631, 0.18, 0.82, 0.182972
0.85, 0.197147, 0.18, 0.82, 0.196921
0.85, 0.191489, 0.18, 0.82, 0.1933
0.85, 0.193347, 0.18, 0.82, 0.197909
0.85, 0.188376, 0.18, 0.82, 0.192983
0.85, 0.190807, 0.18, 0.82, 0.194297
0.85, 0.185877, 0.18, 0.82, 0.189192
0.85, 0.190612, 0.18, 0.82, 0.194349
0.85, 0.193457, 0.18, 0.82, 0.191304
0.85, 0.189912, 0.18, 0.82, 0.190684
0.85, 0.186323, 0.18, 0.82, 0.194248
0.85, 0.200816, 0.18, 0.82, 0.195801
0.85, 0.192884, 0.18, 0.82, 0.191025
0.85, 0.198097, 0.18, 0.82, 0.198301
0.85, 0.197851, 0.18, 0.82, 0.195733
0.85, 0.1947, 0.18, 0.82, 0.196966
0.85, 0.192645, 0.18, 0.82, 0.19458
0.85, 0.191778, 0.18, 0.82, 0.192973
0.85, 0.198504, 0.18, 0.82, 0.193562
0.85, 0.194126, 0.18, 0.82, 0.194382
0.85, 0.196185, 0.18, 0.82, 0.194367
0.85, 0.200245, 0.18, 0.82, 0.200137
0.85, 0.190234, 0.18, 0.82, 0.192669
0.85, 0.198719, 0.18, 0.82, 0.199565
0.85, 0.208064, 0.19, 0.81, 0.210489
0.85, 0.196065, 0.19, 0.81, 0.205594
0.85, 0.206946, 0.19, 0.81, 0.207469
0.85, 0.202372, 0.19, 0.81, 0.203061
0.85, 0.20752, 0.19, 0.81, 0.207538
0.85, 0.198861, 0.19, 0.81, 0.20213
0.85, 0.209749, 0.19, 0.81, 0.209258
0.85, 0.207805, 0.19, 0.81, 0.210872
0.85, 0.198986, 0.19, 0.81, 0.203481
0.85, 0.194082, 0.19, 0.81, 0.202348
0.85, 0.198877, 0.19, 0.81, 0.200889
0.85, 0.205013, 0.19, 0.81, 0.206613
0.85, 0.209375, 0.19, 0.81, 0.208954
0.85, 0.209836, 0.19, 0.81, 0.211326
0.85, 0.201974, 0.19, 0.81, 0.206767
0.85, 0.203983, 0.19, 0.81, 0.204969
0.85, 0.197502, 0.19, 0.81, 0.202465
0.85, 0.202044, 0.19, 0.81, 0.20058
0.85, 0.214335, 0.19, 0.81, 0.215392
0.85, 0.200526, 0.19, 0.81, 0.197224
0.85, 0.202635, 0.19, 0.81, 0.205937
0.85, 0.21442, 0.19, 0.81, 0.211505
0.85, 0.199925, 0.19, 0.81, 0.205487
0.85, 0.206329, 0.19, 0.81, 0.208048
0.85, 0.202051, 0.19, 0.81, 0.202302
0.85, 0.220943, 0.2, 0.8, 0.220967
0.85, 0.221867, 0.2, 0.8, 0.219995
0.85, 0.224473, 0.2, 0.8, 0.225508
0.85, 0.220147, 0.2, 0.8, 0.224418
0.85, 0.214225, 0.2, 0.8, 0.21974
0.85, 0.217204, 0.2, 0.8, 0.216485
0.85, 0.220046, 0.2, 0.8, 0.220355
0.85, 0.22225, 0.2, 0.8, 0.218426
0.85, 0.208567, 0.2, 0.8, 0.215179
0.85, 0.214472, 0.2, 0.8, 0.221352
0.85, 0.211227, 0.2, 0.8, 0.218293
0.85, 0.217254, 0.2, 0.8, 0.222306
0.85, 0.215515, 0.2, 0.8, 0.214873
0.85, 0.212151, 0.2, 0.8, 0.217137
0.85, 0.222507, 0.2, 0.8, 0.224579
0.85, 0.215556, 0.2, 0.8, 0.218496
0.85, 0.218877, 0.2, 0.8, 0.222871
0.85, 0.221002, 0.2, 0.8, 0.220636
0.85, 0.218995, 0.2, 0.8, 0.22112
0.85, 0.215026, 0.2, 0.8, 0.219147
0.85, 0.212625, 0.2, 0.8, 0.217696
0.85, 0.224268, 0.2, 0.8, 0.221109
0.85, 0.215992, 0.2, 0.8, 0.2183
0.85, 0.225127, 0.2, 0.8, 0.224254
0.85, 0.215733, 0.2, 0.8, 0.217183
0.85, 0.229133, 0.21, 0.79, 0.229299
0.85, 0.234059, 0.21, 0.79, 0.234711
0.85, 0.229856, 0.21, 0.79, 0.231292
0.85, 0.233327, 0.21, 0.79, 0.231749
0.85, 0.237323, 0.21, 0.79, 0.233203
0.85, 0.224805, 0.21, 0.79, 0.228754
0.85, 0.226967, 0.21, 0.79, 0.231026
0.85, 0.23389, 0.21, 0.79, 0.23189
0.85, 0.242067, 0.21, 0.79, 0.239359
0.85, 0.239764, 0.21, 0.79, 0.240096
0.85, 0.224861, 0.21, 0.79, 0.227883
0.85, 0.238128, 0.21, 0.79, 0.230587
0.85, 0.23081, 0.21, 0.79, 0.235221
0.85, 0.228912, 0.21, 0.79, 0.230484
0.85, 0.230177, 0.21, 0.79, 0.23321
0.85, 0.229614, 0.21, 0.79, 0.230679
0.85, 0.228042, 0.21, 0.79, 0.234283
0.85, 0.236149, 0.21, 0.79, 0.23567
0.85, 0.241533, 0.21, 0.79, 0.241124
0.85, 0.232119, 0.21, 0.79, 0.237139
0.85, 0.234569, 0.21, 0.79, 0.235974
0.85, 0.231066, 0.21, 0.79, 0.230728
0.85, 0.231259, 0.21, 0.79, 0.233109
0.85, 0.228501, 0.21, 0.79, 0.229501
0.85, 0.239262, 0.21, 0.79, 0.240695
0.85, 0.242431, 0.22, 0.78, 0.246269
0.85, 0.24565, 0.22, 0.78, 0.249109
0.85, 0.23346, 0.22, 0.78, 0.241258
0.85, 0.240289, 0.22, 0.78, 0.244237
0.85, 0.247437, 0.22, 0.78, 0.24324
0.85, 0.248366, 0.22, 0.78, 0.24504
0.85, 0.250342, 0.22, 0.78, 0.249836
0.85, 0.245439, 0.22, 0.78, 0.246145
0.85, 0.243499, 0.22, 0.78, 0.245129
0.85, 0.245262, 0.22, 0.78, 0.24728
0.85, 0.245217, 0.22, 0.78, 0.24412
0.85, 0.238204, 0.22, 0.78, 0.240805
0.85, 0.246449, 0.22, 0.78, 0.243016
0.85, 0.240851, 0.22, 0.78, 0.243714
0.85, 0.25519, 0.22, 0.78, 0.249191
0.85, 0.244952, 0.22, 0.78, 0.242886
0.85, 0.252518, 0.22, 0.78, 0.246353
0.85, 0.251239, 0.22, 0.78, 0.254496
0.85, 0.23673, 0.22, 0.78, 0.237374
0.85, 0.24118, 0.22, 0.78, 0.247948
0.85, 0.246591, 0.22, 0.78, 0.246371
0.85, 0.248235, 0.22, 0.78, 0.246364
0.85, 0.24168, 0.22, 0.78, 0.240282
0.85, 0.241313, 0.22, 0.78, 0.241194
0.85, 0.245277, 0.22, 0.78, 0.248368
0.85, 0.253341, 0.23, 0.77, 0.260282
0.85, 0.258791, 0.23, 0.77, 0.262981
0.85, 0.267188, 0.23, 0.77, 0.265904
0.85, 0.266673, 0.23, 0.77, 0.264141
0.85, 0.258028, 0.23, 0.77, 0.264658
0.85, 0.247189, 0.23, 0.77, 0.25424
0.85, 0.258098, 0.23, 0.77, 0.262333
0.85, 0.254932, 0.23, 0.77, 0.262554
0.85, 0.258074, 0.23, 0.77, 0.260604
0.85, 0.256596, 0.23, 0.77, 0.262218
0.85, 0.260762, 0.23, 0.77, 0.26054
0.85, 0.260269, 0.23, 0.77, 0.268094
0.85, 0.249802, 0.23, 0.77, 0.25597
0.85, 0.256202, 0.23, 0.77, 0.257563
0.85, 0.253309, 0.23, 0.77, 0.256782
0.85, 0.250419, 0.23, 0.77, 0.254691
0.85, 0.251155, 0.23, 0.77, 0.254441
0.85, 0.25678, 0.23, 0.77, 0.256521
0.85, 0.252476, 0.23, 0.77, 0.256166
0.85, 0.254467, 0.23, 0.77, 0.253593
0.85, 0.251834, 0.23, 0.77, 0.261617
0.85, 0.266565, 0.23, 0.77, 0.263931
0.85, 0.25932, 0.23, 0.77, 0.258545
0.85, 0.258961, 0.23, 0.77, 0.257506
0.85, 0.254183, 0.23, 0.77, 0.256658
0.85, 0.26841, 0.24, 0.76, 0.276015
0.85, 0.267525, 0.24, 0.76, 0.273417
0.85, 0.265862, 0.24, 0.76, 0.266419
0.85, 0.272947, 0.24, 0.76, 0.273379
0.85, 0.270442, 0.24, 0.76, 0.273096
0.85, 0.268872, 0.24, 0.76, 0.270987
0.85, 0.270662, 0.24, 0.76, 0.272083
0.85, 0.263908, 0.24, 0.76, 0.267571
0.85, 0.278598, 0.24, 0.76, 0.278593
0.85, 0.272619, 0.24, 0.76, 0.275912
0.85, 0.267607, 0.24, 0.76, 0.272667
0.85, 0.27342, 0.24, 0.76, 0.280292
0.85, 0.273936, 0.24, 0.76, 0.277485
0.85, 0.260362, 0.24, 0.76, 0.269569
0.85, 0.267807, 0.24, 0.76, 0.270595
0.85, 0.262858, 0.24, 0.76, 0.268415
0.85, 0.270239, 0.24, 0.76, 0.272244
0.85, 0.269505, 0.24, 0.76, 0.277543
0.85, 0.270102, 0.24, 0.76, 0.275253
0.85, 0.269159, 0.24, 0.76, 0.273033
0.85, 0.272598, 0.24, 0.76, 0.275263
0.85, 0.263313, 0.24, 0.76, 0.266266
0.85, 0.268569, 0.24, 0.76, 0.272557
0.85, 0.279822, 0.24, 0.76, 0.273763
0.85, 0.271854, 0.24, 0.76, 0.270674
0.85, 0.285677, 0.25, 0.75, 0.288423
0.85, 0.279917, 0.25, 0.75, 0.287996
0.85, 0.284218, 0.25, 0.75, 0.293101
0.85, 0.281443, 0.25, 0.75, 0.286152
0.85, 0.293124, 0.25, 0.75, 0.296096
0.85, 0.287568, 0.25, 0.75, 0.293108
0.85, 0.288671, 0.25, 0.75, 0.291188
0.85, 0.28881, 0.25, 0.75, 0.2889
0.85, 0.290325, 0.25, 0.75, 0.29055
0.85, 0.282713, 0.25, 0.75, 0.284234
0.85, 0.287778, 0.25, 0.75, 0.287498
0.85, 0.279042, 0.25, 0.75, 0.282437
0.85, 0.286975, 0.25, 0.75, 0.287891
0.85, 0.289164, 0.25, 0.75, 0.292057
0.85, 0.285839, 0.25, 0.75, 0.286334
0.85, 0.279281, 0.25, 0.75, 0.283997
0.85, 0.285667, 0.25, 0.75, 0.288394
0.85, 0.285878, 0.25, 0.75, 0.287869
0.85, 0.280658, 0.25, 0.75, 0.282544
0.85, 0.283545, 0.25, 0.75, 0.284094
0.85, 0.285006, 0.25, 0.75, 0.288016
0.85, 0.282918, 0.25, 0.75, 0.286153
0.85, 0.289499, 0.25, 0.75, 0.294139
0.85, 0.28457, 0.25, 0.75, 0.287278
0.85, 0.283321, 0.25, 0.75, 0.286891
0.85, 0.303236, 0.26, 0.74, 0.312088
0.85, 0.300294, 0.26, 0.74, 0.306311
0.85, 0.306093, 0.26, 0.74, 0.305246
0.85, 0.298558, 0.26, 0.74, 0.306376
0.85, 0.291928, 0.26, 0.74, 0.297473
0.85, 0.309258, 0.26, 0.74, 0.306719
0.85, 0.293832, 0.26, 0.74, 0.303809
0.85, 0.286531, 0.26, 0.74, 0.289088
0.85, 0.306756, 0.26, 0.74, 0.307189
0.85, 0.298869, 0.26, 0.74, 0.297475
0.85, 0.314762, 0.26, 0.74, 0.311452
0.85, 0.297421, 0.26, 0.74, 0.299281
0.85, 0.295877, 0.26, 0.74, 0.30578
0.85, 0.303447, 0.26, 0.74, 0.308287
0.85, 0.295366, 0.26, 0.74, 0.299591
0.85, 0.296728, 0.26, 0.74, 0.30195
0.85, 0.297455, 0.26, 0.74, 0.303936
0.85, 0.295505, 0.26, 0.74, 0.301735
0.85, 0.303842, 0.26, 0.74, 0.302793
0.85, 0.313229, 0.26, 0.74, 0.310434
0.85, 0.292256, 0.26, 0.74, 0.29741
0.85, 0.298045, 0.26, 0.74, 0.301468
0.85, 0.300298, 0.26, 0.74, 0.296294
0.85, 0.310679, 0.26, 0.74, 0.311758
0.85, 0.305972, 0.26, 0.74, 0.309389
0.85, 0.310492, 0.27, 0.73, 0.317351
0.85, 0.315746, 0.27, 0.73, 0.321262
0.85, 0.316046, 0.27, 0.73, 0.321141
0.85, 0.315887, 0.27, 0.73, 0.315436
0.85, 0.317323, 0.27, 0.73, 0.316281
0.85, 0.319798, 0.27, 0.73, 0.32093
0.85, 0.313183, 0.27, 0.73, 0.313043
0.85, 0.318816, 0.27, 0.73, 0.314481
0.85, 0.306582, 0.27, 0.73, 0.310431
0.85, 0.31721, 0.27, 0.73, 0.327004
0.85, 0.305992, 0.27, 0.73, 0.311706
0.85, 0.322353, 0.27, 0.73, 0.323035
0.85, 0.309522, 0.27, 0.73, 0.316621
0.85, 0.310796, 0.27, 0.73, 0.308353
0.85, 0.32981, 0.27, 0.73, 0.322337
0.85, 0.313159, 0.27, 0.73, 0.316071
0.85, 0.318643, 0.27, 0.73, 0.318873
0.85, 0.320951, 0.27, 0.73, 0.319891
0.85, 0.311072, 0.27, 0.73, 0.315819
0.85, 0.327418, 0.27, 0.73, 0.322902
0.85, 0.309659, 0.27, 0.73, 0.313286
0.85, 0.3205, 0.27, 0.73, 0.325144
0.85, 0.316012, 0.27, 0.73, 0.316003
0.85, 0.317161, 0.27, 0.73, 0.321634
0.85, 0.30906, 0.27, 0.73, 0.309923
0.85, 0.324116, 0.28, 0.72, 0.326604
0.85, 0.328772, 0.28, 0.72, 0.331482
0.85, 0.319155, 0.28, 0.72, 0.323863
0.85, 0.338698, 0.28, 0.72, 0.33741
0.85, 0.342675, 0.28, 0.72, 0.340183
0.85, 0.333342, 0.28, 0.72, 0.330699
0.85, 0.335208, 0.28, 0.72, 0.333333
0.85, 0.324697, 0.28, 0.72, 0.330696
0.85, 0.343948, 0.28, 0.72, 0.340136
0.85, 0.334608, 0.28, 0.72, 0.338243
0.85, 0.325393, 0.28, 0.72, 0.330167
0.85, 0.328359, 0.28, 0.72, 0.331861
0.85, 0.32905, 0.28, 0.72, 0.331416
0.85, 0.329525, 0.28, 0.72, 0.334809
0.85, 0.335587, 0.28, 0.72, 0.333923
0.85, 0.332803, 0.28, 0.72, 0.330189
0.85, 0.326891, 0.28, 0.72, 0.335477
0.85, 0.337229, 0.28, 0.72, 0.341615
0.85, 0.333476, 0.28, 0.72, 0.338596
0.85, 0.332266, 0.28, 0.72, 0.335793
0.85, 0.324349, 0.28, 0.72, 0.330161
0.85, 0.333029, 0.28, 0.72, 0.341085
0.85, 0.322198, 0.28, 0.72, 0.325635
0.85, 0.335269, 0.28, 0.72, 0.335379
0.85, 0.316896, 0.28, 0.72, 0.320258
0.85, 0.334694, 0.29, 0.71, 0.343917
0.85, 0.357962, 0.29, 0.71, 0.354503
0.85, 0.350711, 0.29, 0.71, 0.351792
0.85, 0.343841, 0.29, 0.71, 0.346633
0.85, 0.350355, 0.29, 0.71, 0.348509
0.85, 0.350115, 0.29, 0.71, 0.353635
0.85, 0.348988, 0.29, 0.71, 0.352908
0.85, 0.354053, 0.29, 0.71, 0.35313
0.85, 0.352448, 0.29, 0.71, 0.35038
0.85, 0.34266, 0.29, 0.71, 0.349074
0.85, 0.327649, 0.29, 0.71, 0.333086
0.85, 0.340241, 0.29, 0.71, 0.345597
0.85, 0.349173, 0.29, 0.71, 0.347897
0.85, 0.336102, 0.29, 0.71, 0.339299
0.85, 0.343808, 0.29, 0.71, 0.348914
0.85, 0.344542, 0.29, 0.71, 0.349338
0.85, 0.345501, 0.29, 0.71, 0.356228
0.85, 0.347251, 0.29, 0.71, 0.349566
0.85, 0.339572, 0.29, 0.71, 0.344581
0.85, 0.357, 0.29, 0.71, 0.356261
0.85, 0.342277, 0.29, 0.71, 0.342852
0.85, 0.339898, 0.29, 0.71, 0.343844
0.85, 0.349938, 0.29, 0.71, 0.349295
0.85, 0.35043, 0.29, 0.71, 0.35494
0.85, 0.352989, 0.29, 0.71, 0.356485
0.85, 0.369883, 0.3, 0.7, 0.371275
0.85, 0.359575, 0.3, 0.7, 0.357948
0.85, 0.36202, 0.3, 0.7, 0.360092
0.85, 0.373762, 0.3, 0.7, 0.370212
0.85, 0.353528, 0.3, 0.7, 0.357435
0.85, 0.356138, 0.3, 0.7, 0.357451
0.85, 0.351154, 0.3, 0.7, 0.361603
0.85, 0.351094, 0.3, 0.7, 0.358979
0.85, 0.364535, 0.3, 0.7, 0.368214
0.85, 0.358476, 0.3, 0.7, 0.360694
0.85, 0.36259, 0.3, 0.7, 0.365375
0.85, 0.351045, 0.3, 0.7, 0.356028
0.85, 0.365912, 0.3, 0.7, 0.367254
0.85, 0.355707, 0.3, 0.7, 0.364351
0.85, 0.364287, 0.3, 0.7, 0.369377
0.85, 0.362394, 0.3, 0.7, 0.363852
0.85, 0.358808, 0.3, 0.7, 0.366933
0.85, 0.358953, 0.3, 0.7, 0.365161
0.85, 0.365673, 0.3, 0.7, 0.369978
0.85, 0.356326, 0.3, 0.7, 0.368897
0.85, 0.361357, 0.3, 0.7, 0.365038
0.85, 0.361949, 0.3, 0.7, 0.36446
0.85, 0.346569, 0.3, 0.7, 0.354099
0.85, 0.35227, 0.3, 0.7, 0.35879
0.85, 0.362864, 0.3, 0.7, 0.360944
0.9, 0.163537, 0.15, 0.85, 0.166048
0.9, 0.160136, 0.15, 0.85, 0.160212
0.9, 0.163101, 0.15, 0.85, 0.161584
0.9, 0.161418, 0.15, 0.85, 0.160956
0.9, 0.157403, 0.15, 0.85, 0.162693
0.9, 0.156244, 0.15, 0.85, 0.160745
0.9, 0.155156, 0.15, 0.85, 0.159699
0.9, 0.159818, 0.15, 0.85, 0.158677
0.9, 0.160285, 0.15, 0.85, 0.161925
0.9, 0.153142, 0.15, 0.85, 0.155773
0.9, 0.156457, 0.15, 0.85, 0.15517
0.9, 0.167859, 0.15, 0.85, 0.165689
0.9, 0.159649, 0.15, 0.85, 0.165031
0.9, 0.163546, 0.15, 0.85, 0.165835
0.9, 0.160936, 0.15, 0.85, 0.161443
0.9, 0.153646, 0.15, 0.85, 0.156456
0.9, 0.158871, 0.15, 0.85, 0.159454
0.9, 0.161316, 0.15, 0.85, 0.163189
0.9, 0.159137, 0.15, 0.85, 0.159009
0.9, 0.163917, 0.15, 0.85, 0.166468
0.9, 0.162242, 0.15, 0.85, 0.16465
0.9, 0.157804, 0.15, 0.85, 0.158413
0.9, 0.16392, 0.15, 0.85, 0.162483
0.9, 0.156774, 0.15, 0.85, 0.15734
0.9, 0.158525, 0.15, 0.85, 0.15983
0.9, 0.174399, 0.16, 0.84, 0.175456
0.9, 0.172308, 0.16, 0.84, 0.168711
0.9, 0.170643, 0.16, 0.84, 0.171697
0.9, 0.172903, 0.16, 0.84, 0.173323
0.9, 0.174571, 0.16, 0.84, 0.168452
0.9, 0.16579, 0.16, 0.84, 0.169117
0.9, 0.177509, 0.16, 0.84, 0.172775
0.9, 0.167303, 0.16, 0.84, 0.170125
0.9, 0.175917, 0.16, 0.84, 0.177561
0.9, 0.17384, 0.16, 0.84, 0.1761
0.9, 0.174122, 0.16, 0.84, 0.174717
0.9, 0.174055, 0.16, 0.84, 0.174248
0.9, 0.175527, 0.16, 0.84, 0.171581
0.9, 0.170223, 0.16, 0.84, 0.16818
0.9, 0.169599, 0.16, 0.84, 0.171425
0.9, 0.167304, 0.16, 0.84, 0.169806
0.9, 0.168624, 0.16, 0.84, 0.176643
0.9, 0.173014, 0.16, 0.84, 0.174669
0.9, 0.167697, 0.16, 0.84, 0.169416
0.9, 0.167715, 0.16, 0.84, 0.170212
0.9, 0.168605, 0.16, 0.84, 0.172132
0.9, 0.172647, 0.16, 0.84, 0.169278
0.9, 0.174105, 0.16, 0.84, 0.175053
0.9, 0.172305, 0.16, 0.84, 0.174052
0.9, 0.178891, 0.16, 0.84, 0.176882
0.9, 0.183514, 0.17, 0.83, 0.187529
0.9, 0.179923, 0.17, 0.83, 0.183252
0.9, 0.184906, 0.17, 0.83, 0.185421
0.9, 0.190032, 0.17, 0.83, 0.192741
0.9, 0.180784, 0.17, 0.83, 0.182112
0.9, 0.182507, 0.17, 0.83, 0.187409
0.9, 0.182859, 0.17, 0.83, 0.183535
0.9, 0.17028, 0.17, 0.83, 0.17604
0.9, 0.1885, 0.17, 0.83, 0.189079
0.9, 0.189943, 0.17, 0.83, 0.191176
0.9, 0.176599, 0.17, 0.83, 0.180603
0.9, 0.173025, 0.17, 0.83, 0.178609
0.9, 0.18823, 0.17, 0.83, 0.189134
0.9, 0.181447, 0.17, 0.83, 0.18249
0.9, 0.189441, 0.17, 0.83, 0.190606
0.9, 0.18265, 0.17, 0.83, 0.184212
0.9, 0.186352, 0.17, 0.83, 0.1866
0.9, 0.178448, 0.17, 0.83, 0.180708
0.9, 0.186421, 0.17, 0.83, 0.188159
0.9, 0.186884, 0.17, 0.83, 0.190989
0.9, 0.181199, 0.17, 0.83, 0.18202
0.9, 0.185935, 0.17, 0.83, 0.184128
0.9, 0.177309, 0.17, 0.83, 0.179704
0.9, 0.184591, 0.17, 0.83, 0.185023
0.9, 0.183684, 0.17, 0.83, 0.186163
0.9, 0.195519, 0.18, 0.82, 0.197879
0.9, 0.189421, 0.18, 0.82, 0.195257
0.9, 0.190773, 0.18, 0.82, 0.194634
0.9, 0.202463, 0.18, 0.82, 0.200469
0.9, 0.198087, 0.18, 0.82, 0.20192
0.9, 0.194007, 0.18, 0.82, 0.193925
0.9, 0.189599, 0.18, 0.82, 0.192635
0.9, 0.197823, 0.18, 0.82, 0.200811
0.9, 0.202067, 0.18, 0.82, 0.204538
0.9, 0.193316, 0.18, 0.82, 0.19643
0.9, 0.198275, 0.18, 0.82, 0.199112
0.9, 0.195088, 0.18, 0.82, 0.196826
0.9, 0.194584, 0.18, 0.82, 0.194624
0.9, 0.2014, 0.18, 0.82, 0.20153
0.9, 0.202562, 0.18, 0.82, 0.200598
0.9, 0.205189, 0.18, 0.82, 0.201696
0.9, 0.207222, 0.18, 0.82, 0.204447
0.9, 0.202073, 0.18, 0.82, 0.198485
0.9, 0.199469, 0.18, 0.82, 0.203281
0.9, 0.192694, 0.18, 0.82, 0.200339
0.9, 0.195665, 0.18, 0.82, 0.192317
0.9, 0.204085, 0.18, 0.82, 0.208321
0.9, 0.201876, 0.18, 0.82, 0.204887
0.9, 0.200512, 0.18, 0.82, 0.198994
0.9, 0.200673, 0.18, 0.82, 0.202242
0.9, 0.204839, 0.19, 0.81, 0.208499
0.9, 0.208043, 0.19, 0.81, 0.210523
0.9, 0.21076, 0.19, 0.81, 0.213675
0.9, 0.215051, 0.19, 0.81, 0.21501
0.9, 0.209939, 0.19, 0.81, 0.21077
0.9, 0.226006, 0.19, 0.81, 0.216382
0.9, 0.2051, 0.19, 0.81, 0.207132
0.9, 0.20398, 0.19, 0.81, 0.208406
0.9, 0.200033, 0.19, 0.81, 0.209131
0.9, 0.213213, 0.19, 0.81, 0.214227
0.9, 0.217974, 0.19, 0.81, 0.220316
0.9, 0.214738, 0.19, 0.81, 0.212641
0.9, 0.204732, 0.19, 0.81, 0.212608
0.9, 0.207563, 0.19, 0.81, 0.214859
0.9, 0.208631, 0.19, 0.81, 0.211933
0.9, 0.201804, 0.19, 0.81, 0.208466
0.9, 0.215121, 0.19, 0.81, 0.217313
0.9, 0.208632, 0.19, 0.81, 0.206555
0.9, 0.208245, 0.19, 0.81, 0.210032
0.9, 0.205895, 0.19, 0.81, 0.211994
0.9, 0.200171, 0.19, 0.81, 0.206705
0.9, 0.217339, 0.19, 0.81, 0.21583
0.9, 0.203173, 0.19, 0.81, 0.207967
0.9, 0.206524, 0.19, 0.81, 0.208729
0.9, 0.206386, 0.19, 0.81, 0.205724
0.9, 0.226033, 0.2, 0.8, 0.227385
0.9, 0.225933, 0.2, 0.8, 0.225124
0.9, 0.22122, 0.2, 0.8, 0.223261
0.9, 0.22616, 0.2, 0.8, 0.22937
0.9, 0.228496, 0.2, 0.8, 0.230851
0.9, 0.221577, 0.2, 0.8, 0.224235
0.9, 0.22345, 0.2, 0.8, 0.223459
0.9, 0.214364, 0.2, 0.8, 0.220191
0.9, 0.228215, 0.2, 0.8, 0.228676
0.9, 0.221041, 0.2, 0.8, 0.222685
0.9, 0.226897, 0.2, 0.8, 0.225402
0.9, 0.218818, 0.2, 0.8, 0.222658
0.9, 0.235437, 0.2, 0.8, 0.233257
0.9, 0.223518, 0.2, 0.8, 0.227048
0.9, 0.219864, 0.2, 0.8, 0.224836
0.9, 0.225407, 0.2, 0.8, 0.226254
0.9, 0.223214, 0.2, 0.8, 0.228074
0.9, 0.217294, 0.2, 0.8, 0.224511
0.9, 0.211923, 0.2, 0.8, 0.219367
0.9, 0.218533, 0.2, 0.8, 0.220977
0.9, 0.228888, 0.2, 0.8, 0.221839
0.9, 0.224547, 0.2, 0.8, 0.22219
0.9, 0.225026, 0.2, 0.8, 0.230505
0.9, 0.220284, 0.2, 0.8, 0.219112
0.9, 0.235792, 0.2, 0.8, 0.236183
0.9, 0.232243, 0.21, 0.79, 0.2348
0.9, 0.232993, 0.21, 0.79, 0.238371
0.9, 0.233119, 0.21, 0.79, 0.236007
0.9, 0.235691, 0.21, 0.79, 0.240598
0.9, 0.238557, 0.21, 0.79, 0.240539
0.9, 0.238878, 0.21, 0.79, 0.237997
0.9, 0.235862, 0.21, 0.79, 0.240699
0.9, 0.239081, 0.21, 0.79, 0.238303
0.9, 0.225535, 0.21, 0.79, 0.232149
0.9, 0.235239, 0.21, 0.79, 0.234434
0.9, 0.236307, 0.21, 0.79, 0.238237
0.9, 0.23189, 0.21, 0.79, 0.236395
0.9, 0.232812, 0.21, 0.79, 0.238822
0.9, 0.23269, 0.21, 0.79, 0.23365
0.9, 0.235509, 0.21, 0.79, 0.242483
0.9, 0.223432, 0.21, 0.79, 0.228985
0.9, 0.232793, 0.21, 0.79, 0.235874
0.9, 0.22679, 0.21, 0.79, 0.232162
0.9, 0.237432, 0.21, 0.79, 0.241177
0.9, 0.231384, 0.21, 0.79, 0.239136
0.9, 0.237681, 0.21, 0.79, 0.241616
0.9, 0.238976, 0.21, 0.79, 0.237469
0.9, 0.231187, 0.21, 0.79, 0.240731
0.9, 0.234218, 0.21, 0.79, 0.234308
0.9, 0.245391, 0.21, 0.79, 0.245001
0.9, 0.251433, 0.22, 0.78, 0.253808
0.9, 0.240442, 0.22, 0.78, 0.250553
0.9, 0.249305, 0.22, 0.78, 0.25012
0.9, 0.245491, 0.22, 0.78, 0.25208
0.9, 0.250579, 0.22, 0.78, 0.257873
0.9, 0.246078, 0.22, 0.78, 0.25421
0.9, 0.249662, 0.22, 0.78, 0.256009
0.9, 0.245759, 0.22, 0.78, 0.245664
0.9, 0.251931, 0.22, 0.78, 0.250674
0.9, 0.252037, 0.22, 0.78, 0.251349
0.9, 0.243243, 0.22, 0.78, 0.250045
0.9, 0.247696, 0.22, 0.78, 0.245992
0.9, 0.24769, 0.22, 0.78, 0.256064
0.9, 0.254678, 0.22, 0.78, 0.250342
0.9, 0.248064, 0.22, 0.78, 0.255473
0.9, 0.255359, 0.22, 0.78, 0.251809
0.9, 0.254174, 0.22, 0.78, 0.254107
0.9, 0.253234, 0.22, 0.78, 0.253733
0.9, 0.252554, 0.22, 0.78, 0.25343
0.9, 0.250797, 0.22, 0.78, 0.251834
0.9, 0.24596, 0.22, 0.78, 0.247909
0.9, 0.254463, 0.22, 0.78, 0.255811
0.9, 0.243634, 0.22, 0.78, 0.248971
0.9, 0.254503, 0.22, 0.78, 0.258659
0.9, 0.254829, 0.22, 0.78, 0.256763
0.9, 0.253145, 0.23, 0.77, 0.257518
0.9, 0.263274, 0.23, 0.77, 0.267808
0.9, 0.272718, 0.23, 0.77, 0.265688
0.9, 0.259568, 0.23, 0.77, 0.265564
0.9, 0.260282, 0.23, 0.77, 0.266282
0.9, 0.264076, 0.23, 0.77, 0.267424
0.9, 0.26684, 0.23, 0.77, 0.270073
0.9, 0.255717, 0.23, 0.77, 0.26275
0.9, 0.263729, 0.23, 0.77, 0.267352
0.9, 0.259932, 0.23, 0.77, 0.267441
0.9, 0.264739, 0.23, 0.77, 0.265431
0.9, 0.262889, 0.23, 0.77, 0.264917
0.9, 0.255853, 0.23, 0.77, 0.261536
0.9, 0.258381, 0.23, 0.77, 0.262706
0.9, 0.252921, 0.23, 0.77, 0.261813
0.9, 0.259897, 0.23, 0.77, 0.264546
0.9, 0.258193, 0.23, 0.77, 0.265414
0.9, 0.258218, 0.23, 0.77, 0.258194
0.9, 0.263654, 0.23, 0.77, 0.267993
0.9, 0.267773, 0.23, 0.77, 0.269536
0.9, 0.256854, 0.23, 0.77, 0.261124
0.9, 0.26871, 0.23, 0.77, 0.269591
0.9, 0.264152, 0.23, 0.77, 0.27016
0.9, 0.254118, 0.23, 0.77, 0.26159
0.9, 0.268877, 0.23, 0.77, 0.271036
0.9, 0.274821, 0.24, 0.76, 0.279098
0.9, 0.266066, 0.24, 0.76, 0.276058
0.9, 0.273296, 0.24, 0.76, 0.281166
0.9, 0.278565, 0.24, 0.76, 0.282144
0.9, 0.281132, 0.24, 0.76, 0.277886
0.9, 0.281567, 0.24, 0.76, 0.284399
0.9, 0.273712, 0.24, 0.76, 0.273357
0.9, 0.281747, 0.24, 0.76, 0.284804
0.9, 0.2766, 0.24, 0.76, 0.280782
0.9, 0.267621, 0.24, 0.76, 0.274985
0.9, 0.277314, 0.24, 0.76, 0.279874
0.9, 0.272864, 0.24, 0.76, 0.278407
0.9, 0.271754, 0.24, 0.76, 0.282403
0.9, 0.286165, 0.24, 0.76, 0.286045
0.9, 0.281231, 0.24, 0.76, 0.276945
0.9, 0.280418, 0.24, 0.76, 0.279244
0.9, 0.284903, 0.24, 0.76, 0.28727
0.9, 0.270338, 0.24, 0.76, 0.274731
0.9, 0.273918, 0.24, 0.76, 0.278806
0.9, 0.269475, 0.24, 0.76, 0.274134
0.9, 0.268466, 0.24, 0.76, 0.275864
0.9, 0.271046, 0.24, 0.76, 0.275165
0.9, 0.28075, 0.24, 0.76, 0.28703
0.9, 0.282539, 0.24, 0.76, 0.282146
0.9, 0.278871, 0.24, 0.76, 0.283359
0.9, 0.293526, 0.25, 0.75, 0.298984
0.9, 0.291915, 0.25, 0.75, 0.298654
0.9, 0.293505, 0.25, 0.75, 0.297137
0.9, 0.299103, 0.25, 0.75, 0.302904
0.9, 0.284689, 0.25, 0.75, 0.292424
0.9, 0.284646, 0.25, 0.75, 0.289743
0.9, 0.281836, 0.25, 0.75, 0.289988
0.9, 0.294223, 0.25, 0.75, 0.296926
0.9, 0.290247, 0.25, 0.75, 0.293544
0.9, 0.283586, 0.25, 0.75, 0.294933
0.9, 0.286687, 0.25, 0.75, 0.293915
0.9, 0.290495, 0.25, 0.75, 0.294139
0.9, 0.287997, 0.25, 0.75, 0.294769
0.9, 0.302783, 0.25, 0.75, 0.296926
0.9, 0.290293, 0.25, 0.75, 0.304229
0.9, 0.28996, 0.25, 0.75, 0.298366
0.9, 0.281686, 0.25, 0.75, 0.287373
0.9, 0.298795, 0.25, 0.75, 0.297411
0.9, 0.295309, 0.25, 0.75, 0.297094
0.9, 0.292011, 0.25, 0.75, 0.296017
0.9, 0.286622, 0.25, 0.75, 0.290899
0.9, 0.286236, 0.25, 0.75, 0.291316
0.9, 0.289, 0.25, 0.75, 0.289118
0.9, 0.282871, 0.25, 0.75, 0.288374
0.9, 0.287505, 0.25, 0.75, 0.294203
0.9, 0.30072, 0.26, 0.74, 0.306155
0.9, 0.303225, 0.26, 0.74, 0.304887
0.9, 0.31139, 0.26, 0.74, 0.314326
0.9, 0.300482, 0.26, 0.74, 0.307053
0.9, 0.304245, 0.26, 0.74, 0.307511
0.9, 0.306014, 0.26, 0.74, 0.310391
0.9, 0.314891, 0.26, 0.74, 0.314815
0.9, 0.301428, 0.26, 0.74, 0.312651
0.9, 0.30426, 0.26, 0.74, 0.306822
0.9, 0.305431, 0.26, 0.74, 0.304698
0.9, 0.303574, 0.26, 0.74, 0.307926
0.9, 0.308253, 0.26, 0.74, 0.308354
0.9, 0.307143, 0.26, 0.74, 0.309086
0.9, 0.317507, 0.26, 0.74, 0.316889
0.9, 0.293669, 0.26, 0.74, 0.306206
0.9, 0.313439, 0.26, 0.74, 0.307997
0.9, 0.29997, 0.26, 0.74, 0.309011
0.9, 0.302249, 0.26, 0.74, 0.308013
0.9, 0.309544, 0.26, 0.74, 0.308599
0.9, 0.309643, 0.26, 0.74, 0.314379
0.9, 0.309995, 0.26, 0.74, 0.308806
0.9, 0.314177, 0.26, 0.74, 0.315294
0.9, 0.306948, 0.26, 0.74, 0.310553
0.9, 0.301468, 0.26, 0.74, 0.306701
0.9, 0.311405, 0.26, 0.74, 0.313026
0.9, 0.313718, 0.27, 0.73, 0.323104
0.9, 0.324954, 0.27, 0.73, 0.326355
0.9, 0.318022, 0.27, 0.73, 0.323346
0.9, 0.315669, 0.27, 0.73, 0.322467
0.9, 0.331073, 0.27, 0.73, 0.328843
0.9, 0.320907, 0.27, 0.73, 0.320266
0.9, 0.317774, 0.27, 0.73, 0.326781
0.9, 0.315048, 0.27, 0.73, 0.321868
0.9, 0.31946, 0.27, 0.73, 0.327072
0.9, 0.329526, 0.27, 0.73, 0.326072
0.9, 0.303719, 0.27, 0.73, 0.314266
0.9, 0.319285, 0.27, 0.73, 0.322835
0.9, 0.314456, 0.27, 0.73, 0.320153
0.9, 0.316363, 0.27, 0.73, 0.319554
0.9, 0.320228, 0.27, 0.73, 0.32739
0.9, 0.318588, 0.27, 0.73, 0.322615
0.9, 0.330676, 0.27, 0.73, 0.324724
0.9, 0.312189, 0.27, 0.73, 0.319834
0.9, 0.320227, 0.27, 0.73, 0.32311
0.9, 0.322192, 0.27, 0.73, 0.32327
0.9, 0.32306, 0.27, 0.73, 0.322705
0.9, 0.329381, 0.27, 0.73, 0.329828
0.9, 0.318381, 0.27, 0.73, 0.322403
0.9, 0.320965, 0.27, 0.73, 0.319628
0.9, 0.327853, 0.27, 0.73, 0.330559
0.9, 0.332951, 0.28, 0.72, 0.333333
0.9, 0.331277, 0.28, 0.72, 0.336346
0.9, 0.327853, 0.28, 0.72, 0.334951
0.9, 0.338169, 0.28, 0.72, 0.341077
0.9, 0.337209, 0.28, 0.72, 0.339046
0.9, 0.342257, 0.28, 0.72, 0.339975
0.9, 0.324911, 0.28, 0.72, 0.327636
0.9, 0.335674, 0.28, 0.72, 0.33936
0.9, 0.326218, 0.28, 0.72, 0.330743
0.9, 0.335333, 0.28, 0.72, 0.332486
0.9, 0.324544, 0.28, 0.72, 0.333375
0.9, 0.341488, 0.28, 0.72, 0.347332
0.9, 0.325836, 0.28, 0.72, 0.329367
0.9, 0.333778, 0.28, 0.72, 0.339297
0.9, 0.321908, 0.28, 0.72, 0.333333
0.9, 0.333855, 0.28, 0.72, 0.339566
0.9, 0.321547, 0.28, 0.72, 0.330596
0.9, 0.330692, 0.28, 0.72, 0.335502
0.9, 0.328818, 0.28, 0.72, 0.332165
0.9, 0.349549, 0.28, 0.72, 0.349311
0.9, 0.331435, 0.28, 0.72, 0.332027
0.9, 0.338992, 0.28, 0.72, 0.336433
0.9, 0.334079, 0.28, 0.72, 0.337513
0.9, 0.330773, 0.28, 0.72, 0.336881
0.9, 0.339349, 0.28, 0.72, 0.337861
0.9, 0.353804, 0.29, 0.71, 0.357554
0.9, 0.358037, 0.29, 0.71, 0.35798
0.9, 0.348681, 0.29, 0.71, 0.348118
0.9, 0.355413, 0.29, 0.71, 0.357921
0.9, 0.357766, 0.29, 0.71, 0.355326
0.9, 0.349386, 0.29, 0.71, 0.354494
0.9, 0.345819, 0.29, 0.71, 0.355445
0.9, 0.349525, 0.29, 0.71, 0.352251
0.9, 0.353177, 0.29, 0.71, 0.354691
0.9, 0.349108, 0.29, 0.71, 0.351137
0.9, 0.346178, 0.29, 0.71, 0.351772
0.9, 0.34092, 0.29, 0.71, 0.34653
0.9, 0.343501, 0.29, 0.71, 0.347851
0.9, 0.351911, 0.29, 0.71, 0.357264
0.9, 0.351434, 0.29, 0.71, 0.355575
0.9, 0.354356, 0.29, 0.71, 0.358242
0.9, 0.35542, 0.29, 0.71, 0.3586
0.9, 0.36095, 0.29, 0.71, 0.361081
0.9, 0.361427, 0.29, 0.71, 0.357647
0.9, 0.341352, 0.29, 0.71, 0.346082
0.9, 0.349734, 0.29, 0.71, 0.35232
0.9, 0.342583, 0.29, 0.71, 0.347305
0.9, 0.346569, 0.29, 0.71, 0.349072
0.9, 0.346299, 0.29, 0.71, 0.356211
0.9, 0.348452, 0.29, 0.71, 0.351929
0.9, 0.365879, 0.3, 0.7, 0.366205
0.9, 0.364119, 0.3, 0.7, 0.369074
0.9, 0.357315, 0.3, 0.7, 0.362841
0.9, 0.367979, 0.3, 0.7, 0.367751
0.9, 0.371163, 0.3, 0.7, 0.368605
0.9, 0.364156, 0.3, 0.7, 0.36713
0.9, 0.362175, 0.3, 0.7, 0.370441
0.9, 0.359326, 0.3, 0.7, 0.368745
0.9, 0.365258, 0.3, 0.7, 0.371166
0.9, 0.359422, 0.3, 0.7, 0.367897
0.9, 0.36696, 0.3, 0.7, 0.371965
0.9, 0.355204, 0.3, 0.7, 0.361053
0.9, 0.372128, 0.3, 0.7, 0.374426
0.9, 0.376862, 0.3, 0.7, 0.378457
0.9, 0.371886, 0.3, 0.7, 0.369238
0.9, 0.369995, 0.3, 0.7, 0.373863
0.9, 0.374557, 0.3, 0.7, 0.378332
0.9, 0.362001, 0.3, 0.7, 0.363012
0.9, 0.36163, 0.3, 0.7, 0.365442
0.9, 0.365741, 0.3, 0.7, 0.368004
0.9, 0.367685, 0.3, 0.7, 0.376721
0.9, 0.378284, 0.3, 0.7, 0.378545
0.9, 0.36614, 0.3, 0.7, 0.366479
0.9, 0.374824, 0.3, 0.7, 0.378801
0.9, 0.364282, 0.3, 0.7, 0.369424
0.95, 0.165236, 0.15, 0.85, 0.167565
0.95, 0.166804, 0.15, 0.85, 0.165935
0.95, 0.16324, 0.15, 0.85, 0.166742
0.95, 0.170191, 0.15, 0.85, 0.171778
0.95, 0.167783, 0.15, 0.85, 0.166459
0.95, 0.165507, 0.15, 0.85, 0.16527
0.95, 0.158122, 0.15, 0.85, 0.162948
0.95, 0.160294, 0.15, 0.85, 0.16558
0.95, 0.154381, 0.15, 0.85, 0.159053
0.95, 0.160886, 0.15, 0.85, 0.162352
0.95, 0.159372, 0.15, 0.85, 0.166159
0.95, 0.153828, 0.15, 0.85, 0.16109
0.95, 0.158984, 0.15, 0.85, 0.161444
0.95, 0.170098, 0.15, 0.85, 0.16948
0.95, 0.163992, 0.15, 0.85, 0.166648
0.95, 0.16006, 0.15, 0.85, 0.165685
0.95, 0.160904, 0.15, 0.85, 0.160927
0.95, 0.164704, 0.15, 0.85, 0.167697
0.95, 0.161643, 0.15, 0.85, 0.168618
0.95, 0.163873, 0.15, 0.85, 0.158447
0.95, 0.168993, 0.15, 0.85, 0.17011
0.95, 0.159004, 0.15, 0.85, 0.163017
0.95, 0.167357, 0.15, 0.85, 0.166648
0.95, 0.165645, 0.15, 0.85, 0.171744
0.95, 0.164049, 0.15, 0.85, 0.165727
0.95, 0.176407, 0.16, 0.84, 0.179844
0.95, 0.177874, 0.16, 0.84, 0.178793
0.95, 0.178598, 0.16, 0.84, 0.175256
0.95, 0.178974, 0.16, 0.84, 0.177105
0.95, 0.177724, 0.16, 0.84, 0.181891
0.95, 0.179216, 0.16, 0.84, 0.180571
0.95, 0.183592, 0.16, 0.84, 0.182955
0.95, 0.175779, 0.16, 0.84, 0.175082
0.95, 0.16985, 0.16, 0.84, 0.172729
0.95, 0.175088, 0.16, 0.84, 0.176099
0.95, 0.184258, 0.16, 0.84, 0.184646
0.95, 0.180313, 0.16, 0.84, 0.18187
0.95, 0.172538, 0.16, 0.84, 0.174325
0.95, 0.179977, 0.16, 0.84, 0.178616
0.95, 0.176444, 0.16, 0.84, 0.177789
0.95, 0.173324, 0.16, 0.84, 0.180425
0.95, 0.182001, 0.16, 0.84, 0.18295
0.95, 0.177591, 0.16, 0.84, 0.181616
0.95, 0.171952, 0.16, 0.84, 0.178055
0.95, 0.182549, 0.16, 0.84, 0.183224
0.95, 0.177753, 0.16, 0.84, 0.177006
0.95, 0.176717, 0.16, 0.84, 0.179382
0.95, 0.177944, 0.16, 0.84, 0.182071
0.95, 0.174785, 0.16, 0.84, 0.176294
0.95, 0.177394, 0.16, 0.84, 0.176664
0.95, 0.193948, 0.17, 0.83, 0.193203
0.95, 0.184781, 0.17, 0.83, 0.18658
0.95, 0.192384, 0.17, 0.83, 0.19681
0.95, 0.188885, 0.17, 0.83, 0.188132
0.95, 0.192288, 0.17, 0.83, 0.192631
0.95, 0.196877, 0.17, 0.83, 0.191964
0.95, 0.192892, 0.17, 0.83, 0.19575
0.95, 0.182539, 0.17, 0.83, 0.185588
0.95, 0.191901, 0.17, 0.83, 0.194398
0.95, 0.186507, 0.17, 0.83, 0.192339
0.95, 0.187688, 0.17, 0.83, 0.190602
0.95, 0.190808, 0.17, 0.83, 0.189669
0.95, 0.183784, 0.17, 0.83, 0.191411
0.95, 0.175681, 0.17, 0.83, 0.182067
0.95, 0.184991, 0.17, 0.83, 0.187768
0.95, 0.193448, 0.17, 0.83, 0.192721
0.95, 0.189088, 0.17, 0.83, 0.189371
0.95, 0.191597, 0.17, 0.83, 0.192458
0.95, 0.175865, 0.17, 0.83, 0.180792
0.95, 0.182668, 0.17, 0.83, 0.18161
0.95, 0.189212, 0.17, 0.83, 0.190055
0.95, 0.186876, 0.17, 0.83, 0.190035
0.95, 0.184221, 0.17, 0.83, 0.186087
0.95, 0.187947, 0.17, 0.83, 0.188494
0.95, 0.183333, 0.17, 0.83, 0.183158
0.95, 0.204101, 0.18, 0.82, 0.20535
0.95, 0.197985, 0.18, 0.82, 0.200857
0.95, 0.204881, 0.18, 0.82, 0.205922
0.95, 0.197656, 0.18, 0.82, 0.200325
0.95, 0.201713, 0.18, 0.82, 0.200184
0.95, 0.205037, 0.18, 0.82, 0.203815
0.95, 0.198077, 0.18, 0.82, 0.201779
0.95, 0.196691, 0.18, 0.82, 0.201732
0.95, 0.207171, 0.18, 0.82, 0.213125
0.95, 0.195942, 0.18, 0.82, 0.200332
0.95, 0.201519, 0.18, 0.82, 0.200418
0.95, 0.194337, 0.18, 0.82, 0.198147
0.95, 0.191343, 0.18, 0.82, 0.199351
0.95, 0.208329, 0.18, 0.82, 0.201615
0.95, 0.202878, 0.18, 0.82, 0.20569
0.95, 0.200181, 0.18, 0.82, 0.200891
0.95, 0.204192, 0.18, 0.82, 0.206897
0.95, 0.207085, 0.18, 0.82, 0.203656
0.95, 0.206738, 0.18, 0.82, 0.212047
0.95, 0.201955, 0.18, 0.82, 0.202713
0.95, 0.20249, 0.18, 0.82, 0.202626
0.95, 0.20593, 0.18, 0.82, 0.206542
0.95, 0.200294, 0.18, 0.82, 0.206786
0.95, 0.20065, 0.18, 0.82, 0.206796
0.95, 0.198949, 0.18, 0.82, 0.201939
0.95, 0.215593, 0.19, 0.81, 0.217818
0.95, 0.214951, 0.19, 0.81, 0.209875
0.95, 0.214501, 0.19, 0.81, 0.213237
0.95, 0.209927, 0.19, 0.81, 0.214572
0.95, 0.207872, 0.19, 0.81, 0.212816
0.95, 0.217197, 0.19, 0.81, 0.218486
0.95, 0.214996, 0.19, 0.81, 0.211373
0.95, 0.207148, 0.19, 0.81, 0.216807
0.95, 0.211183, 0.19, 0.81, 0.213169
0.95, 0.203781, 0.19, 0.81, 0.213737
0.95, 0.208307, 0.19, 0.81, 0.213601
0.95, 0.214487, 0.19, 0.81, 0.215765
0.95, 0.215765, 0.19, 0.81, 0.217553
0.95, 0.217058, 0.19, 0.81, 0.218373
0.95, 0.221458, 0.19, 0.81, 0.223424
0.95, 0.22041, 0.19, 0.81, 0.222582
0.95, 0.214972, 0.19, 0.81, 0.213754
0.95, 0.221004, 0.19, 0.81, 0.221525
0.95, 0.220022, 0.19, 0.81, 0.222106
0.95, 0.217285, 0.19, 0.81, 0.219823
0.95, 0.213106, 0.19, 0.81, 0.214739
0.95, 0.21662, 0.19, 0.81, 0.216874
0.95, 0.221881, 0.19, 0.81, 0.219682
0.95, 0.220216, 0.19, 0.81, 0.217065
0.95, 0.209923, 0.19, 0.81, 0.211776
0.95, 0.22877, 0.2, 0.8, 0.22745
0.95, 0.229484, 0.2, 0.8, 0.232271
0.95, 0.231273, 0.2, 0.8, 0.233791
0.95, 0.223897, 0.2, 0.8, 0.228608
0.95, 0.220193, 0.2, 0.8, 0.224658
0.95, 0.23578, 0.2, 0.8, 0.239185
0.95, 0.221087, 0.2, 0.8, 0.225237
0.95, 0.229999, 0.2, 0.8, 0.227171
0.95, 0.22897, 0.2, 0.8, 0.231523
0.95, 0.232745, 0.2, 0.8, 0.237482
0.95, 0.220032, 0.2, 0.8, 0.229237
0.95, 0.234446, 0.2, 0.8, 0.237635
0.95, 0.220558, 0.2, 0.8, 0.222523
0.95, 0.239406, 0.2, 0.8, 0.242439
0.95, 0.232248, 0.2, 0.8, 0.234374
0.95, 0.227111, 0.2, 0.8, 0.228312
0.95, 0.227265, 0.2, 0.8, 0.230363
0.95, 0.23079, 0.2, 0.8, 0.228889
0.95, 0.231738, 0.2, 0.8, 0.235861
0.95, 0.232076, 0.2, 0.8, 0.229615
0.95, 0.217958, 0.2, 0.8, 0.22978
0.95, 0.224189, 0.2, 0.8, 0.225878
0.95, 0.231667, 0.2, 0.8, 0.234871
0.95, 0.226727, 0.2, 0.8, 0.22477
0.95, 0.219669, 0.2, 0.8, 0.225152
0.95, 0.244353, 0.21, 0.79, 0.246375
0.95, 0.246408, 0.21, 0.79, 0.250149
0.95, 0.241706, 0.21, 0.79, 0.24679
0.95, 0.2466, 0.21, 0.79, 0.248317
0.95, 0.244193, 0.21, 0.79, 0.247187
0.95, 0.241088, 0.21, 0.79, 0.243109
0.95, 0.231777, 0.21, 0.79, 0.238999
0.95, 0.241381, 0.21, 0.79, 0.246004
0.95, 0.24165, 0.21, 0.79, 0.245762
0.95, 0.247093, 0.21, 0.79, 0.248632
0.95, 0.244059, 0.21, 0.79, 0.241082
0.95, 0.237597, 0.21, 0.79, 0.237099
0.95, 0.232436, 0.21, 0.79, 0.235518
0.95, 0.241982, 0.21, 0.79, 0.250772
0.95, 0.239833, 0.21, 0.79, 0.243834
0.95, 0.228996, 0.21, 0.79, 0.234323
0.95, 0.246505, 0.21, 0.79, 0.249881
0.95, 0.249526, 0.21, 0.79, 0.25399
0.95, 0.242586, 0.21, 0.79, 0.247958
0.95, 0.244072, 0.21, 0.79, 0.245345
0.95, 0.241664, 0.21, 0.79, 0.241619
0.95, 0.229619, 0.21, 0.79, 0.240576
0.95, 0.2385, 0.21, 0.79, 0.241345
0.95, 0.247076, 0.21, 0.79, 0.245799
0.95, 0.238108, 0.21, 0.79, 0.240674
0.95, 0.2515, 0.22, 0.78, 0.258206
0.95, 0.255977, 0.22, 0.78, 0.261594
0.95, 0.250599, 0.22, 0.78, 0.254893
0.95, 0.245238, 0.22, 0.78, 0.250981
0.95, 0.253743, 0.22, 0.78, 0.254989
0.95, 0.251614, 0.22, 0.78, 0.255336
0.95, 0.251198, 0.22, 0.78, 0.25909
0.95, 0.253452, 0.22, 0.78, 0.256943
0.95, 0.254357, 0.22, 0.78, 0.25737
0.95, 0.248686, 0.22, 0.78, 0.254959
0.95, 0.262705, 0.22, 0.78, 0.260792
0.95, 0.254933, 0.22, 0.78, 0.259206
0.95, 0.250736, 0.22, 0.78, 0.256918
0.95, 0.252944, 0.22, 0.78, 0.255339
0.95, 0.241418, 0.22, 0.78, 0.251351
0.95, 0.253069, 0.22, 0.78, 0.261795
0.95, 0.246136, 0.22, 0.78, 0.253025
0.95, 0.24712, 0.22, 0.78, 0.253484
0.95, 0.243118, 0.22, 0.78, 0.250015
0.95, 0.249091, 0.22, 0.78, 0.247462
0.95, 0.250576, 0.22, 0.78, 0.256038
0.95, 0.258851, 0.22, 0.78, 0.259625
0.95, 0.252171, 0.22, 0.78, 0.258241
0.95, 0.253757, 0.22, 0.78, 0.258191
0.95, 0.265386, 0.22, 0.78, 0.266423
0.95, 0.272179, 0.23, 0.77, 0.275446
0.95, 0.267542, 0.23, 0.77, 0.275008
0.95, 0.264889, 0.23, 0.77, 0.276883
0.95, 0.272602, 0.23, 0.77, 0.272509
0.95, 0.263363, 0.23, 0.77, 0.268668
0.95, 0.272853, 0.23, 0.77, 0.270786
0.95, 0.273573, 0.23, 0.77, 0.277225
0.95, 0.267086, 0.23, 0.77, 0.270188
0.95, 0.268027, 0.23, 0.77, 0.271458
0.95, 0.267083, 0.23, 0.77, 0.265312
0.95, 0.255505, 0.23, 0.77, 0.263652
0.95, 0.259812, 0.23, 0.77, 0.269573
0.95, 0.265267, 0.23, 0.77, 0.269252
0.95, 0.268492, 0.23, 0.77, 0.275636
0.95, 0.263808, 0.23, 0.77, 0.27136
0.95, 0.266092, 0.23, 0.77, 0.271669
0.95, 0.270666, 0.23, 0.77, 0.268924
0.95, 0.279045, 0.23, 0.77, 0.280999
0.95, 0.267343, 0.23, 0.77, 0.271013
0.95, 0.264878, 0.23, 0.77, 0.269941
0.95, 0.269965, 0.23, 0.77, 0.272618
0.95, 0.269534, 0.23, 0.77, 0.271011
0.95, 0.273539, 0.23, 0.77, 0.278219
0.95, 0.267245, 0.23, 0.77, 0.268538
0.95, 0.262403, 0.23, 0.77, 0.271382
0.95, 0.28729, 0.24, 0.76, 0.287811
0.95, 0.28166, 0.24, 0.76, 0.282605
0.95, 0.274303, 0.24, 0.76, 0.283921
0.95, 0.286202, 0.24, 0.76, 0.288511
0.95, 0.279334, 0.24, 0.76, 0.286587
0.95, 0.270829, 0.24, 0.76, 0.282964
0.95, 0.279987, 0.24, 0.76, 0.283653
0.95, 0.290527, 0.24, 0.76, 0.294477
0.95, 0.282275, 0.24, 0.76, 0.282917
0.95, 0.279243, 0.24, 0.76, 0.288819
0.95, 0.276063, 0.24, 0.76, 0.285309
0.95, 0.280333, 0.24, 0.76, 0.28269
0.95, 0.279612, 0.24, 0.76, 0.279257
0.95, 0.281957, 0.24, 0.76, 0.288218
0.95, 0.287049, 0.24, 0.76, 0.289848
0.95, 0.294592, 0.24, 0.76, 0.293611
0.95, 0.277683, 0.24, 0.76, 0.2831
0.95, 0.275608, 0.24, 0.76, 0.282528
0.95, 0.27808, 0.24, 0.76, 0.285575
0.95, 0.275891, 0.24, 0.76, 0.283006
0.95, 0.284538, 0.24, 0.76, 0.286701
0.95, 0.273106, 0.24, 0.76, 0.277163
0.95, 0.28123, 0.24, 0.76, 0.28486
0.95, 0.291723, 0.24, 0.76, 0.292214
0.95, 0.273993, 0.24, 0.76, 0.281849
0.95, 0.301913, 0.25, 0.75, 0.308139
0.95, 0.29393, 0.25, 0.75, 0.297695
0.95, 0.29651, 0.25, 0.75, 0.301758
0.95, 0.291161, 0.25, 0.75, 0.295882
0.95, 0.297803, 0.25, 0.75, 0.297538
0.95, 0.299013, 0.25, 0.75, 0.302652
0.95, 0.28441, 0.25, 0.75, 0.292388
0.95, 0.300517, 0.25, 0.75, 0.301967
0.95, 0.2873, 0.25, 0.75, 0.291603
0.95, 0.291666, 0.25, 0.75, 0.295345
0.95, 0.295417, 0.25, 0.75, 0.301905
0.95, 0.27614, 0.25, 0.75, 0.293589
0.95, 0.292682, 0.25, 0.75, 0.298317
0.95, 0.297504, 0.25, 0.75, 0.30262
0.95, 0.285056, 0.25, 0.75, 0.296104
0.95, 0.295534, 0.25, 0.75, 0.295094
0.95, 0.300541, 0.25, 0.75, 0.304977
0.95, 0.298378, 0.25, 0.75, 0.307025
0.95, 0.300742, 0.25, 0.75, 0.301328
0.95, 0.300456, 0.25, 0.75, 0.309531
0.95, 0.298416, 0.25, 0.75, 0.304104
0.95, 0.30438, 0.25, 0.75, 0.305806
0.95, 0.30754, 0.25, 0.75, 0.302443
0.95, 0.293844, 0.25, 0.75, 0.300225
0.95, 0.295984, 0.25, 0.75, 0.298977
0.95, 0.312472, 0.26, 0.74, 0.318326
0.95, 0.304327, 0.26, 0.74, 0.309364
0.95, 0.314352, 0.26, 0.74, 0.31489
0.95, 0.309692, 0.26, 0.74, 0.312118
0.95, 0.303052, 0.26, 0.74, 0.310437
0.95, 0.301388, 0.26, 0.74, 0.311946
0.95, 0.298326, 0.26, 0.74, 0.302012
0.95, 0.31975, 0.26, 0.74, 0.320926
0.95, 0.306479, 0.26, 0.74, 0.310477
0.95, 0.296662, 0.26, 0.74, 0.305523
0.95, 0.316849, 0.26, 0.74, 0.316135
0.95, 0.305182, 0.26, 0.74, 0.309128
0.95, 0.306169, 0.26, 0.74, 0.311816
0.95, 0.31542, 0.26, 0.74, 0.314965
0.95, 0.307485, 0.26, 0.74, 0.315404
0.95, 0.30279, 0.26, 0.74, 0.309649
0.95, 0.310394, 0.26, 0.74, 0.312496
0.95, 0.308681, 0.26, 0.74, 0.311722
0.95, 0.305593, 0.26, 0.74, 0.305743
0.95, 0.30566, 0.26, 0.74, 0.307222
0.95, 0.324101, 0.26, 0.74, 0.326075
0.95, 0.296832, 0.26, 0.74, 0.302561
0.95, 0.30697, 0.26, 0.74, 0.314815
0.95, 0.318264, 0.26, 0.74, 0.322373
0.95, 0.316604, 0.26, 0.74, 0.317731
0.95, 0.324968, 0.27, 0.73, 0.326299
0.95, 0.321784, 0.27, 0.73, 0.33047
0.95, 0.331918, 0.27, 0.73, 0.333104
0.95, 0.327042, 0.27, 0.73, 0.327913
0.95, 0.330689, 0.27, 0.73, 0.331502
0.95, 0.320538, 0.27, 0.73, 0.328769
0.95, 0.324091, 0.27, 0.73, 0.329072
0.95, 0.320513, 0.27, 0.73, 0.331259
0.95, 0.320789, 0.27, 0.73, 0.321376
0.95, 0.322043, 0.27, 0.73, 0.325221
0.95, 0.325173, 0.27, 0.73, 0.328206
0.95, 0.313734, 0.27, 0.73, 0.31701
0.95, 0.317742, 0.27, 0.73, 0.324938
0.95, 0.334125, 0.27, 0.73, 0.33871
0.95, 0.324844, 0.27, 0.73, 0.328854
0.95, 0.322827, 0.27, 0.73, 0.334324
0.95, 0.324774, 0.27, 0.73, 0.330018
0.95, 0.314583, 0.27, 0.73, 0.324913
0.95, 0.32342, 0.27, 0.73, 0.328042
0.95, 0.324075, 0.27, 0.73, 0.331264
0.95, 0.323176, 0.27, 0.73, 0.323225
0.95, 0.321599, 0.27, 0.73, 0.323773
0.95, 0.336779, 0.27, 0.73, 0.334085
0.95, 0.333342, 0.27, 0.73, 0.341226
0.95, 0.326793, 0.27, 0.73, 0.333849
0.95, 0.336224, 0.28, 0.72, 0.341853
0.95, 0.34655, 0.28, 0.72, 0.347894
0.95, 0.338893, 0.28, 0.72, 0.344909
0.95, 0.348339, 0.28, 0.72, 0.349073
0.95, 0.336821, 0.28, 0.72, 0.338566
0.95, 0.337776, 0.28, 0.72, 0.343889
0.95, 0.331127, 0.28, 0.72, 0.336969
0.95, 0.341318, 0.28, 0.72, 0.348873
0.95, 0.33471, 0.28, 0.72, 0.338377
0.95, 0.336072, 0.28, 0.72, 0.339646
0.95, 0.33216, 0.28, 0.72, 0.335107
0.95, 0.340423, 0.28, 0.72, 0.349682
0.95, 0.341379, 0.28, 0.72, 0.346113
0.95, 0.331135, 0.28, 0.72, 0.334429
0.95, 0.327222, 0.28, 0.72, 0.331569
0.95, 0.349732, 0.28, 0.72, 0.345632
0.95, 0.342317, 0.28, 0.72, 0.347508
0.95, 0.342861, 0.28, 0.72, 0.343046
0.95, 0.32529, 0.28, 0.72, 0.333207
0.95, 0.346392, 0.28, 0.72, 0.344154
0.95, 0.330919, 0.28, 0.72, 0.336369
0.95, 0.344877, 0.28, 0.72, 0.346749
0.95, 0.333148, 0.28, 0.72, 0.341909
0.95, 0.336316, 0.28, 0.72, 0.342814
0.95, 0.333812, 0.28, 0.72, 0.340542
0.95, 0.352001, 0.29, 0.71, 0.357585
0.95, 0.359228, 0.29, 0.71, 0.365763
0.95, 0.35922, 0.29, 0.71, 0.35602
0.95, 0.365554, 0.29, 0.71, 0.371487
0.95, 0.360509, 0.29, 0.71, 0.363528
0.95, 0.362249, 0.29, 0.71, 0.362716
0.95, 0.359094, 0.29, 0.71, 0.360499
0.95, 0.352459, 0.29, 0.71, 0.354611
0.95, 0.359749, 0.29, 0.71, 0.35734
0.95, 0.351313, 0.29, 0.71, 0.361254
0.95, 0.360542, 0.29, 0.71, 0.366064
0.95, 0.354846, 0.29, 0.71, 0.363446
0.95, 0.359412, 0.29, 0.71, 0.368515
0.95, 0.352302, 0.29, 0.71, 0.359003
0.95, 0.361305, 0.29, 0.71, 0.368767
0.95, 0.352406, 0.29, 0.71, 0.358829
0.95, 0.352394, 0.29, 0.71, 0.350785
0.95, 0.354665, 0.29, 0.71, 0.365011
0.95, 0.357106, 0.29, 0.71, 0.357831
0.95, 0.364047, 0.29, 0.71, 0.365095
0.95, 0.347946, 0.29, 0.71, 0.358311
0.95, 0.348352, 0.29, 0.71, 0.360094
0.95, 0.342781, 0.29, 0.71, 0.349559
0.95, 0.353586, 0.29, 0.71, 0.359041
0.95, 0.339481, 0.29, 0.71, 0.348278
0.95, 0.382656, 0.3, 0.7, 0.378675
0.95, 0.376524, 0.3, 0.7, 0.37738
0.95, 0.370835, 0.3, 0.7, 0.377426
0.95, 0.373331, 0.3, 0.7, 0.381097
0.95, 0.378715, 0.3, 0.7, 0.380965
0.95, 0.364955, 0.3, 0.7, 0.373909
0.95, 0.375802, 0.3, 0.7, 0.380464
0.95, 0.372497, 0.3, 0.7, 0.377512
0.95, 0.36948, 0.3, 0.7, 0.371141
0.95, 0.380473, 0.3, 0.7, 0.380381
0.95, 0.37351, 0.3, 0.7, 0.382306
0.95, 0.367791, 0.3, 0.7, 0.374495
0.95, 0.363739, 0.3, 0.7, 0.373932
0.95, 0.370456, 0.3, 0.7, 0.375723
0.95, 0.368287, 0.3, 0.7, 0.376569
0.95, 0.37352, 0.3, 0.7, 0.378334
0.95, 0.374827, 0.3, 0.7, 0.376642
0.95, 0.375868, 0.3, 0.7, 0.382482
0.95, 0.377322, 0.3, 0.7, 0.382236
0.95, 0.373915, 0.3, 0.7, 0.382613
0.95, 0.377318, 0.3, 0.7, 0.382351
0.95, 0.37965, 0.3, 0.7, 0.37516
0.95, 0.372244, 0.3, 0.7, 0.381532
0.95, 0.369476, 0.3, 0.7, 0.378351
0.95, 0.378266, 0.3, 0.7, 0.376698
1, 0.165467, 0.15, 0.85, 0.16811
1, 0.164202, 0.15, 0.85, 0.167899
1, 0.16504, 0.15, 0.85, 0.167356
1, 0.168613, 0.15, 0.85, 0.168784
1, 0.164723, 0.15, 0.85, 0.16929
1, 0.173099, 0.15, 0.85, 0.177887
1, 0.164794, 0.15, 0.85, 0.166667
1, 0.173541, 0.15, 0.85, 0.173641
1, 0.167734, 0.15, 0.85, 0.171312
1, 0.169144, 0.15, 0.85, 0.170678
1, 0.16769, 0.15, 0.85, 0.168389
1, 0.173821, 0.15, 0.85, 0.173891
1, 0.164926, 0.15, 0.85, 0.168734
1, 0.169099, 0.15, 0.85, 0.168355
1, 0.172932, 0.15, 0.85, 0.175567
1, 0.172096, 0.15, 0.85, 0.172474
1, 0.169853, 0.15, 0.85, 0.17418
1, 0.168583, 0.15, 0.85, 0.166572
1, 0.161271, 0.15, 0.85, 0.168292
1, 0.166152, 0.15, 0.85, 0.16821
1, 0.16712, 0.15, 0.85, 0.166357
1, 0.165346, 0.15, 0.85, 0.166392
1, 0.167153, 0.15, 0.85, 0.167544
1, 0.171629, 0.15, 0.85, 0.174643
1, 0.175366, 0.15, 0.85, 0.174602
1, 0.184086, 0.16, 0.84, 0.184123
1, 0.181837, 0.16, 0.84, 0.18205
1, 0.182607, 0.16, 0.84, 0.187118
1, 0.179331, 0.16, 0.84, 0.18213
1, 0.17387, 0.16, 0.84, 0.180232
1, 0.179548, 0.16, 0.84, 0.181042
1, 0.179622, 0.16, 0.84, 0.183979
1, 0.180849, 0.16, 0.84, 0.180428
1, 0.185983, 0.16, 0.84, 0.189163
1, 0.179286, 0.16, 0.84, 0.182478
1, 0.182703, 0.16, 0.84, 0.183002
1, 0.185885, 0.16, 0.84, 0.189212
1, 0.181789, 0.16, 0.84, 0.186636
1, 0.177476, 0.16, 0.84, 0.178849
1, 0.17907, 0.16, 0.84, 0.181543
1, 0.180633, 0.16, 0.84, 0.185145
1, 0.172626, 0.16, 0.84, 0.177568
1, 0.183401, 0.16, 0.84, 0.184651
1, 0.173528, 0.16, 0.84, 0.177185
1, 0.178118, 0.16, 0.84, 0.17966
1, 0.183232, 0.16, 0.84, 0.187486
1, 0.182939, 0.16, 0.84, 0.185453
1, 0.182908, 0.16, 0.84, 0.17839
1, 0.18688, 0.16, 0.84, 0.185397
1, 0.18344, 0.16, 0.84, 0.18017
1, 0.198108, 0.17, 0.83, 0.196281
1, 0.193257, 0.17, 0.83, 0.196688
1, 0.190741, 0.17, 0.83, 0.190675
1, 0.197738, 0.17, 0.83, 0.197841
1, 0.195145, 0.17, 0.83, 0.197484
1, 0.197529, 0.17, 0.83, 0.198868
1, 0.197314, 0.17, 0.83, 0.195503
1, 0.191545, 0.17, 0.83, 0.192534
1, 0.18724, 0.17, 0.83, 0.189691
1, 0.192256, 0.17, 0.83, 0.196417
1, 0.193056, 0.17, 0.83, 0.197063
1, 0.196634, 0.17, 0.83, 0.198601
1, 0.190949, 0.17, 0.83, 0.193206
1, 0.18765, 0.17, 0.83, 0.194658
1, 0.194391, 0.17, 0.83, 0.194979
1, 0.19263, 0.17, 0.83, 0.196791
1, 0.195194, 0.17, 0.83, 0.197915
1, 0.190494, 0.17, 0.83, 0.196461
1, 0.19594, 0.17, 0.83, 0.198244
1, 0.196894, 0.17, 0.83, 0.192493
1, 0.195614, 0.17, 0.83, 0.19236
1, 0.197096, 0.17, 0.83, 0.199954
1, 0.197737, 0.17, 0.83, 0.199237
1, 0.195002, 0.17, 0.83, 0.194337
1, 0.18892, 0.17, 0.83, 0.193584
1, 0.20368, 0.18, 0.82, 0.204437
1, 0.201802, 0.18, 0.82, 0.206995
1, 0.210129, 0.18, 0.82, 0.207976
1, 0.208529, 0.18, 0.82, 0.210764
1, 0.204304, 0.18, 0.82, 0.204816
1, 0.205463, 0.18, 0.82, 0.207384
1, 0.203951, 0.18, 0.82, 0.205592
1, 0.195945, 0.18, 0.82, 0.201913
1, 0.197585, 0.18, 0.82, 0.1997
1, 0.207416, 0.18, 0.82, 0.209079
1, 0.212957, 0.18, 0.82, 0.211007
1, 0.206809, 0.18, 0.82, 0.209633
1, 0.208972, 0.18, 0.82, 0.210115
1, 0.204783, 0.18, 0.82, 0.206686
1, 0.205714, 0.18, 0.82, 0.211465
1, 0.199689, 0.18, 0.82, 0.203921
1, 0.200438, 0.18, 0.82, 0.207471
1, 0.206015, 0.18, 0.82, 0.20723
1, 0.205461, 0.18, 0.82, 0.207882
1, 0.202645, 0.18, 0.82, 0.209483
1, 0.209264, 0.18, 0.82, 0.212242
1, 0.198016, 0.18, 0.82, 0.205632
1, 0.212297, 0.18, 0.82, 0.212717
1, 0.207928, 0.18, 0.82, 0.211688
1, 0.215746, 0.18, 0.82, 0.211227
1, 0.211511, 0.19, 0.81, 0.216524
1, 0.220703, 0.19, 0.81, 0.225088
1, 0.223756, 0.19, 0.81, 0.225946
1, 0.226475, 0.19, 0.81, 0.227805
1, 0.220855, 0.19, 0.81, 0.220948
1, 0.214645, 0.19, 0.81, 0.218677
1, 0.221513, 0.19, 0.81, 0.22669
1, 0.214568, 0.19, 0.81, 0.222113
1, 0.220056, 0.19, 0.81, 0.223016
1, 0.219337, 0.19, 0.81, 0.224449
1, 0.218195, 0.19, 0.81, 0.223195
1, 0.207624, 0.19, 0.81, 0.214754
1, 0.228276, 0.19, 0.81, 0.22882
1, 0.216475, 0.19, 0.81, 0.220001
1, 0.214359, 0.19, 0.81, 0.218719
1, 0.215338, 0.19, 0.81, 0.216861
1, 0.218371, 0.19, 0.81, 0.224694
1, 0.218618, 0.19, 0.81, 0.222533
1, 0.21502, 0.19, 0.81, 0.220345
1, 0.212324, 0.19, 0.81, 0.220332
1, 0.213813, 0.19, 0.81, 0.217011
1, 0.217183, 0.19, 0.81, 0.22391
1, 0.206003, 0.19, 0.81, 0.210645
1, 0.223934, 0.19, 0.81, 0.22369
1, 0.215926, 0.19, 0.81, 0.221252
1, 0.231562, 0.2, 0.8, 0.237627
1, 0.230511, 0.2, 0.8, 0.234379
1, 0.232161, 0.2, 0.8, 0.236078
1, 0.221175, 0.2, 0.8, 0.231207
1, 0.227093, 0.2, 0.8, 0.228793
1, 0.227412, 0.2, 0.8, 0.234969
1, 0.229415, 0.2, 0.8, 0.230828
1, 0.22205, 0.2, 0.8, 0.228444
1, 0.236757, 0.2, 0.8, 0.237529
1, 0.240639, 0.2, 0.8, 0.241933
1, 0.232061, 0.2, 0.8, 0.23854
1, 0.232779, 0.2, 0.8, 0.236255
1, 0.231966, 0.2, 0.8, 0.237718
1, 0.234111, 0.2, 0.8, 0.236679
1, 0.233602, 0.2, 0.8, 0.23495
1, 0.223974, 0.2, 0.8, 0.231861
1, 0.234375, 0.2, 0.8, 0.237674
1, 0.23282, 0.2, 0.8, 0.236616
1, 0.234124, 0.2, 0.8, 0.236171
1, 0.23173, 0.2, 0.8, 0.233936
1, 0.230293, 0.2, 0.8, 0.228981
1, 0.228648, 0.2, 0.8, 0.236261
1, 0.232237, 0.2, 0.8, 0.233687
1, 0.23378, 0.2, 0.8, 0.234605
1, 0.235474, 0.2, 0.8, 0.240386
1, 0.241288, 0.21, 0.79, 0.247641
1, 0.251259, 0.21, 0.79, 0.256108
1, 0.242473, 0.21, 0.79, 0.244994
1, 0.24967, 0.21, 0.79, 0.252569
1, 0.244308, 0.21, 0.79, 0.24596
1, 0.236298, 0.21, 0.79, 0.244832
1, 0.244568, 0.21, 0.79, 0.247487
1, 0.252715, 0.21, 0.79, 0.255512
1, 0.250598, 0.21, 0.79, 0.25267
1, 0.251401, 0.21, 0.79, 0.249273
1, 0.24686, 0.21, 0.79, 0.251038
1, 0.243364, 0.21, 0.79, 0.250236
1, 0.242109, 0.21, 0.79, 0.254337
1, 0.243632, 0.21, 0.79, 0.246134
1, 0.245091, 0.21, 0.79, 0.2478
1, 0.246425, 0.21, 0.79, 0.24874
1, 0.24167, 0.21, 0.79, 0.248532
1, 0.241325, 0.21, 0.79, 0.249646
1, 0.241305, 0.21, 0.79, 0.246945
1, 0.25092, 0.21, 0.79, 0.251475
1, 0.250474, 0.21, 0.79, 0.252267
1, 0.241798, 0.21, 0.79, 0.248353
1, 0.241607, 0.21, 0.79, 0.249171
1, 0.245486, 0.21, 0.79, 0.253229
1, 0.239783, 0.21, 0.79, 0.252737
1, 0.256534, 0.22, 0.78, 0.259105
1, 0.26748, 0.22, 0.78, 0.267872
1, 0.259804, 0.22, 0.78, 0.267124
1, 0.262559, 0.22, 0.78, 0.268743
1, 0.262715, 0.22, 0.78, 0.265041
1, 0.249101, 0.22, 0.78, 0.2557
1, 0.268759, 0.22, 0.78, 0.2682
1, 0.24946, 0.22, 0.78, 0.258493
1, 0.255729, 0.22, 0.78, 0.255736
1, 0.268888, 0.22, 0.78, 0.266936
1, 0.257128, 0.22, 0.78, 0.264674
1, 0.251258, 0.22, 0.78, 0.262493
1, 0.263819, 0.22, 0.78, 0.265198
1, 0.255298, 0.22, 0.78, 0.259743
1, 0.249999, 0.22, 0.78, 0.261004
1, 0.253412, 0.22, 0.78, 0.258313
1, 0.26416, 0.22, 0.78, 0.262762
1, 0.261735, 0.22, 0.78, 0.265867
1, 0.256351, 0.22, 0.78, 0.260233
1, 0.255509, 0.22, 0.78, 0.265701
1, 0.256055, 0.22, 0.78, 0.262211
1, 0.264092, 0.22, 0.78, 0.267343
1, 0.256135, 0.22, 0.78, 0.2607
1, 0.257934, 0.22, 0.78, 0.263374
1, 0.254578, 0.22, 0.78, 0.258356
1, 0.268685, 0.23, 0.77, 0.275012
1, 0.265877, 0.23, 0.77, 0.270892
1, 0.271358, 0.23, 0.77, 0.27634
1, 0.275686, 0.23, 0.77, 0.276995
1, 0.263921, 0.23, 0.77, 0.273984
1, 0.265002, 0.23, 0.77, 0.271723
1, 0.284525, 0.23, 0.77, 0.285516
1, 0.278344, 0.23, 0.77, 0.275461
1, 0.26913, 0.23, 0.77, 0.277811
1, 0.270104, 0.23, 0.77, 0.279241
1, 0.271722, 0.23, 0.77, 0.277393
1, 0.267809, 0.23, 0.77, 0.278051
1, 0.26688, 0.23, 0.77, 0.274441
1, 0.27104, 0.23, 0.77, 0.276489
1, 0.27211, 0.23, 0.77, 0.273822
1, 0.262544, 0.23, 0.77, 0.267786
1, 0.278009, 0.23, 0.77, 0.278909
1, 0.275213, 0.23, 0.77, 0.274708
1, 0.26947, 0.23, 0.77, 0.277184
1, 0.261554, 0.23, 0.77, 0.268715
1, 0.287735, 0.23, 0.77, 0.281466
1, 0.271963, 0.23, 0.77, 0.279148
1, 0.268781, 0.23, 0.77, 0.268856
1, 0.269088, 0.23, 0.77, 0.278399
1, 0.276995, 0.23, 0.77, 0.275783
1, 0.287842, 0.24, 0.76, 0.289214
1, 0.285666, 0.24, 0.76, 0.289494
1, 0.293405, 0.24, 0.76, 0.295688
1, 0.281484, 0.24, 0.76, 0.290513
1, 0.286924, 0.24, 0.76, 0.288977
1, 0.280946, 0.24, 0.76, 0.289818
1, 0.29121, 0.24, 0.76, 0.286311
1, 0.286102, 0.24, 0.76, 0.286325
1, 0.293635, 0.24, 0.76, 0.294554
1, 0.288835, 0.24, 0.76, 0.294306
1, 0.277241, 0.24, 0.76, 0.282272
1, 0.29183, 0.24, 0.76, 0.294643
1, 0.277631, 0.24, 0.76, 0.287434
1, 0.293576, 0.24, 0.76, 0.295368
1, 0.28815, 0.24, 0.76, 0.288409
1, 0.285386, 0.24, 0.76, 0.29024
1, 0.279638, 0.24, 0.76, 0.291022
1, 0.288953, 0.24, 0.76, 0.295935
1, 0.284049, 0.24, 0.76, 0.278923
1, 0.286359, 0.24, 0.76, 0.286528
1, 0.281359, 0.24, 0.76, 0.284213
1, 0.28624, 0.24, 0.76, 0.287565
1, 0.291475, 0.24, 0.76, 0.294082
1, 0.28064, 0.24, 0.76, 0.290894
1, 0.277061, 0.24, 0.76, 0.284836
1, 0.308421, 0.25, 0.75, 0.308311
1, 0.304495, 0.25, 0.75, 0.309322
1, 0.303138, 0.25, 0.75, 0.304969
1, 0.295164, 0.25, 0.75, 0.299039
1, 0.299633, 0.25, 0.75, 0.305021
1, 0.294087, 0.25, 0.75, 0.300671
1, 0.297185, 0.25, 0.75, 0.305927
1, 0.295604, 0.25, 0.75, 0.30643
1, 0.307376, 0.25, 0.75, 0.307522
1, 0.297763, 0.25, 0.75, 0.300461
1, 0.301635, 0.25, 0.75, 0.30838
1, 0.296104, 0.25, 0.75, 0.302028
1, 0.308069, 0.25, 0.75, 0.310459
1, 0.300873, 0.25, 0.75, 0.307688
1, 0.295179, 0.25, 0.75, 0.302213
1, 0.297419, 0.25, 0.75, 0.299425
1, 0.292665, 0.25, 0.75, 0.301099
1, 0.301902, 0.25, 0.75, 0.303514
1, 0.311506, 0.25, 0.75, 0.312515
1, 0.294623, 0.25, 0.75, 0.306181
1, 0.295262, 0.25, 0.75, 0.300993
1, 0.298595, 0.25, 0.75, 0.301649
1, 0.307945, 0.25, 0.75, 0.308262
1, 0.295189, 0.25, 0.75, 0.299835
1, 0.298652, 0.25, 0.75, 0.298123
1, 0.32446, 0.26, 0.74, 0.324496
1, 0.312896, 0.26, 0.74, 0.319622
1, 0.312261, 0.26, 0.74, 0.319808
1, 0.313267, 0.26, 0.74, 0.316436
1, 0.324929, 0.26, 0.74, 0.329333
1, 0.310087, 0.26, 0.74, 0.317439
1, 0.310525, 0.26, 0.74, 0.318839
1, 0.309542, 0.26, 0.74, 0.317427
1, 0.312931, 0.26, 0.74, 0.31763
1, 0.306101, 0.26, 0.74, 0.313026
1, 0.316204, 0.26, 0.74, 0.318312
1, 0.314577, 0.26, 0.74, 0.322972
1, 0.300551, 0.26, 0.74, 0.313341
1, 0.310732, 0.26, 0.74, 0.319973
1, 0.313666, 0.26, 0.74, 0.319563
1, 0.307963, 0.26, 0.74, 0.31234
1, 0.31176, 0.26, 0.74, 0.314303
1, 0.318724, 0.26, 0.74, 0.321688
1, 0.310222, 0.26, 0.74, 0.315265
1, 0.316207, 0.26, 0.74, 0.321764
1, 0.306477, 0.26, 0.74, 0.309656
1, 0.312675, 0.26, 0.74, 0.318582
1, 0.305725, 0.26, 0.74, 0.312692
1, 0.311482, 0.26, 0.74, 0.315153
1, 0.31329, 0.26, 0.74, 0.316446
1, 0.330427, 0.27, 0.73, 0.334118
1, 0.334103, 0.27, 0.73, 0.337875
1, 0.331915, 0.27, 0.73, 0.33954
1, 0.328044, 0.27, 0.73, 0.33739
1, 0.32903, 0.27, 0.73, 0.336172
1, 0.334068, 0.27, 0.73, 0.33979
1, 0.33763, 0.27, 0.73, 0.340809
1, 0.333245, 0.27, 0.73, 0.336607
1, 0.330974, 0.27, 0.73, 0.332035
1, 0.335044, 0.27, 0.73, 0.343703
1, 0.331266, 0.27, 0.73, 0.335838
1, 0.329134, 0.27, 0.73, 0.340102
1, 0.327906, 0.27, 0.73, 0.333396
1, 0.32328, 0.27, 0.73, 0.327295
1, 0.328613, 0.27, 0.73, 0.337966
1, 0.327555, 0.27, 0.73, 0.335429
1, 0.335458, 0.27, 0.73, 0.34302
1, 0.325116, 0.27, 0.73, 0.335233
1, 0.330144, 0.27, 0.73, 0.337634
1, 0.333191, 0.27, 0.73, 0.33446
1, 0.333879, 0.27, 0.73, 0.34337
1, 0.323558, 0.27, 0.73, 0.332097
1, 0.341691, 0.27, 0.73, 0.341873
1, 0.334137, 0.27, 0.73, 0.335924
1, 0.321119, 0.27, 0.73, 0.328
1, 0.347327, 0.28, 0.72, 0.356933
1, 0.3399, 0.28, 0.72, 0.349611
1, 0.3383, 0.28, 0.72, 0.341454
1, 0.335273, 0.28, 0.72, 0.341219
1, 0.352317, 0.28, 0.72, 0.354127
1, 0.331687, 0.28, 0.72, 0.339491
1, 0.341583, 0.28, 0.72, 0.348344
1, 0.342814, 0.28, 0.72, 0.342588
1, 0.346673, 0.28, 0.72, 0.354181
1, 0.340654, 0.28, 0.72, 0.347797
1, 0.347924, 0.28, 0.72, 0.352244
1, 0.33651, 0.28, 0.72, 0.343463
1, 0.344936, 0.28, 0.72, 0.349324
1, 0.338121, 0.28, 0.72, 0.34423
1, 0.341713, 0.28, 0.72, 0.347991
1, 0.34461, 0.28, 0.72, 0.348388
1, 0.345378, 0.28, 0.72, 0.348892
1, 0.340106, 0.28, 0.72, 0.348232
1, 0.343761, 0.28, 0.72, 0.350772
1, 0.339131, 0.28, 0.72, 0.349372
1, 0.337991, 0.28, 0.72, 0.342813
1, 0.339022, 0.28, 0.72, 0.348479
1, 0.352428, 0.28, 0.72, 0.350706
1, 0.348155, 0.28, 0.72, 0.350786
1, 0.354052, 0.28, 0.72, 0.358656
1, 0.376725, 0.29, 0.71, 0.375715
1, 0.348412, 0.29, 0.71, 0.356914
1, 0.355575, 0.29, 0.71, 0.361959
1, 0.355601, 0.29, 0.71, 0.366526
1, 0.356686, 0.29, 0.71, 0.36913
1, 0.369236, 0.29, 0.71, 0.368966
1, 0.357703, 0.29, 0.71, 0.363276
1, 0.35698, 0.29, 0.71, 0.363443
1, 0.357996, 0.29, 0.71, 0.361071
1, 0.361276, 0.29, 0.71, 0.369193
1, 0.355571, 0.29, 0.71, 0.360964
1, 0.361735, 0.29, 0.71, 0.367218
1, 0.349281, 0.29, 0.71, 0.35874
1, 0.355157, 0.29, 0.71, 0.367702
1, 0.346169, 0.29, 0.71, 0.360301
1, 0.364014, 0.29, 0.71, 0.359271
1, 0.353124, 0.29, 0.71, 0.353357
1, 0.358456, 0.29, 0.71, 0.365238
1, 0.361459, 0.29, 0.71, 0.368043
1, 0.350106, 0.29, 0.71, 0.358861
1, 0.351363, 0.29, 0.71, 0.35824
1, 0.36864, 0.29, 0.71, 0.372174
1, 0.358849, 0.29, 0.71, 0.36386
1, 0.365046, 0.29, 0.71, 0.372455
1, 0.366975, 0.29, 0.71, 0.36759
1, 0.378143, 0.3, 0.7, 0.382344
1, 0.380915, 0.3, 0.7, 0.391254
1, 0.378331, 0.3, 0.7, 0.386934
1, 0.391892, 0.3, 0.7, 0.389723
1, 0.382114, 0.3, 0.7, 0.386108
1, 0.377624, 0.3, 0.7, 0.383096
1, 0.382394, 0.3, 0.7, 0.389322
1, 0.386805, 0.3, 0.7, 0.381649
1, 0.368987, 0.3, 0.7, 0.375531
1, 0.373101, 0.3, 0.7, 0.378082
1, 0.379807, 0.3, 0.7, 0.387268
1, 0.371294, 0.3, 0.7, 0.378086
1, 0.368678, 0.3, 0.7, 0.374246
1, 0.37668, 0.3, 0.7, 0.384625
1, 0.370218, 0.3, 0.7, 0.377219
1, 0.377873, 0.3, 0.7, 0.381772
1, 0.36971, 0.3, 0.7, 0.384869
1, 0.369183, 0.3, 0.7, 0.378911
1, 0.368178, 0.3, 0.7, 0.377858
1, 0.376603, 0.3, 0.7, 0.382472
1, 0.386465, 0.3, 0.7, 0.391241
1, 0.37672, 0.3, 0.7, 0.381715
1, 0.379203, 0.3, 0.7, 0.383197
1, 0.374467, 0.3, 0.7, 0.378601
1, 0.368545, 0.3, 0.7, 0.374078
