# B5 Gamma Dynamic Simulation Results
# Strategy schedule: schedules/schedule_b5_pure_selfish_gamma.txt
# Gamma schedule: schedules/gamma_schedule_slow_drift.txt
# Hash rate range: 0.15 - 0.3 (15% - 30%) in 0.01 increments
InitialGamma, Miner0_ProfitFraction, Miner0_HashRate, Miner1_HashRate, Miner0_BlockFraction
0.95, 0.149937, 0.15, 0.85, 0.153811
0.95, 0.149459, 0.15, 0.85, 0.151463
0.95, 0.153124, 0.15, 0.85, 0.151022
0.95, 0.15136, 0.15, 0.85, 0.153583
0.95, 0.155761, 0.15, 0.85, 0.153719
0.95, 0.153644, 0.15, 0.85, 0.157362
0.95, 0.15349, 0.15, 0.85, 0.156222
0.95, 0.15825, 0.15, 0.85, 0.152688
0.95, 0.154027, 0.15, 0.85, 0.158445
0.95, 0.1539, 0.15, 0.85, 0.153355
0.95, 0.160245, 0.15, 0.85, 0.162997
0.95, 0.157867, 0.15, 0.85, 0.156291
0.95, 0.158243, 0.15, 0.85, 0.155853
0.95, 0.15464, 0.15, 0.85, 0.159762
0.95, 0.142723, 0.15, 0.85, 0.1483
0.95, 0.156492, 0.15, 0.85, 0.153468
0.95, 0.153651, 0.15, 0.85, 0.153318
0.95, 0.159573, 0.15, 0.85, 0.155397
0.95, 0.160185, 0.15, 0.85, 0.156406
0.95, 0.150067, 0.15, 0.85, 0.149795
0.95, 0.154194, 0.15, 0.85, 0.152564
0.95, 0.163923, 0.15, 0.85, 0.160158
0.95, 0.155825, 0.15, 0.85, 0.156578
0.95, 0.150832, 0.15, 0.85, 0.155258
0.95, 0.158546, 0.15, 0.85, 0.158235
0.95, 0.165765, 0.16, 0.84, 0.164706
0.95, 0.167631, 0.16, 0.84, 0.171972
0.95, 0.168033, 0.16, 0.84, 0.169567
0.95, 0.167114, 0.16, 0.84, 0.168164
0.95, 0.169484, 0.16, 0.84, 0.16735
0.95, 0.171284, 0.16, 0.84, 0.172783
0.95, 0.16743, 0.16, 0.84, 0.170272
0.95, 0.157764, 0.16, 0.84, 0.163393
0.95, 0.168799, 0.16, 0.84, 0.168327
0.95, 0.167813, 0.16, 0.84, 0.166092
0.95, 0.170306, 0.16, 0.84, 0.172981
0.95, 0.165839, 0.16, 0.84, 0.165357
0.95, 0.16653, 0.16, 0.84, 0.1659
0.95, 0.166353, 0.16, 0.84, 0.166955
0.95, 0.170495, 0.16, 0.84, 0.169295
0.95, 0.16562, 0.16, 0.84, 0.169213
0.95, 0.161566, 0.16, 0.84, 0.16389
0.95, 0.166467, 0.16, 0.84, 0.16504
0.95, 0.176586, 0.16, 0.84, 0.174036
0.95, 0.158213, 0.16, 0.84, 0.163631
0.95, 0.171068, 0.16, 0.84, 0.170479
0.95, 0.166549, 0.16, 0.84, 0.167877
0.95, 0.163992, 0.16, 0.84, 0.166363
0.95, 0.170268, 0.16, 0.84, 0.17036
0.95, 0.166982, 0.16, 0.84, 0.166989
0.95, 0.179998, 0.17, 0.83, 0.184942
0.95, 0.179665, 0.17, 0.83, 0.176934
0.95, 0.171102, 0.17, 0.83, 0.173841
0.95, 0.18104, 0.17, 0.83, 0.180303
0.95, 0.173832, 0.17, 0.83, 0.175799
0.95, 0.177485, 0.17, 0.83, 0.184156
0.95, 0.175495, 0.17, 0.83, 0.179464
0.95, 0.176975, 0.17, 0.83, 0.179998
0.95, 0.182222, 0.17, 0.83, 0.182442
0.95, 0.181308, 0.17, 0.83, 0.181089
0.95, 0.170969, 0.17, 0.83, 0.176884
0.95, 0.181874, 0.17, 0.83, 0.181997
0.95, 0.176523, 0.17, 0.83, 0.178623
0.95, 0.18068, 0.17, 0.83, 0.182729
0.95, 0.175043, 0.17, 0.83, 0.176921
0.95, 0.181767, 0.17, 0.83, 0.185076
0.95, 0.175555, 0.17, 0.83, 0.1782
0.95, 0.176985, 0.17, 0.83, 0.17849
0.95, 0.181194, 0.17, 0.83, 0.184293
0.95, 0.180561, 0.17, 0.83, 0.182046
0.95, 0.179746, 0.17, 0.83, 0.179413
0.95, 0.179256, 0.17, 0.83, 0.181192
0.95, 0.179466, 0.17, 0.83, 0.183417
0.95, 0.181429, 0.17, 0.83, 0.181292
0.95, 0.182346, 0.17, 0.83, 0.184916
0.95, 0.193204, 0.18, 0.82, 0.194314
0.95, 0.187406, 0.18, 0.82, 0.191703
0.95, 0.186398, 0.18, 0.82, 0.189391
0.95, 0.186702, 0.18, 0.82, 0.187928
0.95, 0.193147, 0.18, 0.82, 0.189101
0.95, 0.191263, 0.18, 0.82, 0.192651
0.95, 0.191682, 0.18, 0.82, 0.195921
0.95, 0.198205, 0.18, 0.82, 0.197091
0.95, 0.18964, 0.18, 0.82, 0.192851
0.95, 0.194064, 0.18, 0.82, 0.194834
0.95, 0.188258, 0.18, 0.82, 0.194801
0.95, 0.188526, 0.18, 0.82, 0.191906
0.95, 0.197111, 0.18, 0.82, 0.194769
0.95, 0.189133, 0.18, 0.82, 0.190936
0.95, 0.191645, 0.18, 0.82, 0.192098
0.95, 0.195865, 0.18, 0.82, 0.195288
0.95, 0.189496, 0.18, 0.82, 0.187072
0.95, 0.196967, 0.18, 0.82, 0.197818
0.95, 0.196299, 0.18, 0.82, 0.196895
0.95, 0.187905, 0.18, 0.82, 0.1903
0.95, 0.190037, 0.18, 0.82, 0.191295
0.95, 0.191274, 0.18, 0.82, 0.190117
0.95, 0.195309, 0.18, 0.82, 0.189539
0.95, 0.19118, 0.18, 0.82, 0.195243
0.95, 0.193084, 0.18, 0.82, 0.189349
0.95, 0.205221, 0.19, 0.81, 0.210981
0.95, 0.207901, 0.19, 0.81, 0.20607
0.95, 0.20044, 0.19, 0.81, 0.20629
0.95, 0.202204, 0.19, 0.81, 0.206963
0.95, 0.212737, 0.19, 0.81, 0.213505
0.95, 0.20464, 0.19, 0.81, 0.204944
0.95, 0.202516, 0.19, 0.81, 0.205375
0.95, 0.204168, 0.19, 0.81, 0.210378
0.95, 0.200153, 0.19, 0.81, 0.201459
0.95, 0.198322, 0.19, 0.81, 0.20418
0.95, 0.207453, 0.19, 0.81, 0.208713
0.95, 0.205884, 0.19, 0.81, 0.205765
0.95, 0.212264, 0.19, 0.81, 0.211912
0.95, 0.203556, 0.19, 0.81, 0.208431
0.95, 0.193652, 0.19, 0.81, 0.199341
0.95, 0.204555, 0.19, 0.81, 0.207447
0.95, 0.194414, 0.19, 0.81, 0.200911
0.95, 0.203829, 0.19, 0.81, 0.203827
0.95, 0.206655, 0.19, 0.81, 0.205455
0.95, 0.205115, 0.19, 0.81, 0.208993
0.95, 0.202663, 0.19, 0.81, 0.202529
0.95, 0.205149, 0.19, 0.81, 0.205851
0.95, 0.204664, 0.19, 0.81, 0.204076
0.95, 0.202562, 0.19, 0.81, 0.205789
0.95, 0.199216, 0.19, 0.81, 0.200841
0.95, 0.221584, 0.2, 0.8, 0.218405
0.95, 0.216525, 0.2, 0.8, 0.214531
0.95, 0.207737, 0.2, 0.8, 0.212788
0.95, 0.217973, 0.2, 0.8, 0.2225
0.95, 0.210301, 0.2, 0.8, 0.217358
0.95, 0.221604, 0.2, 0.8, 0.21745
0.95, 0.230187, 0.2, 0.8, 0.222385
0.95, 0.204722, 0.2, 0.8, 0.21125
0.95, 0.213799, 0.2, 0.8, 0.214512
0.95, 0.218318, 0.2, 0.8, 0.219703
0.95, 0.215852, 0.2, 0.8, 0.216606
0.95, 0.215076, 0.2, 0.8, 0.217329
0.95, 0.218317, 0.2, 0.8, 0.219961
0.95, 0.218823, 0.2, 0.8, 0.218787
0.95, 0.219883, 0.2, 0.8, 0.224395
0.95, 0.220515, 0.2, 0.8, 0.222393
0.95, 0.21889, 0.2, 0.8, 0.219972
0.95, 0.220278, 0.2, 0.8, 0.223378
0.95, 0.220557, 0.2, 0.8, 0.224461
0.95, 0.234048, 0.2, 0.8, 0.231456
0.95, 0.224848, 0.2, 0.8, 0.22412
0.95, 0.218033, 0.2, 0.8, 0.221483
0.95, 0.215705, 0.2, 0.8, 0.217552
0.95, 0.221194, 0.2, 0.8, 0.220717
0.95, 0.218041, 0.2, 0.8, 0.222242
0.95, 0.224909, 0.21, 0.79, 0.227764
0.95, 0.228027, 0.21, 0.79, 0.231419
0.95, 0.230639, 0.21, 0.79, 0.234255
0.95, 0.233222, 0.21, 0.79, 0.234434
0.95, 0.233614, 0.21, 0.79, 0.232696
0.95, 0.236564, 0.21, 0.79, 0.234295
0.95, 0.242138, 0.21, 0.79, 0.240879
0.95, 0.220607, 0.21, 0.79, 0.224497
0.95, 0.225536, 0.21, 0.79, 0.229978
0.95, 0.229826, 0.21, 0.79, 0.225974
0.95, 0.225612, 0.21, 0.79, 0.229442
0.95, 0.230521, 0.21, 0.79, 0.228948
0.95, 0.230734, 0.21, 0.79, 0.23252
0.95, 0.224597, 0.21, 0.79, 0.228524
0.95, 0.230659, 0.21, 0.79, 0.239908
0.95, 0.232065, 0.21, 0.79, 0.23267
0.95, 0.229547, 0.21, 0.79, 0.231821
0.95, 0.230973, 0.21, 0.79, 0.235558
0.95, 0.24199, 0.21, 0.79, 0.238447
0.95, 0.234044, 0.21, 0.79, 0.23544
0.95, 0.228588, 0.21, 0.79, 0.231771
0.95, 0.234413, 0.21, 0.79, 0.238464
0.95, 0.231077, 0.21, 0.79, 0.23181
0.95, 0.223939, 0.21, 0.79, 0.232827
0.95, 0.225798, 0.21, 0.79, 0.225502
0.95, 0.243292, 0.22, 0.78, 0.2466
0.95, 0.233642, 0.22, 0.78, 0.239577
0.95, 0.237218, 0.22, 0.78, 0.249573
0.95, 0.239988, 0.22, 0.78, 0.238368
0.95, 0.248394, 0.22, 0.78, 0.248231
0.95, 0.244518, 0.22, 0.78, 0.245823
0.95, 0.250499, 0.22, 0.78, 0.251102
0.95, 0.239745, 0.22, 0.78, 0.239742
0.95, 0.250073, 0.22, 0.78, 0.248202
0.95, 0.250446, 0.22, 0.78, 0.251378
0.95, 0.248231, 0.22, 0.78, 0.251917
0.95, 0.24887, 0.22, 0.78, 0.255979
0.95, 0.247843, 0.22, 0.78, 0.247733
0.95, 0.241648, 0.22, 0.78, 0.243523
0.95, 0.240798, 0.22, 0.78, 0.242881
0.95, 0.250361, 0.22, 0.78, 0.250269
0.95, 0.241488, 0.22, 0.78, 0.243197
0.95, 0.250796, 0.22, 0.78, 0.2511
0.95, 0.246668, 0.22, 0.78, 0.247755
0.95, 0.244618, 0.22, 0.78, 0.24337
0.95, 0.242564, 0.22, 0.78, 0.247634
0.95, 0.237332, 0.22, 0.78, 0.243541
0.95, 0.241266, 0.22, 0.78, 0.245309
0.95, 0.237698, 0.22, 0.78, 0.245215
0.95, 0.238521, 0.22, 0.78, 0.244565
0.95, 0.260796, 0.23, 0.77, 0.261323
0.95, 0.255229, 0.23, 0.77, 0.259211
0.95, 0.259564, 0.23, 0.77, 0.257484
0.95, 0.25288, 0.23, 0.77, 0.255442
0.95, 0.256033, 0.23, 0.77, 0.259551
0.95, 0.257289, 0.23, 0.77, 0.262323
0.95, 0.261324, 0.23, 0.77, 0.264646
0.95, 0.259774, 0.23, 0.77, 0.261109
0.95, 0.264582, 0.23, 0.77, 0.267937
0.95, 0.264572, 0.23, 0.77, 0.264477
0.95, 0.253113, 0.23, 0.77, 0.262542
0.95, 0.262829, 0.23, 0.77, 0.263378
0.95, 0.256984, 0.23, 0.77, 0.261679
0.95, 0.257221, 0.23, 0.77, 0.264398
0.95, 0.264353, 0.23, 0.77, 0.261056
0.95, 0.262772, 0.23, 0.77, 0.264521
0.95, 0.254376, 0.23, 0.77, 0.256646
0.95, 0.263088, 0.23, 0.77, 0.266643
0.95, 0.257863, 0.23, 0.77, 0.256523
0.95, 0.258797, 0.23, 0.77, 0.259797
0.95, 0.250463, 0.23, 0.77, 0.259763
0.95, 0.24933, 0.23, 0.77, 0.257032
0.95, 0.247775, 0.23, 0.77, 0.256109
0.95, 0.262414, 0.23, 0.77, 0.263471
0.95, 0.266215, 0.23, 0.77, 0.271949
0.95, 0.27974, 0.24, 0.76, 0.280132
0.95, 0.272939, 0.24, 0.76, 0.276919
0.95, 0.277267, 0.24, 0.76, 0.277818
0.95, 0.270172, 0.24, 0.76, 0.275268
0.95, 0.27244, 0.24, 0.76, 0.275508
0.95, 0.265592, 0.24, 0.76, 0.269559
0.95, 0.282558, 0.24, 0.76, 0.280908
0.95, 0.272613, 0.24, 0.76, 0.274231
0.95, 0.267069, 0.24, 0.76, 0.27139
0.95, 0.278641, 0.24, 0.76, 0.279555
0.95, 0.26882, 0.24, 0.76, 0.270456
0.95, 0.269935, 0.24, 0.76, 0.272333
0.95, 0.270435, 0.24, 0.76, 0.275315
0.95, 0.263785, 0.24, 0.76, 0.273059
0.95, 0.276526, 0.24, 0.76, 0.275774
0.95, 0.268669, 0.24, 0.76, 0.272893
0.95, 0.266732, 0.24, 0.76, 0.26895
0.95, 0.265278, 0.24, 0.76, 0.27145
0.95, 0.276249, 0.24, 0.76, 0.277654
0.95, 0.264976, 0.24, 0.76, 0.27321
0.95, 0.271159, 0.24, 0.76, 0.271351
0.95, 0.276832, 0.24, 0.76, 0.279359
0.95, 0.272291, 0.24, 0.76, 0.275839
0.95, 0.265998, 0.24, 0.76, 0.269263
0.95, 0.2772, 0.24, 0.76, 0.276032
0.95, 0.287673, 0.25, 0.75, 0.289333
0.95, 0.288528, 0.25, 0.75, 0.289848
0.95, 0.296707, 0.25, 0.75, 0.297007
0.95, 0.287319, 0.25, 0.75, 0.28278
0.95, 0.284512, 0.25, 0.75, 0.287003
0.95, 0.287661, 0.25, 0.75, 0.29064
0.95, 0.29306, 0.25, 0.75, 0.292842
0.95, 0.276633, 0.25, 0.75, 0.279396
0.95, 0.284035, 0.25, 0.75, 0.28231
0.95, 0.29666, 0.25, 0.75, 0.292909
0.95, 0.282426, 0.25, 0.75, 0.285409
0.95, 0.289052, 0.25, 0.75, 0.29432
0.95, 0.281169, 0.25, 0.75, 0.283662
0.95, 0.273499, 0.25, 0.75, 0.279091
0.95, 0.279167, 0.25, 0.75, 0.289803
0.95, 0.288362, 0.25, 0.75, 0.289028
0.95, 0.277732, 0.25, 0.75, 0.286408
0.95, 0.287293, 0.25, 0.75, 0.289419
0.95, 0.282248, 0.25, 0.75, 0.289477
0.95, 0.288439, 0.25, 0.75, 0.288036
0.95, 0.28348, 0.25, 0.75, 0.294013
0.95, 0.286481, 0.25, 0.75, 0.293904
0.95, 0.289354, 0.25, 0.75, 0.28964
0.95, 0.294465, 0.25, 0.75, 0.294792
0.95, 0.286757, 0.25, 0.75, 0.28567
0.95, 0.292561, 0.26, 0.74, 0.299486
0.95, 0.306342, 0.26, 0.74, 0.307588
0.95, 0.304252, 0.26, 0.74, 0.305048
0.95, 0.294389, 0.26, 0.74, 0.30061
0.95, 0.298976, 0.26, 0.74, 0.300858
0.95, 0.303925, 0.26, 0.74, 0.305377
0.95, 0.307301, 0.26, 0.74, 0.312734
0.95, 0.290434, 0.26, 0.74, 0.296255
0.95, 0.307112, 0.26, 0.74, 0.31098
0.95, 0.302188, 0.26, 0.74, 0.307152
0.95, 0.301464, 0.26, 0.74, 0.304318
0.95, 0.30771, 0.26, 0.74, 0.31169
0.95, 0.303691, 0.26, 0.74, 0.308142
0.95, 0.298977, 0.26, 0.74, 0.298025
0.95, 0.279551, 0.26, 0.74, 0.287291
0.95, 0.302945, 0.26, 0.74, 0.307654
0.95, 0.289984, 0.26, 0.74, 0.298107
0.95, 0.297276, 0.26, 0.74, 0.301492
0.95, 0.294566, 0.26, 0.74, 0.294978
0.95, 0.3116, 0.26, 0.74, 0.307697
0.95, 0.297461, 0.26, 0.74, 0.299125
0.95, 0.302136, 0.26, 0.74, 0.311074
0.95, 0.304585, 0.26, 0.74, 0.308614
0.95, 0.290331, 0.26, 0.74, 0.30125
0.95, 0.298561, 0.26, 0.74, 0.300184
0.95, 0.317462, 0.27, 0.73, 0.31771
0.95, 0.310447, 0.27, 0.73, 0.315082
0.95, 0.32589, 0.27, 0.73, 0.323753
0.95, 0.321542, 0.27, 0.73, 0.319029
0.95, 0.305861, 0.27, 0.73, 0.312141
0.95, 0.31259, 0.27, 0.73, 0.313408
0.95, 0.313065, 0.27, 0.73, 0.315682
0.95, 0.308829, 0.27, 0.73, 0.310843
0.95, 0.310418, 0.27, 0.73, 0.312133
0.95, 0.307871, 0.27, 0.73, 0.308929
0.95, 0.312294, 0.27, 0.73, 0.316279
0.95, 0.321652, 0.27, 0.73, 0.317091
0.95, 0.324394, 0.27, 0.73, 0.325539
0.95, 0.316986, 0.27, 0.73, 0.317579
0.95, 0.313145, 0.27, 0.73, 0.320253
0.95, 0.313175, 0.27, 0.73, 0.323293
0.95, 0.307792, 0.27, 0.73, 0.314108
0.95, 0.312691, 0.27, 0.73, 0.314717
0.95, 0.308783, 0.27, 0.73, 0.318339
0.95, 0.308103, 0.27, 0.73, 0.323046
0.95, 0.317967, 0.27, 0.73, 0.31998
0.95, 0.300692, 0.27, 0.73, 0.31436
0.95, 0.320178, 0.27, 0.73, 0.320534
0.95, 0.310816, 0.27, 0.73, 0.316027
0.95, 0.316658, 0.27, 0.73, 0.321683
0.95, 0.335443, 0.28, 0.72, 0.334567
0.95, 0.3267, 0.28, 0.72, 0.330334
0.95, 0.333664, 0.28, 0.72, 0.3434
0.95, 0.329382, 0.28, 0.72, 0.331843
0.95, 0.329509, 0.28, 0.72, 0.329565
0.95, 0.329837, 0.28, 0.72, 0.334259
0.95, 0.333219, 0.28, 0.72, 0.335994
0.95, 0.319187, 0.28, 0.72, 0.323973
0.95, 0.333059, 0.28, 0.72, 0.338693
0.95, 0.335887, 0.28, 0.72, 0.337881
0.95, 0.327689, 0.28, 0.72, 0.330728
0.95, 0.33592, 0.28, 0.72, 0.338883
0.95, 0.336777, 0.28, 0.72, 0.337171
0.95, 0.333382, 0.28, 0.72, 0.328683
0.95, 0.326714, 0.28, 0.72, 0.329992
0.95, 0.332662, 0.28, 0.72, 0.333708
0.95, 0.329374, 0.28, 0.72, 0.331252
0.95, 0.333604, 0.28, 0.72, 0.336267
0.95, 0.336212, 0.28, 0.72, 0.33623
0.95, 0.336715, 0.28, 0.72, 0.338618
0.95, 0.331576, 0.28, 0.72, 0.338297
0.95, 0.328759, 0.28, 0.72, 0.336526
0.95, 0.321404, 0.28, 0.72, 0.328094
0.95, 0.339971, 0.28, 0.72, 0.338552
0.95, 0.328447, 0.28, 0.72, 0.336645
0.95, 0.347073, 0.29, 0.71, 0.345341
0.95, 0.345373, 0.29, 0.71, 0.352846
0.95, 0.348297, 0.29, 0.71, 0.349877
0.95, 0.342188, 0.29, 0.71, 0.348069
0.95, 0.341939, 0.29, 0.71, 0.347074
0.95, 0.353, 0.29, 0.71, 0.35434
0.95, 0.344467, 0.29, 0.71, 0.34805
0.95, 0.349353, 0.29, 0.71, 0.354825
0.95, 0.342545, 0.29, 0.71, 0.348021
0.95, 0.346272, 0.29, 0.71, 0.351489
0.95, 0.352603, 0.29, 0.71, 0.354898
0.95, 0.333608, 0.29, 0.71, 0.33978
0.95, 0.337294, 0.29, 0.71, 0.346137
0.95, 0.343722, 0.29, 0.71, 0.350381
0.95, 0.337066, 0.29, 0.71, 0.344892
0.95, 0.349487, 0.29, 0.71, 0.348848
0.95, 0.342089, 0.29, 0.71, 0.346277
0.95, 0.345268, 0.29, 0.71, 0.346357
0.95, 0.34335, 0.29, 0.71, 0.355594
0.95, 0.351457, 0.29, 0.71, 0.350982
0.95, 0.344392, 0.29, 0.71, 0.344532
0.95, 0.353739, 0.29, 0.71, 0.35376
0.95, 0.344033, 0.29, 0.71, 0.347164
0.95, 0.345599, 0.29, 0.71, 0.346847
0.95, 0.348043, 0.29, 0.71, 0.348792
0.95, 0.357237, 0.3, 0.7, 0.359604
0.95, 0.363577, 0.3, 0.7, 0.367294
0.95, 0.355592, 0.3, 0.7, 0.362921
0.95, 0.359358, 0.3, 0.7, 0.367441
0.95, 0.360655, 0.3, 0.7, 0.362989
0.95, 0.35813, 0.3, 0.7, 0.364787
0.95, 0.369835, 0.3, 0.7, 0.375771
0.95, 0.365536, 0.3, 0.7, 0.367248
0.95, 0.347892, 0.3, 0.7, 0.353711
0.95, 0.371627, 0.3, 0.7, 0.36973
0.95, 0.351683, 0.3, 0.7, 0.356794
0.95, 0.35011, 0.3, 0.7, 0.355657
0.95, 0.359899, 0.3, 0.7, 0.36433
0.95, 0.349293, 0.3, 0.7, 0.355162
0.95, 0.356207, 0.3, 0.7, 0.363619
0.95, 0.372926, 0.3, 0.7, 0.374692
0.95, 0.357678, 0.3, 0.7, 0.364721
0.95, 0.368105, 0.3, 0.7, 0.365602
0.95, 0.371244, 0.3, 0.7, 0.377006
0.95, 0.357159, 0.3, 0.7, 0.362048
0.95, 0.357886, 0.3, 0.7, 0.361839
0.95, 0.379058, 0.3, 0.7, 0.381878
0.95, 0.380534, 0.3, 0.7, 0.371968
0.95, 0.35643, 0.3, 0.7, 0.359114
0.95, 0.363554, 0.3, 0.7, 0.367257
