# B5 Focused Dynamic Strategy Switching Simulation Results
# Schedule file: schedule_b5_selfish_stubborn_lead_1000.txt
# Gamma (connectivity) range: 0.8 - 1.0 in 0.05 increments
# Hash rate range: 0.15 - 0.3 (15% - 30%) in 0.01 increments
Gamma, Miner0_ProfitFraction, Miner0_HashRate, Miner1_HashRate, Miner0_BlockFraction
0.8, 0.160192, 0.15, 0.85, 0.160073
0.8, 0.156398, 0.15, 0.85, 0.153501
0.8, 0.150657, 0.15, 0.85, 0.148155
0.8, 0.154663, 0.15, 0.85, 0.146731
0.8, 0.149487, 0.15, 0.85, 0.148761
0.8, 0.154358, 0.15, 0.85, 0.152949
0.8, 0.152682, 0.15, 0.85, 0.151048
0.8, 0.158064, 0.15, 0.85, 0.152555
0.8, 0.154486, 0.15, 0.85, 0.151139
0.8, 0.157198, 0.15, 0.85, 0.15502
0.8, 0.147219, 0.15, 0.85, 0.146172
0.8, 0.153226, 0.15, 0.85, 0.152176
0.8, 0.159122, 0.15, 0.85, 0.158507
0.8, 0.153386, 0.15, 0.85, 0.150753
0.8, 0.160551, 0.15, 0.85, 0.154838
0.8, 0.145631, 0.15, 0.85, 0.149611
0.8, 0.154357, 0.15, 0.85, 0.151472
0.8, 0.15169, 0.15, 0.85, 0.148965
0.8, 0.153867, 0.15, 0.85, 0.150247
0.8, 0.148196, 0.15, 0.85, 0.15078
0.8, 0.145057, 0.15, 0.85, 0.148066
0.8, 0.152835, 0.15, 0.85, 0.153283
0.8, 0.159267, 0.15, 0.85, 0.154888
0.8, 0.14479, 0.15, 0.85, 0.146205
0.8, 0.147375, 0.15, 0.85, 0.149018
0.8, 0.161023, 0.16, 0.84, 0.162037
0.8, 0.168062, 0.16, 0.84, 0.166399
0.8, 0.158629, 0.16, 0.84, 0.159852
0.8, 0.169772, 0.16, 0.84, 0.167942
0.8, 0.167879, 0.16, 0.84, 0.161173
0.8, 0.160161, 0.16, 0.84, 0.157384
0.8, 0.167049, 0.16, 0.84, 0.161918
0.8, 0.157429, 0.16, 0.84, 0.158407
0.8, 0.167443, 0.16, 0.84, 0.162033
0.8, 0.163706, 0.16, 0.84, 0.162842
0.8, 0.172868, 0.16, 0.84, 0.168888
0.8, 0.160945, 0.16, 0.84, 0.161417
0.8, 0.164624, 0.16, 0.84, 0.1637
0.8, 0.165062, 0.16, 0.84, 0.162234
0.8, 0.163901, 0.16, 0.84, 0.162795
0.8, 0.154436, 0.16, 0.84, 0.153308
0.8, 0.152329, 0.16, 0.84, 0.154221
0.8, 0.165183, 0.16, 0.84, 0.162288
0.8, 0.170611, 0.16, 0.84, 0.166792
0.8, 0.164075, 0.16, 0.84, 0.165086
0.8, 0.168131, 0.16, 0.84, 0.1629
0.8, 0.16634, 0.16, 0.84, 0.163825
0.8, 0.161075, 0.16, 0.84, 0.161179
0.8, 0.17318, 0.16, 0.84, 0.173565
0.8, 0.161791, 0.16, 0.84, 0.163808
0.8, 0.180108, 0.17, 0.83, 0.179516
0.8, 0.177548, 0.17, 0.83, 0.17586
0.8, 0.180011, 0.17, 0.83, 0.174723
0.8, 0.181346, 0.17, 0.83, 0.180131
0.8, 0.179871, 0.17, 0.83, 0.174168
0.8, 0.178677, 0.17, 0.83, 0.175565
0.8, 0.177931, 0.17, 0.83, 0.173018
0.8, 0.177807, 0.17, 0.83, 0.173378
0.8, 0.1728, 0.17, 0.83, 0.174376
0.8, 0.179634, 0.17, 0.83, 0.175231
0.8, 0.184537, 0.17, 0.83, 0.181235
0.8, 0.17896, 0.17, 0.83, 0.17378
0.8, 0.172546, 0.17, 0.83, 0.169491
0.8, 0.172297, 0.17, 0.83, 0.172148
0.8, 0.184018, 0.17, 0.83, 0.180708
0.8, 0.181337, 0.17, 0.83, 0.177353
0.8, 0.170083, 0.17, 0.83, 0.170175
0.8, 0.177687, 0.17, 0.83, 0.17895
0.8, 0.179451, 0.17, 0.83, 0.178762
0.8, 0.171422, 0.17, 0.83, 0.174385
0.8, 0.176159, 0.17, 0.83, 0.177731
0.8, 0.177423, 0.17, 0.83, 0.174385
0.8, 0.18325, 0.17, 0.83, 0.180702
0.8, 0.178908, 0.17, 0.83, 0.175716
0.8, 0.17963, 0.17, 0.83, 0.175439
0.8, 0.180119, 0.18, 0.82, 0.182021
0.8, 0.186903, 0.18, 0.82, 0.185627
0.8, 0.187118, 0.18, 0.82, 0.186183
0.8, 0.195445, 0.18, 0.82, 0.189378
0.8, 0.189918, 0.18, 0.82, 0.188804
0.8, 0.184245, 0.18, 0.82, 0.191531
0.8, 0.181672, 0.18, 0.82, 0.183644
0.8, 0.188807, 0.18, 0.82, 0.192184
0.8, 0.180163, 0.18, 0.82, 0.180818
0.8, 0.19307, 0.18, 0.82, 0.186876
0.8, 0.188835, 0.18, 0.82, 0.186214
0.8, 0.19935, 0.18, 0.82, 0.19684
0.8, 0.187737, 0.18, 0.82, 0.189089
0.8, 0.188297, 0.18, 0.82, 0.188812
0.8, 0.190198, 0.18, 0.82, 0.190476
0.8, 0.188508, 0.18, 0.82, 0.189076
0.8, 0.187335, 0.18, 0.82, 0.18551
0.8, 0.188442, 0.18, 0.82, 0.189295
0.8, 0.17925, 0.18, 0.82, 0.180726
0.8, 0.188704, 0.18, 0.82, 0.186364
0.8, 0.193784, 0.18, 0.82, 0.189417
0.8, 0.192973, 0.18, 0.82, 0.188988
0.8, 0.186937, 0.18, 0.82, 0.186862
0.8, 0.180414, 0.18, 0.82, 0.18153
0.8, 0.186285, 0.18, 0.82, 0.186285
0.8, 0.200337, 0.19, 0.81, 0.199832
0.8, 0.202732, 0.19, 0.81, 0.199704
0.8, 0.203579, 0.19, 0.81, 0.20162
0.8, 0.197541, 0.19, 0.81, 0.196839
0.8, 0.199848, 0.19, 0.81, 0.198526
0.8, 0.198416, 0.19, 0.81, 0.200805
0.8, 0.209542, 0.19, 0.81, 0.205021
0.8, 0.195642, 0.19, 0.81, 0.191402
0.8, 0.204004, 0.19, 0.81, 0.200951
0.8, 0.205496, 0.19, 0.81, 0.203665
0.8, 0.209601, 0.19, 0.81, 0.205534
0.8, 0.209704, 0.19, 0.81, 0.199337
0.8, 0.204565, 0.19, 0.81, 0.203287
0.8, 0.208963, 0.19, 0.81, 0.205196
0.8, 0.203497, 0.19, 0.81, 0.200738
0.8, 0.200835, 0.19, 0.81, 0.201219
0.8, 0.197653, 0.19, 0.81, 0.197831
0.8, 0.210093, 0.19, 0.81, 0.202847
0.8, 0.203902, 0.19, 0.81, 0.200378
0.8, 0.204182, 0.19, 0.81, 0.204173
0.8, 0.197109, 0.19, 0.81, 0.196273
0.8, 0.206322, 0.19, 0.81, 0.203144
0.8, 0.211678, 0.19, 0.81, 0.204558
0.8, 0.205206, 0.19, 0.81, 0.201227
0.8, 0.201675, 0.19, 0.81, 0.194882
0.8, 0.219146, 0.2, 0.8, 0.214081
0.8, 0.209874, 0.2, 0.8, 0.212028
0.8, 0.203203, 0.2, 0.8, 0.207685
0.8, 0.216757, 0.2, 0.8, 0.214087
0.8, 0.204791, 0.2, 0.8, 0.205346
0.8, 0.222572, 0.2, 0.8, 0.218139
0.8, 0.211117, 0.2, 0.8, 0.212772
0.8, 0.218949, 0.2, 0.8, 0.218177
0.8, 0.222252, 0.2, 0.8, 0.217907
0.8, 0.21801, 0.2, 0.8, 0.218432
0.8, 0.218247, 0.2, 0.8, 0.214227
0.8, 0.221582, 0.2, 0.8, 0.214827
0.8, 0.215181, 0.2, 0.8, 0.217662
0.8, 0.215689, 0.2, 0.8, 0.216686
0.8, 0.21773, 0.2, 0.8, 0.214294
0.8, 0.221879, 0.2, 0.8, 0.217159
0.8, 0.215372, 0.2, 0.8, 0.213454
0.8, 0.215891, 0.2, 0.8, 0.213352
0.8, 0.228964, 0.2, 0.8, 0.220842
0.8, 0.220714, 0.2, 0.8, 0.216374
0.8, 0.226737, 0.2, 0.8, 0.224812
0.8, 0.21583, 0.2, 0.8, 0.21365
0.8, 0.20734, 0.2, 0.8, 0.206244
0.8, 0.213275, 0.2, 0.8, 0.211676
0.8, 0.221272, 0.2, 0.8, 0.21785
0.8, 0.232208, 0.21, 0.79, 0.233511
0.8, 0.243389, 0.21, 0.79, 0.235034
0.8, 0.231338, 0.21, 0.79, 0.230007
0.8, 0.227719, 0.21, 0.79, 0.227682
0.8, 0.228877, 0.21, 0.79, 0.225816
0.8, 0.231338, 0.21, 0.79, 0.227022
0.8, 0.233428, 0.21, 0.79, 0.231519
0.8, 0.235363, 0.21, 0.79, 0.231783
0.8, 0.231598, 0.21, 0.79, 0.232536
0.8, 0.217813, 0.21, 0.79, 0.218991
0.8, 0.225066, 0.21, 0.79, 0.226995
0.8, 0.227704, 0.21, 0.79, 0.224982
0.8, 0.228492, 0.21, 0.79, 0.226174
0.8, 0.229182, 0.21, 0.79, 0.230101
0.8, 0.222845, 0.21, 0.79, 0.225376
0.8, 0.232768, 0.21, 0.79, 0.231932
0.8, 0.226195, 0.21, 0.79, 0.229163
0.8, 0.233233, 0.21, 0.79, 0.231525
0.8, 0.238064, 0.21, 0.79, 0.234443
0.8, 0.228684, 0.21, 0.79, 0.225596
0.8, 0.227666, 0.21, 0.79, 0.228566
0.8, 0.228091, 0.21, 0.79, 0.224837
0.8, 0.227318, 0.21, 0.79, 0.230886
0.8, 0.235958, 0.21, 0.79, 0.232967
0.8, 0.232169, 0.21, 0.79, 0.231344
0.8, 0.238711, 0.22, 0.78, 0.23841
0.8, 0.235274, 0.22, 0.78, 0.229912
0.8, 0.245653, 0.22, 0.78, 0.24091
0.8, 0.24083, 0.22, 0.78, 0.242263
0.8, 0.243462, 0.22, 0.78, 0.246553
0.8, 0.251146, 0.22, 0.78, 0.247867
0.8, 0.249163, 0.22, 0.78, 0.243622
0.8, 0.241613, 0.22, 0.78, 0.240337
0.8, 0.24291, 0.22, 0.78, 0.239081
0.8, 0.245946, 0.22, 0.78, 0.241456
0.8, 0.243368, 0.22, 0.78, 0.244133
0.8, 0.241276, 0.22, 0.78, 0.238413
0.8, 0.24613, 0.22, 0.78, 0.244259
0.8, 0.250231, 0.22, 0.78, 0.248267
0.8, 0.240458, 0.22, 0.78, 0.239908
0.8, 0.245773, 0.22, 0.78, 0.242204
0.8, 0.248351, 0.22, 0.78, 0.245705
0.8, 0.246243, 0.22, 0.78, 0.243205
0.8, 0.248632, 0.22, 0.78, 0.243574
0.8, 0.254127, 0.22, 0.78, 0.250258
0.8, 0.243647, 0.22, 0.78, 0.239943
0.8, 0.248251, 0.22, 0.78, 0.246055
0.8, 0.234706, 0.22, 0.78, 0.2438
0.8, 0.246321, 0.22, 0.78, 0.240594
0.8, 0.248117, 0.22, 0.78, 0.245979
0.8, 0.25921, 0.23, 0.77, 0.257073
0.8, 0.265986, 0.23, 0.77, 0.259848
0.8, 0.252806, 0.23, 0.77, 0.254931
0.8, 0.254748, 0.23, 0.77, 0.255748
0.8, 0.269537, 0.23, 0.77, 0.259475
0.8, 0.259369, 0.23, 0.77, 0.251573
0.8, 0.264087, 0.23, 0.77, 0.260403
0.8, 0.25953, 0.23, 0.77, 0.258722
0.8, 0.266814, 0.23, 0.77, 0.259456
0.8, 0.27184, 0.23, 0.77, 0.263633
0.8, 0.25209, 0.23, 0.77, 0.25506
0.8, 0.260773, 0.23, 0.77, 0.256524
0.8, 0.263615, 0.23, 0.77, 0.261626
0.8, 0.255247, 0.23, 0.77, 0.2494
0.8, 0.266762, 0.23, 0.77, 0.260259
0.8, 0.259726, 0.23, 0.77, 0.258454
0.8, 0.259067, 0.23, 0.77, 0.257918
0.8, 0.259985, 0.23, 0.77, 0.258153
0.8, 0.260364, 0.23, 0.77, 0.254397
0.8, 0.271347, 0.23, 0.77, 0.265561
0.8, 0.26462, 0.23, 0.77, 0.259459
0.8, 0.263023, 0.23, 0.77, 0.254861
0.8, 0.261536, 0.23, 0.77, 0.257616
0.8, 0.261557, 0.23, 0.77, 0.26193
0.8, 0.250572, 0.23, 0.77, 0.252094
0.8, 0.274733, 0.24, 0.76, 0.27348
0.8, 0.277935, 0.24, 0.76, 0.272089
0.8, 0.276158, 0.24, 0.76, 0.273788
0.8, 0.277546, 0.24, 0.76, 0.272977
0.8, 0.271987, 0.24, 0.76, 0.269696
0.8, 0.280386, 0.24, 0.76, 0.276794
0.8, 0.269833, 0.24, 0.76, 0.27077
0.8, 0.280234, 0.24, 0.76, 0.273105
0.8, 0.273862, 0.24, 0.76, 0.27209
0.8, 0.275665, 0.24, 0.76, 0.270013
0.8, 0.275537, 0.24, 0.76, 0.266971
0.8, 0.26507, 0.24, 0.76, 0.266171
0.8, 0.276655, 0.24, 0.76, 0.270215
0.8, 0.266469, 0.24, 0.76, 0.271478
0.8, 0.271916, 0.24, 0.76, 0.274974
0.8, 0.272689, 0.24, 0.76, 0.273212
0.8, 0.28123, 0.24, 0.76, 0.277219
0.8, 0.266974, 0.24, 0.76, 0.268817
0.8, 0.277271, 0.24, 0.76, 0.274233
0.8, 0.270159, 0.24, 0.76, 0.269069
0.8, 0.27182, 0.24, 0.76, 0.267109
0.8, 0.269916, 0.24, 0.76, 0.26402
0.8, 0.270092, 0.24, 0.76, 0.269009
0.8, 0.267264, 0.24, 0.76, 0.261358
0.8, 0.269675, 0.24, 0.76, 0.269744
0.8, 0.293076, 0.25, 0.75, 0.28575
0.8, 0.294048, 0.25, 0.75, 0.28886
0.8, 0.284347, 0.25, 0.75, 0.282647
0.8, 0.281391, 0.25, 0.75, 0.28515
0.8, 0.295205, 0.25, 0.75, 0.292329
0.8, 0.286715, 0.25, 0.75, 0.285741
0.8, 0.293495, 0.25, 0.75, 0.285971
0.8, 0.290866, 0.25, 0.75, 0.286564
0.8, 0.283666, 0.25, 0.75, 0.283459
0.8, 0.289905, 0.25, 0.75, 0.28366
0.8, 0.283973, 0.25, 0.75, 0.281223
0.8, 0.294847, 0.25, 0.75, 0.289443
0.8, 0.287079, 0.25, 0.75, 0.284176
0.8, 0.290725, 0.25, 0.75, 0.283671
0.8, 0.290862, 0.25, 0.75, 0.292596
0.8, 0.299682, 0.25, 0.75, 0.292176
0.8, 0.291798, 0.25, 0.75, 0.289073
0.8, 0.288645, 0.25, 0.75, 0.283208
0.8, 0.294097, 0.25, 0.75, 0.296002
0.8, 0.285238, 0.25, 0.75, 0.286619
0.8, 0.292662, 0.25, 0.75, 0.290482
0.8, 0.291851, 0.25, 0.75, 0.290501
0.8, 0.281633, 0.25, 0.75, 0.283807
0.8, 0.283292, 0.25, 0.75, 0.274127
0.8, 0.284682, 0.25, 0.75, 0.288745
0.8, 0.304911, 0.26, 0.74, 0.30304
0.8, 0.305117, 0.26, 0.74, 0.303728
0.8, 0.301791, 0.26, 0.74, 0.305208
0.8, 0.305527, 0.26, 0.74, 0.308029
0.8, 0.293253, 0.26, 0.74, 0.293955
0.8, 0.29853, 0.26, 0.74, 0.298837
0.8, 0.308414, 0.26, 0.74, 0.304392
0.8, 0.311184, 0.26, 0.74, 0.2975
0.8, 0.311517, 0.26, 0.74, 0.307541
0.8, 0.307371, 0.26, 0.74, 0.305315
0.8, 0.302319, 0.26, 0.74, 0.299458
0.8, 0.300235, 0.26, 0.74, 0.296964
0.8, 0.299309, 0.26, 0.74, 0.29861
0.8, 0.307129, 0.26, 0.74, 0.304598
0.8, 0.30114, 0.26, 0.74, 0.299831
0.8, 0.297166, 0.26, 0.74, 0.300415
0.8, 0.30041, 0.26, 0.74, 0.301012
0.8, 0.306607, 0.26, 0.74, 0.304835
0.8, 0.311791, 0.26, 0.74, 0.304247
0.8, 0.303831, 0.26, 0.74, 0.305145
0.8, 0.300131, 0.26, 0.74, 0.297782
0.8, 0.319437, 0.26, 0.74, 0.312544
0.8, 0.308676, 0.26, 0.74, 0.304329
0.8, 0.302479, 0.26, 0.74, 0.30291
0.8, 0.308165, 0.26, 0.74, 0.301867
0.8, 0.322648, 0.27, 0.73, 0.322539
0.8, 0.322934, 0.27, 0.73, 0.314954
0.8, 0.30842, 0.27, 0.73, 0.311455
0.8, 0.307195, 0.27, 0.73, 0.307498
0.8, 0.316219, 0.27, 0.73, 0.312343
0.8, 0.326383, 0.27, 0.73, 0.318335
0.8, 0.330193, 0.27, 0.73, 0.323608
0.8, 0.307718, 0.27, 0.73, 0.303822
0.8, 0.322143, 0.27, 0.73, 0.320412
0.8, 0.322273, 0.27, 0.73, 0.323445
0.8, 0.3268, 0.27, 0.73, 0.31933
0.8, 0.309102, 0.27, 0.73, 0.31021
0.8, 0.33055, 0.27, 0.73, 0.317123
0.8, 0.314991, 0.27, 0.73, 0.313787
0.8, 0.317447, 0.27, 0.73, 0.319297
0.8, 0.318472, 0.27, 0.73, 0.314133
0.8, 0.319923, 0.27, 0.73, 0.313936
0.8, 0.3288, 0.27, 0.73, 0.316497
0.8, 0.31667, 0.27, 0.73, 0.318606
0.8, 0.322081, 0.27, 0.73, 0.315702
0.8, 0.321525, 0.27, 0.73, 0.312058
0.8, 0.310518, 0.27, 0.73, 0.310983
0.8, 0.323052, 0.27, 0.73, 0.318519
0.8, 0.307493, 0.27, 0.73, 0.307122
0.8, 0.32107, 0.27, 0.73, 0.32053
0.8, 0.345659, 0.28, 0.72, 0.343425
0.8, 0.346686, 0.28, 0.72, 0.342268
0.8, 0.341866, 0.28, 0.72, 0.335005
0.8, 0.341979, 0.28, 0.72, 0.33192
0.8, 0.32461, 0.28, 0.72, 0.326759
0.8, 0.337384, 0.28, 0.72, 0.334429
0.8, 0.331985, 0.28, 0.72, 0.329269
0.8, 0.338968, 0.28, 0.72, 0.330499
0.8, 0.336487, 0.28, 0.72, 0.332296
0.8, 0.326437, 0.28, 0.72, 0.333759
0.8, 0.319074, 0.28, 0.72, 0.319528
0.8, 0.337751, 0.28, 0.72, 0.33022
0.8, 0.332331, 0.28, 0.72, 0.323121
0.8, 0.343564, 0.28, 0.72, 0.337318
0.8, 0.345885, 0.28, 0.72, 0.339808
0.8, 0.340511, 0.28, 0.72, 0.331834
0.8, 0.33869, 0.28, 0.72, 0.340247
0.8, 0.322845, 0.28, 0.72, 0.324228
0.8, 0.333181, 0.28, 0.72, 0.332458
0.8, 0.334368, 0.28, 0.72, 0.332888
0.8, 0.337232, 0.28, 0.72, 0.337166
0.8, 0.349407, 0.28, 0.72, 0.342997
0.8, 0.343486, 0.28, 0.72, 0.339561
0.8, 0.34087, 0.28, 0.72, 0.332923
0.8, 0.337994, 0.28, 0.72, 0.337728
0.8, 0.35219, 0.29, 0.71, 0.34589
0.8, 0.351346, 0.29, 0.71, 0.353439
0.8, 0.357797, 0.29, 0.71, 0.35395
0.8, 0.361029, 0.29, 0.71, 0.346949
0.8, 0.351496, 0.29, 0.71, 0.352945
0.8, 0.356449, 0.29, 0.71, 0.352153
0.8, 0.346233, 0.29, 0.71, 0.349051
0.8, 0.372529, 0.29, 0.71, 0.361361
0.8, 0.358739, 0.29, 0.71, 0.35274
0.8, 0.34784, 0.29, 0.71, 0.341095
0.8, 0.354484, 0.29, 0.71, 0.354893
0.8, 0.345489, 0.29, 0.71, 0.33488
0.8, 0.350036, 0.29, 0.71, 0.345107
0.8, 0.348764, 0.29, 0.71, 0.346331
0.8, 0.345909, 0.29, 0.71, 0.349405
0.8, 0.349591, 0.29, 0.71, 0.343277
0.8, 0.363546, 0.29, 0.71, 0.358731
0.8, 0.347046, 0.29, 0.71, 0.348142
0.8, 0.360679, 0.29, 0.71, 0.349312
0.8, 0.348933, 0.29, 0.71, 0.349971
0.8, 0.360051, 0.29, 0.71, 0.349165
0.8, 0.362402, 0.29, 0.71, 0.35601
0.8, 0.349589, 0.29, 0.71, 0.344363
0.8, 0.369034, 0.29, 0.71, 0.361068
0.8, 0.358331, 0.29, 0.71, 0.35314
0.8, 0.38011, 0.3, 0.7, 0.367132
0.8, 0.371066, 0.3, 0.7, 0.361462
0.8, 0.368876, 0.3, 0.7, 0.363582
0.8, 0.374851, 0.3, 0.7, 0.370161
0.8, 0.379937, 0.3, 0.7, 0.377085
0.8, 0.369649, 0.3, 0.7, 0.36593
0.8, 0.375451, 0.3, 0.7, 0.370755
0.8, 0.37412, 0.3, 0.7, 0.371168
0.8, 0.367646, 0.3, 0.7, 0.364332
0.8, 0.366025, 0.3, 0.7, 0.361815
0.8, 0.368278, 0.3, 0.7, 0.35977
0.8, 0.362059, 0.3, 0.7, 0.362616
0.8, 0.365614, 0.3, 0.7, 0.364974
0.8, 0.363179, 0.3, 0.7, 0.362656
0.8, 0.365099, 0.3, 0.7, 0.364739
0.8, 0.380688, 0.3, 0.7, 0.3738
0.8, 0.376572, 0.3, 0.7, 0.373976
0.8, 0.368484, 0.3, 0.7, 0.369688
0.8, 0.374203, 0.3, 0.7, 0.370281
0.8, 0.368148, 0.3, 0.7, 0.364808
0.8, 0.361657, 0.3, 0.7, 0.363342
0.8, 0.372139, 0.3, 0.7, 0.366138
0.8, 0.371953, 0.3, 0.7, 0.362025
0.8, 0.359082, 0.3, 0.7, 0.35961
0.8, 0.373054, 0.3, 0.7, 0.368997
0.85, 0.149891, 0.15, 0.85, 0.152057
0.85, 0.162159, 0.15, 0.85, 0.157239
0.85, 0.151228, 0.15, 0.85, 0.154808
0.85, 0.153206, 0.15, 0.85, 0.152852
0.85, 0.155002, 0.15, 0.85, 0.156015
0.85, 0.156272, 0.15, 0.85, 0.155289
0.85, 0.1617, 0.15, 0.85, 0.156236
0.85, 0.158183, 0.15, 0.85, 0.160184
0.85, 0.150932, 0.15, 0.85, 0.153339
0.85, 0.153138, 0.15, 0.85, 0.154339
0.85, 0.163927, 0.15, 0.85, 0.158455
0.85, 0.161326, 0.15, 0.85, 0.155864
0.85, 0.154232, 0.15, 0.85, 0.151866
0.85, 0.158527, 0.15, 0.85, 0.153494
0.85, 0.160356, 0.15, 0.85, 0.156338
0.85, 0.150933, 0.15, 0.85, 0.150816
0.85, 0.145616, 0.15, 0.85, 0.150947
0.85, 0.156462, 0.15, 0.85, 0.156663
0.85, 0.155908, 0.15, 0.85, 0.153806
0.85, 0.150696, 0.15, 0.85, 0.154791
0.85, 0.162474, 0.15, 0.85, 0.160752
0.85, 0.161489, 0.15, 0.85, 0.158815
0.85, 0.156799, 0.15, 0.85, 0.154716
0.85, 0.155725, 0.15, 0.85, 0.158629
0.85, 0.157388, 0.15, 0.85, 0.151567
0.85, 0.179072, 0.16, 0.84, 0.175698
0.85, 0.171843, 0.16, 0.84, 0.169551
0.85, 0.170972, 0.16, 0.84, 0.165686
0.85, 0.177293, 0.16, 0.84, 0.173486
0.85, 0.177234, 0.16, 0.84, 0.175178
0.85, 0.170179, 0.16, 0.84, 0.166829
0.85, 0.164219, 0.16, 0.84, 0.164766
0.85, 0.170658, 0.16, 0.84, 0.172896
0.85, 0.17088, 0.16, 0.84, 0.167288
0.85, 0.167744, 0.16, 0.84, 0.163375
0.85, 0.175104, 0.16, 0.84, 0.173956
0.85, 0.176349, 0.16, 0.84, 0.172406
0.85, 0.172343, 0.16, 0.84, 0.171599
0.85, 0.176706, 0.16, 0.84, 0.169872
0.85, 0.167611, 0.16, 0.84, 0.165209
0.85, 0.175414, 0.16, 0.84, 0.175043
0.85, 0.172914, 0.16, 0.84, 0.170481
0.85, 0.179717, 0.16, 0.84, 0.172095
0.85, 0.169133, 0.16, 0.84, 0.169886
0.85, 0.161811, 0.16, 0.84, 0.165502
0.85, 0.16155, 0.16, 0.84, 0.161906
0.85, 0.172624, 0.16, 0.84, 0.172332
0.85, 0.172179, 0.16, 0.84, 0.168702
0.85, 0.170096, 0.16, 0.84, 0.1676
0.85, 0.171765, 0.16, 0.84, 0.169706
0.85, 0.178439, 0.17, 0.83, 0.176111
0.85, 0.183841, 0.17, 0.83, 0.184424
0.85, 0.184894, 0.17, 0.83, 0.182659
0.85, 0.18454, 0.17, 0.83, 0.183201
0.85, 0.186336, 0.17, 0.83, 0.18495
0.85, 0.175906, 0.17, 0.83, 0.177916
0.85, 0.184117, 0.17, 0.83, 0.176932
0.85, 0.17927, 0.17, 0.83, 0.17961
0.85, 0.186387, 0.17, 0.83, 0.182909
0.85, 0.183719, 0.17, 0.83, 0.179858
0.85, 0.187606, 0.17, 0.83, 0.183179
0.85, 0.177806, 0.17, 0.83, 0.183535
0.85, 0.189109, 0.17, 0.83, 0.187206
0.85, 0.182903, 0.17, 0.83, 0.181237
0.85, 0.177876, 0.17, 0.83, 0.180369
0.85, 0.185352, 0.17, 0.83, 0.185239
0.85, 0.187347, 0.17, 0.83, 0.179519
0.85, 0.183014, 0.17, 0.83, 0.181644
0.85, 0.186063, 0.17, 0.83, 0.183962
0.85, 0.190701, 0.17, 0.83, 0.185718
0.85, 0.189887, 0.17, 0.83, 0.185443
0.85, 0.176413, 0.17, 0.83, 0.181107
0.85, 0.180978, 0.17, 0.83, 0.180095
0.85, 0.185243, 0.17, 0.83, 0.181708
0.85, 0.175955, 0.17, 0.83, 0.182187
0.85, 0.195993, 0.18, 0.82, 0.197306
0.85, 0.192822, 0.18, 0.82, 0.193009
0.85, 0.197132, 0.18, 0.82, 0.195521
0.85, 0.191441, 0.18, 0.82, 0.192499
0.85, 0.189377, 0.18, 0.82, 0.191374
0.85, 0.195989, 0.18, 0.82, 0.191806
0.85, 0.192899, 0.18, 0.82, 0.190344
0.85, 0.191391, 0.18, 0.82, 0.188239
0.85, 0.198243, 0.18, 0.82, 0.196662
0.85, 0.197333, 0.18, 0.82, 0.191481
0.85, 0.192608, 0.18, 0.82, 0.193756
0.85, 0.195656, 0.18, 0.82, 0.191536
0.85, 0.196967, 0.18, 0.82, 0.193082
0.85, 0.191959, 0.18, 0.82, 0.19073
0.85, 0.198327, 0.18, 0.82, 0.19411
0.85, 0.189726, 0.18, 0.82, 0.190395
0.85, 0.193341, 0.18, 0.82, 0.195184
0.85, 0.188233, 0.18, 0.82, 0.189947
0.85, 0.200027, 0.18, 0.82, 0.201339
0.85, 0.201259, 0.18, 0.82, 0.196215
0.85, 0.191446, 0.18, 0.82, 0.190065
0.85, 0.190093, 0.18, 0.82, 0.191365
0.85, 0.191465, 0.18, 0.82, 0.190437
0.85, 0.20172, 0.18, 0.82, 0.200803
0.85, 0.201395, 0.18, 0.82, 0.199684
0.85, 0.204669, 0.19, 0.81, 0.205764
0.85, 0.214639, 0.19, 0.81, 0.211977
0.85, 0.210814, 0.19, 0.81, 0.208586
0.85, 0.212334, 0.19, 0.81, 0.204908
0.85, 0.205458, 0.19, 0.81, 0.203732
0.85, 0.201609, 0.19, 0.81, 0.198421
0.85, 0.212041, 0.19, 0.81, 0.209515
0.85, 0.205918, 0.19, 0.81, 0.209089
0.85, 0.19566, 0.19, 0.81, 0.197644
0.85, 0.209309, 0.19, 0.81, 0.208154
0.85, 0.213375, 0.19, 0.81, 0.20888
0.85, 0.213424, 0.19, 0.81, 0.20939
0.85, 0.202745, 0.19, 0.81, 0.206882
0.85, 0.214943, 0.19, 0.81, 0.213499
0.85, 0.212425, 0.19, 0.81, 0.205882
0.85, 0.223257, 0.19, 0.81, 0.213458
0.85, 0.201512, 0.19, 0.81, 0.204833
0.85, 0.215202, 0.19, 0.81, 0.21277
0.85, 0.216982, 0.19, 0.81, 0.20903
0.85, 0.210106, 0.19, 0.81, 0.206183
0.85, 0.219681, 0.19, 0.81, 0.215569
0.85, 0.207578, 0.19, 0.81, 0.205701
0.85, 0.205572, 0.19, 0.81, 0.206366
0.85, 0.205618, 0.19, 0.81, 0.203358
0.85, 0.213442, 0.19, 0.81, 0.21213
0.85, 0.221881, 0.2, 0.8, 0.222896
0.85, 0.222648, 0.2, 0.8, 0.224457
0.85, 0.224171, 0.2, 0.8, 0.220641
0.85, 0.220329, 0.2, 0.8, 0.21733
0.85, 0.218234, 0.2, 0.8, 0.216972
0.85, 0.226759, 0.2, 0.8, 0.22583
0.85, 0.227387, 0.2, 0.8, 0.227812
0.85, 0.225376, 0.2, 0.8, 0.221747
0.85, 0.220108, 0.2, 0.8, 0.21827
0.85, 0.229332, 0.2, 0.8, 0.229498
0.85, 0.222599, 0.2, 0.8, 0.220588
0.85, 0.228067, 0.2, 0.8, 0.219282
0.85, 0.227469, 0.2, 0.8, 0.221924
0.85, 0.229915, 0.2, 0.8, 0.225757
0.85, 0.224061, 0.2, 0.8, 0.222834
0.85, 0.217451, 0.2, 0.8, 0.215101
0.85, 0.211116, 0.2, 0.8, 0.21195
0.85, 0.223272, 0.2, 0.8, 0.220895
0.85, 0.221507, 0.2, 0.8, 0.224975
0.85, 0.223442, 0.2, 0.8, 0.224128
0.85, 0.22795, 0.2, 0.8, 0.225012
0.85, 0.214273, 0.2, 0.8, 0.218612
0.85, 0.212134, 0.2, 0.8, 0.216065
0.85, 0.223433, 0.2, 0.8, 0.221298
0.85, 0.230965, 0.2, 0.8, 0.222776
0.85, 0.235746, 0.21, 0.79, 0.235017
0.85, 0.233394, 0.21, 0.79, 0.233297
0.85, 0.247463, 0.21, 0.79, 0.238315
0.85, 0.252975, 0.21, 0.79, 0.246598
0.85, 0.243356, 0.21, 0.79, 0.238001
0.85, 0.235489, 0.21, 0.79, 0.234223
0.85, 0.238102, 0.21, 0.79, 0.237353
0.85, 0.250016, 0.21, 0.79, 0.239369
0.85, 0.232335, 0.21, 0.79, 0.232225
0.85, 0.24151, 0.21, 0.79, 0.241242
0.85, 0.230863, 0.21, 0.79, 0.233718
0.85, 0.240281, 0.21, 0.79, 0.24584
0.85, 0.227521, 0.21, 0.79, 0.228174
0.85, 0.241573, 0.21, 0.79, 0.235664
0.85, 0.222322, 0.21, 0.79, 0.228761
0.85, 0.240726, 0.21, 0.79, 0.235746
0.85, 0.241537, 0.21, 0.79, 0.23475
0.85, 0.241208, 0.21, 0.79, 0.234465
0.85, 0.243299, 0.21, 0.79, 0.238448
0.85, 0.235735, 0.21, 0.79, 0.23816
0.85, 0.227916, 0.21, 0.79, 0.226438
0.85, 0.233686, 0.21, 0.79, 0.235954
0.85, 0.240487, 0.21, 0.79, 0.238621
0.85, 0.241049, 0.21, 0.79, 0.238765
0.85, 0.233892, 0.21, 0.79, 0.230084
0.85, 0.25694, 0.22, 0.78, 0.252046
0.85, 0.250451, 0.22, 0.78, 0.249757
0.85, 0.245047, 0.22, 0.78, 0.243747
0.85, 0.24059, 0.22, 0.78, 0.241184
0.85, 0.241929, 0.22, 0.78, 0.245663
0.85, 0.25601, 0.22, 0.78, 0.258785
0.85, 0.242374, 0.22, 0.78, 0.245433
0.85, 0.252582, 0.22, 0.78, 0.248703
0.85, 0.244643, 0.22, 0.78, 0.25118
0.85, 0.247983, 0.22, 0.78, 0.254418
0.85, 0.25277, 0.22, 0.78, 0.246622
0.85, 0.247603, 0.22, 0.78, 0.248165
0.85, 0.253777, 0.22, 0.78, 0.248753
0.85, 0.244549, 0.22, 0.78, 0.246288
0.85, 0.249324, 0.22, 0.78, 0.250517
0.85, 0.258945, 0.22, 0.78, 0.252294
0.85, 0.254086, 0.22, 0.78, 0.256298
0.85, 0.255634, 0.22, 0.78, 0.25336
0.85, 0.253578, 0.22, 0.78, 0.244754
0.85, 0.247473, 0.22, 0.78, 0.246448
0.85, 0.251183, 0.22, 0.78, 0.251332
0.85, 0.237252, 0.22, 0.78, 0.244407
0.85, 0.248675, 0.22, 0.78, 0.250227
0.85, 0.247965, 0.22, 0.78, 0.247656
0.85, 0.256415, 0.22, 0.78, 0.255752
0.85, 0.263876, 0.23, 0.77, 0.268551
0.85, 0.263605, 0.23, 0.77, 0.263917
0.85, 0.262391, 0.23, 0.77, 0.261372
0.85, 0.271217, 0.23, 0.77, 0.271315
0.85, 0.264951, 0.23, 0.77, 0.258506
0.85, 0.267795, 0.23, 0.77, 0.266543
0.85, 0.261669, 0.23, 0.77, 0.258507
0.85, 0.257658, 0.23, 0.77, 0.260201
0.85, 0.26598, 0.23, 0.77, 0.266147
0.85, 0.27194, 0.23, 0.77, 0.266536
0.85, 0.270043, 0.23, 0.77, 0.258333
0.85, 0.26823, 0.23, 0.77, 0.269489
0.85, 0.267367, 0.23, 0.77, 0.259039
0.85, 0.262158, 0.23, 0.77, 0.257944
0.85, 0.258384, 0.23, 0.77, 0.260105
0.85, 0.263026, 0.23, 0.77, 0.265788
0.85, 0.255259, 0.23, 0.77, 0.255615
0.85, 0.257692, 0.23, 0.77, 0.255134
0.85, 0.266977, 0.23, 0.77, 0.262782
0.85, 0.260424, 0.23, 0.77, 0.258352
0.85, 0.25952, 0.23, 0.77, 0.259083
0.85, 0.269791, 0.23, 0.77, 0.267959
0.85, 0.260182, 0.23, 0.77, 0.259937
0.85, 0.257836, 0.23, 0.77, 0.256614
0.85, 0.266358, 0.23, 0.77, 0.262187
0.85, 0.267406, 0.24, 0.76, 0.271598
0.85, 0.280328, 0.24, 0.76, 0.274954
0.85, 0.279795, 0.24, 0.76, 0.27728
0.85, 0.278404, 0.24, 0.76, 0.282727
0.85, 0.284376, 0.24, 0.76, 0.277716
0.85, 0.285345, 0.24, 0.76, 0.284336
0.85, 0.282032, 0.24, 0.76, 0.27705
0.85, 0.297841, 0.24, 0.76, 0.286902
0.85, 0.283453, 0.24, 0.76, 0.278269
0.85, 0.276556, 0.24, 0.76, 0.275594
0.85, 0.2833, 0.24, 0.76, 0.281041
0.85, 0.276273, 0.24, 0.76, 0.276074
0.85, 0.279352, 0.24, 0.76, 0.275868
0.85, 0.277551, 0.24, 0.76, 0.279142
0.85, 0.290446, 0.24, 0.76, 0.285428
0.85, 0.281972, 0.24, 0.76, 0.277907
0.85, 0.282515, 0.24, 0.76, 0.279379
0.85, 0.273366, 0.24, 0.76, 0.269067
0.85, 0.27857, 0.24, 0.76, 0.276103
0.85, 0.277482, 0.24, 0.76, 0.277757
0.85, 0.276743, 0.24, 0.76, 0.281707
0.85, 0.278403, 0.24, 0.76, 0.275544
0.85, 0.276274, 0.24, 0.76, 0.276007
0.85, 0.295312, 0.24, 0.76, 0.284284
0.85, 0.274689, 0.24, 0.76, 0.271337
0.85, 0.290119, 0.25, 0.75, 0.289467
0.85, 0.298996, 0.25, 0.75, 0.296227
0.85, 0.296572, 0.25, 0.75, 0.294281
0.85, 0.299363, 0.25, 0.75, 0.29894
0.85, 0.303271, 0.25, 0.75, 0.302804
0.85, 0.290956, 0.25, 0.75, 0.29011
0.85, 0.306806, 0.25, 0.75, 0.299356
0.85, 0.311054, 0.25, 0.75, 0.300977
0.85, 0.28985, 0.25, 0.75, 0.290195
0.85, 0.292066, 0.25, 0.75, 0.292645
0.85, 0.29953, 0.25, 0.75, 0.299774
0.85, 0.30583, 0.25, 0.75, 0.295812
0.85, 0.291524, 0.25, 0.75, 0.287423
0.85, 0.297708, 0.25, 0.75, 0.293977
0.85, 0.292155, 0.25, 0.75, 0.290044
0.85, 0.30496, 0.25, 0.75, 0.29879
0.85, 0.300118, 0.25, 0.75, 0.298169
0.85, 0.302292, 0.25, 0.75, 0.295334
0.85, 0.299405, 0.25, 0.75, 0.292386
0.85, 0.29197, 0.25, 0.75, 0.295995
0.85, 0.290916, 0.25, 0.75, 0.291605
0.85, 0.285488, 0.25, 0.75, 0.289568
0.85, 0.301401, 0.25, 0.75, 0.295528
0.85, 0.290176, 0.25, 0.75, 0.288387
0.85, 0.294052, 0.25, 0.75, 0.296306
0.85, 0.300182, 0.26, 0.74, 0.302763
0.85, 0.303756, 0.26, 0.74, 0.300151
0.85, 0.323796, 0.26, 0.74, 0.313295
0.85, 0.315419, 0.26, 0.74, 0.311359
0.85, 0.309293, 0.26, 0.74, 0.304196
0.85, 0.312028, 0.26, 0.74, 0.30962
0.85, 0.302528, 0.26, 0.74, 0.306761
0.85, 0.308355, 0.26, 0.74, 0.312123
0.85, 0.303693, 0.26, 0.74, 0.308343
0.85, 0.303862, 0.26, 0.74, 0.301472
0.85, 0.307097, 0.26, 0.74, 0.306763
0.85, 0.31266, 0.26, 0.74, 0.307211
0.85, 0.305993, 0.26, 0.74, 0.306871
0.85, 0.313375, 0.26, 0.74, 0.306481
0.85, 0.304877, 0.26, 0.74, 0.305779
0.85, 0.311907, 0.26, 0.74, 0.310258
0.85, 0.306695, 0.26, 0.74, 0.300385
0.85, 0.30092, 0.26, 0.74, 0.298853
0.85, 0.317962, 0.26, 0.74, 0.314456
0.85, 0.313468, 0.26, 0.74, 0.311414
0.85, 0.316163, 0.26, 0.74, 0.309251
0.85, 0.312757, 0.26, 0.74, 0.309106
0.85, 0.311375, 0.26, 0.74, 0.308137
0.85, 0.316391, 0.26, 0.74, 0.309264
0.85, 0.308802, 0.26, 0.74, 0.306722
0.85, 0.322392, 0.27, 0.73, 0.316119
0.85, 0.320616, 0.27, 0.73, 0.320015
0.85, 0.329333, 0.27, 0.73, 0.324205
0.85, 0.324839, 0.27, 0.73, 0.325414
0.85, 0.329328, 0.27, 0.73, 0.321698
0.85, 0.343055, 0.27, 0.73, 0.33406
0.85, 0.324127, 0.27, 0.73, 0.321268
0.85, 0.326141, 0.27, 0.73, 0.317875
0.85, 0.322581, 0.27, 0.73, 0.323789
0.85, 0.329732, 0.27, 0.73, 0.329172
0.85, 0.325037, 0.27, 0.73, 0.324333
0.85, 0.314728, 0.27, 0.73, 0.318001
0.85, 0.324245, 0.27, 0.73, 0.321041
0.85, 0.333097, 0.27, 0.73, 0.327984
0.85, 0.324815, 0.27, 0.73, 0.324453
0.85, 0.326366, 0.27, 0.73, 0.328031
0.85, 0.330094, 0.27, 0.73, 0.328924
0.85, 0.330616, 0.27, 0.73, 0.330214
0.85, 0.326686, 0.27, 0.73, 0.318526
0.85, 0.319755, 0.27, 0.73, 0.315895
0.85, 0.326125, 0.27, 0.73, 0.324733
0.85, 0.322616, 0.27, 0.73, 0.318688
0.85, 0.325943, 0.27, 0.73, 0.319453
0.85, 0.334305, 0.27, 0.73, 0.328294
0.85, 0.324235, 0.27, 0.73, 0.319437
0.85, 0.345187, 0.28, 0.72, 0.343361
0.85, 0.353643, 0.28, 0.72, 0.350794
0.85, 0.335594, 0.28, 0.72, 0.335151
0.85, 0.337952, 0.28, 0.72, 0.338964
0.85, 0.333011, 0.28, 0.72, 0.335597
0.85, 0.351066, 0.28, 0.72, 0.351004
0.85, 0.33707, 0.28, 0.72, 0.337205
0.85, 0.336684, 0.28, 0.72, 0.335053
0.85, 0.341684, 0.28, 0.72, 0.339256
0.85, 0.348728, 0.28, 0.72, 0.344077
0.85, 0.33751, 0.28, 0.72, 0.336038
0.85, 0.345229, 0.28, 0.72, 0.337647
0.85, 0.341903, 0.28, 0.72, 0.336085
0.85, 0.34682, 0.28, 0.72, 0.338544
0.85, 0.338925, 0.28, 0.72, 0.333397
0.85, 0.355298, 0.28, 0.72, 0.345068
0.85, 0.347839, 0.28, 0.72, 0.345352
0.85, 0.340263, 0.28, 0.72, 0.337606
0.85, 0.349663, 0.28, 0.72, 0.343923
0.85, 0.340239, 0.28, 0.72, 0.339903
0.85, 0.335841, 0.28, 0.72, 0.330126
0.85, 0.344652, 0.28, 0.72, 0.343999
0.85, 0.348313, 0.28, 0.72, 0.339691
0.85, 0.342714, 0.28, 0.72, 0.33936
0.85, 0.334607, 0.28, 0.72, 0.331876
0.85, 0.361407, 0.29, 0.71, 0.357604
0.85, 0.352075, 0.29, 0.71, 0.34935
0.85, 0.359923, 0.29, 0.71, 0.356353
0.85, 0.349777, 0.29, 0.71, 0.346983
0.85, 0.350803, 0.29, 0.71, 0.355015
0.85, 0.354171, 0.29, 0.71, 0.354546
0.85, 0.364258, 0.29, 0.71, 0.363432
0.85, 0.367164, 0.29, 0.71, 0.360067
0.85, 0.355434, 0.29, 0.71, 0.355603
0.85, 0.355582, 0.29, 0.71, 0.349207
0.85, 0.371382, 0.29, 0.71, 0.362443
0.85, 0.371941, 0.29, 0.71, 0.36235
0.85, 0.35847, 0.29, 0.71, 0.351646
0.85, 0.359987, 0.29, 0.71, 0.356436
0.85, 0.349133, 0.29, 0.71, 0.350853
0.85, 0.361737, 0.29, 0.71, 0.36195
0.85, 0.348193, 0.29, 0.71, 0.348639
0.85, 0.356154, 0.29, 0.71, 0.358003
0.85, 0.356665, 0.29, 0.71, 0.353622
0.85, 0.351288, 0.29, 0.71, 0.354791
0.85, 0.367601, 0.29, 0.71, 0.362519
0.85, 0.360857, 0.29, 0.71, 0.359961
0.85, 0.355418, 0.29, 0.71, 0.358041
0.85, 0.364108, 0.29, 0.71, 0.360196
0.85, 0.358375, 0.29, 0.71, 0.35591
0.85, 0.379531, 0.3, 0.7, 0.372394
0.85, 0.37988, 0.3, 0.7, 0.37723
0.85, 0.382777, 0.3, 0.7, 0.376724
0.85, 0.396883, 0.3, 0.7, 0.388067
0.85, 0.380746, 0.3, 0.7, 0.370817
0.85, 0.371903, 0.3, 0.7, 0.368428
0.85, 0.36929, 0.3, 0.7, 0.370649
0.85, 0.371536, 0.3, 0.7, 0.369283
0.85, 0.390488, 0.3, 0.7, 0.378091
0.85, 0.353364, 0.3, 0.7, 0.357253
0.85, 0.383867, 0.3, 0.7, 0.376223
0.85, 0.377848, 0.3, 0.7, 0.372626
0.85, 0.370754, 0.3, 0.7, 0.367068
0.85, 0.377503, 0.3, 0.7, 0.377661
0.85, 0.383691, 0.3, 0.7, 0.37804
0.85, 0.375085, 0.3, 0.7, 0.375197
0.85, 0.376907, 0.3, 0.7, 0.372096
0.85, 0.376178, 0.3, 0.7, 0.373004
0.85, 0.376912, 0.3, 0.7, 0.371635
0.85, 0.380686, 0.3, 0.7, 0.373912
0.85, 0.366797, 0.3, 0.7, 0.366291
0.85, 0.379768, 0.3, 0.7, 0.373738
0.85, 0.377517, 0.3, 0.7, 0.373052
0.85, 0.377103, 0.3, 0.7, 0.375692
0.85, 0.380646, 0.3, 0.7, 0.377715
0.9, 0.160214, 0.15, 0.85, 0.156384
0.9, 0.167659, 0.15, 0.85, 0.164326
0.9, 0.157361, 0.15, 0.85, 0.159972
0.9, 0.158821, 0.15, 0.85, 0.159566
0.9, 0.161123, 0.15, 0.85, 0.16169
0.9, 0.155011, 0.15, 0.85, 0.158083
0.9, 0.162949, 0.15, 0.85, 0.161387
0.9, 0.165216, 0.15, 0.85, 0.164531
0.9, 0.161649, 0.15, 0.85, 0.16181
0.9, 0.166657, 0.15, 0.85, 0.161184
0.9, 0.158993, 0.15, 0.85, 0.160984
0.9, 0.168222, 0.15, 0.85, 0.163285
0.9, 0.164933, 0.15, 0.85, 0.163857
0.9, 0.159969, 0.15, 0.85, 0.164624
0.9, 0.16027, 0.15, 0.85, 0.158387
0.9, 0.158657, 0.15, 0.85, 0.16371
0.9, 0.16861, 0.15, 0.85, 0.163769
0.9, 0.163121, 0.15, 0.85, 0.164246
0.9, 0.153522, 0.15, 0.85, 0.160045
0.9, 0.16423, 0.15, 0.85, 0.161333
0.9, 0.157799, 0.15, 0.85, 0.15791
0.9, 0.16504, 0.15, 0.85, 0.162698
0.9, 0.161729, 0.15, 0.85, 0.162661
0.9, 0.163727, 0.15, 0.85, 0.162929
0.9, 0.164338, 0.15, 0.85, 0.16147
0.9, 0.169157, 0.16, 0.84, 0.172022
0.9, 0.172097, 0.16, 0.84, 0.172394
0.9, 0.164715, 0.16, 0.84, 0.168479
0.9, 0.175704, 0.16, 0.84, 0.17372
0.9, 0.168426, 0.16, 0.84, 0.173971
0.9, 0.174442, 0.16, 0.84, 0.176049
0.9, 0.176081, 0.16, 0.84, 0.174184
0.9, 0.175819, 0.16, 0.84, 0.173051
0.9, 0.1723, 0.16, 0.84, 0.174501
0.9, 0.175073, 0.16, 0.84, 0.17405
0.9, 0.15905, 0.16, 0.84, 0.164291
0.9, 0.175077, 0.16, 0.84, 0.175331
0.9, 0.179474, 0.16, 0.84, 0.180543
0.9, 0.172077, 0.16, 0.84, 0.173531
0.9, 0.174988, 0.16, 0.84, 0.172446
0.9, 0.176634, 0.16, 0.84, 0.173295
0.9, 0.17774, 0.16, 0.84, 0.175209
0.9, 0.169784, 0.16, 0.84, 0.170695
0.9, 0.177421, 0.16, 0.84, 0.17848
0.9, 0.183546, 0.16, 0.84, 0.176944
0.9, 0.175017, 0.16, 0.84, 0.17616
0.9, 0.176231, 0.16, 0.84, 0.17867
0.9, 0.176176, 0.16, 0.84, 0.175617
0.9, 0.177295, 0.16, 0.84, 0.176345
0.9, 0.175607, 0.16, 0.84, 0.172229
0.9, 0.191239, 0.17, 0.83, 0.189224
0.9, 0.190172, 0.17, 0.83, 0.187782
0.9, 0.186838, 0.17, 0.83, 0.187337
0.9, 0.183741, 0.17, 0.83, 0.187027
0.9, 0.19517, 0.17, 0.83, 0.191503
0.9, 0.191277, 0.17, 0.83, 0.190385
0.9, 0.193132, 0.17, 0.83, 0.193397
0.9, 0.188884, 0.17, 0.83, 0.190725
0.9, 0.188708, 0.17, 0.83, 0.187639
0.9, 0.187467, 0.17, 0.83, 0.186131
0.9, 0.196018, 0.17, 0.83, 0.194909
0.9, 0.188182, 0.17, 0.83, 0.187037
0.9, 0.185152, 0.17, 0.83, 0.187616
0.9, 0.190902, 0.17, 0.83, 0.18691
0.9, 0.19325, 0.17, 0.83, 0.191184
0.9, 0.186666, 0.17, 0.83, 0.188544
0.9, 0.190272, 0.17, 0.83, 0.18754
0.9, 0.191418, 0.17, 0.83, 0.190047
0.9, 0.186931, 0.17, 0.83, 0.184291
0.9, 0.181621, 0.17, 0.83, 0.179633
0.9, 0.185517, 0.17, 0.83, 0.184046
0.9, 0.184171, 0.17, 0.83, 0.185431
0.9, 0.187472, 0.17, 0.83, 0.184622
0.9, 0.18772, 0.17, 0.83, 0.19129
0.9, 0.188048, 0.17, 0.83, 0.187897
0.9, 0.1965, 0.18, 0.82, 0.203325
0.9, 0.205153, 0.18, 0.82, 0.201016
0.9, 0.199451, 0.18, 0.82, 0.196089
0.9, 0.204749, 0.18, 0.82, 0.202073
0.9, 0.200452, 0.18, 0.82, 0.198429
0.9, 0.196549, 0.18, 0.82, 0.195833
0.9, 0.205296, 0.18, 0.82, 0.200834
0.9, 0.19801, 0.18, 0.82, 0.20036
0.9, 0.201429, 0.18, 0.82, 0.202598
0.9, 0.194769, 0.18, 0.82, 0.194872
0.9, 0.197892, 0.18, 0.82, 0.197187
0.9, 0.20257, 0.18, 0.82, 0.201413
0.9, 0.198457, 0.18, 0.82, 0.196615
0.9, 0.2001, 0.18, 0.82, 0.201804
0.9, 0.198081, 0.18, 0.82, 0.195956
0.9, 0.205493, 0.18, 0.82, 0.201017
0.9, 0.205055, 0.18, 0.82, 0.203362
0.9, 0.198125, 0.18, 0.82, 0.196348
0.9, 0.200441, 0.18, 0.82, 0.199691
0.9, 0.204235, 0.18, 0.82, 0.199364
0.9, 0.204841, 0.18, 0.82, 0.199777
0.9, 0.200956, 0.18, 0.82, 0.201669
0.9, 0.205386, 0.18, 0.82, 0.200524
0.9, 0.202475, 0.18, 0.82, 0.201468
0.9, 0.205733, 0.18, 0.82, 0.204934
0.9, 0.212965, 0.19, 0.81, 0.21324
0.9, 0.210223, 0.19, 0.81, 0.209258
0.9, 0.209089, 0.19, 0.81, 0.207849
0.9, 0.211121, 0.19, 0.81, 0.213576
0.9, 0.204411, 0.19, 0.81, 0.205752
0.9, 0.221167, 0.19, 0.81, 0.221224
0.9, 0.20408, 0.19, 0.81, 0.202561
0.9, 0.218932, 0.19, 0.81, 0.211639
0.9, 0.215456, 0.19, 0.81, 0.210045
0.9, 0.210027, 0.19, 0.81, 0.211307
0.9, 0.210407, 0.19, 0.81, 0.210464
0.9, 0.21347, 0.19, 0.81, 0.212837
0.9, 0.213604, 0.19, 0.81, 0.21869
0.9, 0.211725, 0.19, 0.81, 0.214446
0.9, 0.208243, 0.19, 0.81, 0.206497
0.9, 0.211039, 0.19, 0.81, 0.211994
0.9, 0.205519, 0.19, 0.81, 0.212431
0.9, 0.217445, 0.19, 0.81, 0.21554
0.9, 0.216584, 0.19, 0.81, 0.216333
0.9, 0.212261, 0.19, 0.81, 0.216148
0.9, 0.217892, 0.19, 0.81, 0.218493
0.9, 0.212697, 0.19, 0.81, 0.213057
0.9, 0.216021, 0.19, 0.81, 0.210038
0.9, 0.216584, 0.19, 0.81, 0.214205
0.9, 0.211351, 0.19, 0.81, 0.210443
0.9, 0.219641, 0.2, 0.8, 0.220393
0.9, 0.228395, 0.2, 0.8, 0.227117
0.9, 0.225685, 0.2, 0.8, 0.223211
0.9, 0.219404, 0.2, 0.8, 0.221647
0.9, 0.225144, 0.2, 0.8, 0.225452
0.9, 0.233905, 0.2, 0.8, 0.234911
0.9, 0.211044, 0.2, 0.8, 0.217988
0.9, 0.223155, 0.2, 0.8, 0.225299
0.9, 0.234547, 0.2, 0.8, 0.224988
0.9, 0.236325, 0.2, 0.8, 0.23003
0.9, 0.225623, 0.2, 0.8, 0.227395
0.9, 0.226035, 0.2, 0.8, 0.226571
0.9, 0.225904, 0.2, 0.8, 0.226826
0.9, 0.226909, 0.2, 0.8, 0.225168
0.9, 0.232631, 0.2, 0.8, 0.233461
0.9, 0.22929, 0.2, 0.8, 0.229626
0.9, 0.221717, 0.2, 0.8, 0.225522
0.9, 0.225175, 0.2, 0.8, 0.225501
0.9, 0.223272, 0.2, 0.8, 0.22172
0.9, 0.228441, 0.2, 0.8, 0.228372
0.9, 0.231663, 0.2, 0.8, 0.228746
0.9, 0.222822, 0.2, 0.8, 0.223779
0.9, 0.225579, 0.2, 0.8, 0.227919
0.9, 0.229039, 0.2, 0.8, 0.231521
0.9, 0.227123, 0.2, 0.8, 0.225123
0.9, 0.246208, 0.21, 0.79, 0.241441
0.9, 0.237994, 0.21, 0.79, 0.2403
0.9, 0.234552, 0.21, 0.79, 0.232801
0.9, 0.240776, 0.21, 0.79, 0.247429
0.9, 0.245794, 0.21, 0.79, 0.244846
0.9, 0.245631, 0.21, 0.79, 0.245662
0.9, 0.234852, 0.21, 0.79, 0.236048
0.9, 0.248049, 0.21, 0.79, 0.246151
0.9, 0.240017, 0.21, 0.79, 0.24376
0.9, 0.248471, 0.21, 0.79, 0.245124
0.9, 0.240003, 0.21, 0.79, 0.235213
0.9, 0.239797, 0.21, 0.79, 0.237107
0.9, 0.239116, 0.21, 0.79, 0.238356
0.9, 0.252894, 0.21, 0.79, 0.2493
0.9, 0.241234, 0.21, 0.79, 0.246325
0.9, 0.237293, 0.21, 0.79, 0.236511
0.9, 0.23384, 0.21, 0.79, 0.239468
0.9, 0.241885, 0.21, 0.79, 0.243738
0.9, 0.252543, 0.21, 0.79, 0.247218
0.9, 0.236506, 0.21, 0.79, 0.239298
0.9, 0.24237, 0.21, 0.79, 0.240098
0.9, 0.242535, 0.21, 0.79, 0.241768
0.9, 0.240413, 0.21, 0.79, 0.241831
0.9, 0.232672, 0.21, 0.79, 0.23593
0.9, 0.241575, 0.21, 0.79, 0.238807
0.9, 0.255102, 0.22, 0.78, 0.254803
0.9, 0.25577, 0.22, 0.78, 0.25345
0.9, 0.250159, 0.22, 0.78, 0.251575
0.9, 0.250195, 0.22, 0.78, 0.250705
0.9, 0.251938, 0.22, 0.78, 0.25003
0.9, 0.2511, 0.22, 0.78, 0.250985
0.9, 0.252704, 0.22, 0.78, 0.250379
0.9, 0.257108, 0.22, 0.78, 0.254421
0.9, 0.258188, 0.22, 0.78, 0.253364
0.9, 0.249607, 0.22, 0.78, 0.250423
0.9, 0.256268, 0.22, 0.78, 0.257558
0.9, 0.260217, 0.22, 0.78, 0.259356
0.9, 0.253411, 0.22, 0.78, 0.258014
0.9, 0.256019, 0.22, 0.78, 0.257746
0.9, 0.253429, 0.22, 0.78, 0.254106
0.9, 0.253481, 0.22, 0.78, 0.252803
0.9, 0.255572, 0.22, 0.78, 0.259387
0.9, 0.260193, 0.22, 0.78, 0.263336
0.9, 0.24071, 0.22, 0.78, 0.24866
0.9, 0.255432, 0.22, 0.78, 0.25297
0.9, 0.254936, 0.22, 0.78, 0.251339
0.9, 0.261394, 0.22, 0.78, 0.259275
0.9, 0.254747, 0.22, 0.78, 0.255449
0.9, 0.257234, 0.22, 0.78, 0.253881
0.9, 0.253913, 0.22, 0.78, 0.250394
0.9, 0.272752, 0.23, 0.77, 0.269757
0.9, 0.266368, 0.23, 0.77, 0.26955
0.9, 0.267815, 0.23, 0.77, 0.271602
0.9, 0.276449, 0.23, 0.77, 0.273344
0.9, 0.27079, 0.23, 0.77, 0.273921
0.9, 0.274521, 0.23, 0.77, 0.27479
0.9, 0.279111, 0.23, 0.77, 0.27763
0.9, 0.274096, 0.23, 0.77, 0.275318
0.9, 0.274885, 0.23, 0.77, 0.275528
0.9, 0.274341, 0.23, 0.77, 0.265466
0.9, 0.263789, 0.23, 0.77, 0.265836
0.9, 0.267187, 0.23, 0.77, 0.269233
0.9, 0.257638, 0.23, 0.77, 0.262387
0.9, 0.276583, 0.23, 0.77, 0.273681
0.9, 0.267117, 0.23, 0.77, 0.26925
0.9, 0.270166, 0.23, 0.77, 0.269292
0.9, 0.260823, 0.23, 0.77, 0.261608
0.9, 0.270578, 0.23, 0.77, 0.268634
0.9, 0.274111, 0.23, 0.77, 0.269803
0.9, 0.269564, 0.23, 0.77, 0.272483
0.9, 0.266206, 0.23, 0.77, 0.267253
0.9, 0.2759, 0.23, 0.77, 0.272
0.9, 0.272269, 0.23, 0.77, 0.263327
0.9, 0.276257, 0.23, 0.77, 0.274963
0.9, 0.265748, 0.23, 0.77, 0.265114
0.9, 0.285323, 0.24, 0.76, 0.282399
0.9, 0.279979, 0.24, 0.76, 0.278625
0.9, 0.28092, 0.24, 0.76, 0.276333
0.9, 0.285537, 0.24, 0.76, 0.280831
0.9, 0.2812, 0.24, 0.76, 0.28188
0.9, 0.274125, 0.24, 0.76, 0.275076
0.9, 0.282262, 0.24, 0.76, 0.281726
0.9, 0.286487, 0.24, 0.76, 0.282768
0.9, 0.282449, 0.24, 0.76, 0.280454
0.9, 0.279525, 0.24, 0.76, 0.28004
0.9, 0.275331, 0.24, 0.76, 0.2766
0.9, 0.291681, 0.24, 0.76, 0.286121
0.9, 0.298406, 0.24, 0.76, 0.293258
0.9, 0.281159, 0.24, 0.76, 0.280173
0.9, 0.283443, 0.24, 0.76, 0.280355
0.9, 0.282785, 0.24, 0.76, 0.284798
0.9, 0.274252, 0.24, 0.76, 0.280113
0.9, 0.284731, 0.24, 0.76, 0.282811
0.9, 0.283871, 0.24, 0.76, 0.281624
0.9, 0.288902, 0.24, 0.76, 0.281804
0.9, 0.282362, 0.24, 0.76, 0.282767
0.9, 0.289498, 0.24, 0.76, 0.290233
0.9, 0.271043, 0.24, 0.76, 0.276889
0.9, 0.289237, 0.24, 0.76, 0.286255
0.9, 0.284992, 0.24, 0.76, 0.284497
0.9, 0.311016, 0.25, 0.75, 0.311492
0.9, 0.293529, 0.25, 0.75, 0.29691
0.9, 0.302472, 0.25, 0.75, 0.299605
0.9, 0.295877, 0.25, 0.75, 0.298048
0.9, 0.290465, 0.25, 0.75, 0.293075
0.9, 0.293223, 0.25, 0.75, 0.293426
0.9, 0.299696, 0.25, 0.75, 0.297463
0.9, 0.296546, 0.25, 0.75, 0.298002
0.9, 0.298854, 0.25, 0.75, 0.300352
0.9, 0.299494, 0.25, 0.75, 0.298363
0.9, 0.305817, 0.25, 0.75, 0.299058
0.9, 0.298149, 0.25, 0.75, 0.303079
0.9, 0.30311, 0.25, 0.75, 0.300929
0.9, 0.296856, 0.25, 0.75, 0.302346
0.9, 0.299202, 0.25, 0.75, 0.296363
0.9, 0.306756, 0.25, 0.75, 0.30255
0.9, 0.288028, 0.25, 0.75, 0.287667
0.9, 0.305999, 0.25, 0.75, 0.304953
0.9, 0.298692, 0.25, 0.75, 0.292842
0.9, 0.302208, 0.25, 0.75, 0.297963
0.9, 0.303644, 0.25, 0.75, 0.304601
0.9, 0.304737, 0.25, 0.75, 0.300421
0.9, 0.304675, 0.25, 0.75, 0.305114
0.9, 0.307281, 0.25, 0.75, 0.300747
0.9, 0.304105, 0.25, 0.75, 0.300972
0.9, 0.318062, 0.26, 0.74, 0.312602
0.9, 0.323634, 0.26, 0.74, 0.317492
0.9, 0.313363, 0.26, 0.74, 0.307702
0.9, 0.319073, 0.26, 0.74, 0.316834
0.9, 0.320865, 0.26, 0.74, 0.326959
0.9, 0.327995, 0.26, 0.74, 0.32873
0.9, 0.324661, 0.26, 0.74, 0.323761
0.9, 0.315509, 0.26, 0.74, 0.312539
0.9, 0.315952, 0.26, 0.74, 0.313346
0.9, 0.316512, 0.26, 0.74, 0.310778
0.9, 0.316153, 0.26, 0.74, 0.316456
0.9, 0.305587, 0.26, 0.74, 0.308817
0.9, 0.31432, 0.26, 0.74, 0.316701
0.9, 0.327292, 0.26, 0.74, 0.320146
0.9, 0.309896, 0.26, 0.74, 0.310039
0.9, 0.311934, 0.26, 0.74, 0.307032
0.9, 0.328847, 0.26, 0.74, 0.318179
0.9, 0.312905, 0.26, 0.74, 0.318268
0.9, 0.326399, 0.26, 0.74, 0.319771
0.9, 0.320056, 0.26, 0.74, 0.318847
0.9, 0.321266, 0.26, 0.74, 0.322751
0.9, 0.309039, 0.26, 0.74, 0.308568
0.9, 0.30768, 0.26, 0.74, 0.312841
0.9, 0.312088, 0.26, 0.74, 0.307126
0.9, 0.318333, 0.26, 0.74, 0.312949
0.9, 0.324324, 0.27, 0.73, 0.323113
0.9, 0.326516, 0.27, 0.73, 0.31984
0.9, 0.3307, 0.27, 0.73, 0.333883
0.9, 0.337438, 0.27, 0.73, 0.332101
0.9, 0.332765, 0.27, 0.73, 0.332489
0.9, 0.33406, 0.27, 0.73, 0.333717
0.9, 0.339743, 0.27, 0.73, 0.335683
0.9, 0.320446, 0.27, 0.73, 0.325252
0.9, 0.333871, 0.27, 0.73, 0.335375
0.9, 0.335213, 0.27, 0.73, 0.33697
0.9, 0.333017, 0.27, 0.73, 0.331755
0.9, 0.328397, 0.27, 0.73, 0.333164
0.9, 0.337794, 0.27, 0.73, 0.330495
0.9, 0.335957, 0.27, 0.73, 0.331425
0.9, 0.334045, 0.27, 0.73, 0.335635
0.9, 0.335744, 0.27, 0.73, 0.333545
0.9, 0.32922, 0.27, 0.73, 0.328349
0.9, 0.326985, 0.27, 0.73, 0.331263
0.9, 0.324738, 0.27, 0.73, 0.322969
0.9, 0.321043, 0.27, 0.73, 0.322164
0.9, 0.332814, 0.27, 0.73, 0.32583
0.9, 0.334046, 0.27, 0.73, 0.331434
0.9, 0.333213, 0.27, 0.73, 0.334385
0.9, 0.355699, 0.27, 0.73, 0.344502
0.9, 0.326599, 0.27, 0.73, 0.330026
0.9, 0.339156, 0.28, 0.72, 0.341674
0.9, 0.352429, 0.28, 0.72, 0.34572
0.9, 0.353926, 0.28, 0.72, 0.348672
0.9, 0.337797, 0.28, 0.72, 0.33467
0.9, 0.349828, 0.28, 0.72, 0.345315
0.9, 0.341561, 0.28, 0.72, 0.343549
0.9, 0.343733, 0.28, 0.72, 0.345509
0.9, 0.34573, 0.28, 0.72, 0.349633
0.9, 0.337954, 0.28, 0.72, 0.339462
0.9, 0.350255, 0.28, 0.72, 0.348825
0.9, 0.347439, 0.28, 0.72, 0.345133
0.9, 0.345729, 0.28, 0.72, 0.342255
0.9, 0.347759, 0.28, 0.72, 0.343523
0.9, 0.352543, 0.28, 0.72, 0.347215
0.9, 0.352642, 0.28, 0.72, 0.342184
0.9, 0.348071, 0.28, 0.72, 0.34483
0.9, 0.352141, 0.28, 0.72, 0.35126
0.9, 0.348616, 0.28, 0.72, 0.346991
0.9, 0.351052, 0.28, 0.72, 0.349844
0.9, 0.339911, 0.28, 0.72, 0.34252
0.9, 0.359814, 0.28, 0.72, 0.355509
0.9, 0.354226, 0.28, 0.72, 0.347393
0.9, 0.34416, 0.28, 0.72, 0.34789
0.9, 0.34707, 0.28, 0.72, 0.343098
0.9, 0.357766, 0.28, 0.72, 0.354471
0.9, 0.365311, 0.29, 0.71, 0.361824
0.9, 0.368523, 0.29, 0.71, 0.36569
0.9, 0.365587, 0.29, 0.71, 0.361681
0.9, 0.36506, 0.29, 0.71, 0.363309
0.9, 0.364593, 0.29, 0.71, 0.361946
0.9, 0.352348, 0.29, 0.71, 0.352562
0.9, 0.359731, 0.29, 0.71, 0.357598
0.9, 0.364536, 0.29, 0.71, 0.361424
0.9, 0.364935, 0.29, 0.71, 0.360444
0.9, 0.36633, 0.29, 0.71, 0.36098
0.9, 0.368223, 0.29, 0.71, 0.366975
0.9, 0.35615, 0.29, 0.71, 0.35959
0.9, 0.367623, 0.29, 0.71, 0.364258
0.9, 0.36889, 0.29, 0.71, 0.36392
0.9, 0.370889, 0.29, 0.71, 0.37003
0.9, 0.369038, 0.29, 0.71, 0.373172
0.9, 0.375088, 0.29, 0.71, 0.365493
0.9, 0.366046, 0.29, 0.71, 0.358358
0.9, 0.364536, 0.29, 0.71, 0.364202
0.9, 0.375291, 0.29, 0.71, 0.366477
0.9, 0.368165, 0.29, 0.71, 0.365699
0.9, 0.366129, 0.29, 0.71, 0.363219
0.9, 0.366298, 0.29, 0.71, 0.363099
0.9, 0.363894, 0.29, 0.71, 0.363447
0.9, 0.354268, 0.29, 0.71, 0.357871
0.9, 0.371749, 0.3, 0.7, 0.371591
0.9, 0.399961, 0.3, 0.7, 0.395909
0.9, 0.381001, 0.3, 0.7, 0.383108
0.9, 0.384227, 0.3, 0.7, 0.380968
0.9, 0.382742, 0.3, 0.7, 0.37931
0.9, 0.384839, 0.3, 0.7, 0.382422
0.9, 0.383771, 0.3, 0.7, 0.376319
0.9, 0.372957, 0.3, 0.7, 0.37299
0.9, 0.388383, 0.3, 0.7, 0.386003
0.9, 0.363746, 0.3, 0.7, 0.370663
0.9, 0.390961, 0.3, 0.7, 0.387398
0.9, 0.393485, 0.3, 0.7, 0.389611
0.9, 0.386251, 0.3, 0.7, 0.378191
0.9, 0.384588, 0.3, 0.7, 0.382014
0.9, 0.386263, 0.3, 0.7, 0.38352
0.9, 0.387751, 0.3, 0.7, 0.384747
0.9, 0.393999, 0.3, 0.7, 0.389732
0.9, 0.377151, 0.3, 0.7, 0.378907
0.9, 0.366122, 0.3, 0.7, 0.367601
0.9, 0.380554, 0.3, 0.7, 0.379167
0.9, 0.376248, 0.3, 0.7, 0.372761
0.9, 0.37924, 0.3, 0.7, 0.380149
0.9, 0.37052, 0.3, 0.7, 0.374739
0.9, 0.389566, 0.3, 0.7, 0.384186
0.9, 0.389494, 0.3, 0.7, 0.385113
0.95, 0.16726, 0.15, 0.85, 0.164883
0.95, 0.167044, 0.15, 0.85, 0.166955
0.95, 0.167463, 0.15, 0.85, 0.169142
0.95, 0.167161, 0.15, 0.85, 0.16319
0.95, 0.165717, 0.15, 0.85, 0.167703
0.95, 0.166828, 0.15, 0.85, 0.162916
0.95, 0.16962, 0.15, 0.85, 0.169055
0.95, 0.168883, 0.15, 0.85, 0.166495
0.95, 0.17098, 0.15, 0.85, 0.167433
0.95, 0.164214, 0.15, 0.85, 0.166308
0.95, 0.169087, 0.15, 0.85, 0.168292
0.95, 0.165701, 0.15, 0.85, 0.16802
0.95, 0.176038, 0.15, 0.85, 0.171065
0.95, 0.164987, 0.15, 0.85, 0.164107
0.95, 0.162416, 0.15, 0.85, 0.161784
0.95, 0.177763, 0.15, 0.85, 0.172465
0.95, 0.166533, 0.15, 0.85, 0.169705
0.95, 0.163013, 0.15, 0.85, 0.166054
0.95, 0.157697, 0.15, 0.85, 0.164058
0.95, 0.167654, 0.15, 0.85, 0.166253
0.95, 0.167446, 0.15, 0.85, 0.165945
0.95, 0.165897, 0.15, 0.85, 0.168892
0.95, 0.164026, 0.15, 0.85, 0.165887
0.95, 0.171688, 0.15, 0.85, 0.171077
0.95, 0.172884, 0.15, 0.85, 0.174555
0.95, 0.174317, 0.16, 0.84, 0.177297
0.95, 0.176609, 0.16, 0.84, 0.174574
0.95, 0.179883, 0.16, 0.84, 0.178953
0.95, 0.183826, 0.16, 0.84, 0.18321
0.95, 0.17724, 0.16, 0.84, 0.176997
0.95, 0.175316, 0.16, 0.84, 0.17771
0.95, 0.181299, 0.16, 0.84, 0.184157
0.95, 0.174193, 0.16, 0.84, 0.177635
0.95, 0.182115, 0.16, 0.84, 0.18053
0.95, 0.177703, 0.16, 0.84, 0.177069
0.95, 0.178848, 0.16, 0.84, 0.17823
0.95, 0.178036, 0.16, 0.84, 0.179934
0.95, 0.173855, 0.16, 0.84, 0.17679
0.95, 0.178006, 0.16, 0.84, 0.181333
0.95, 0.190237, 0.16, 0.84, 0.187165
0.95, 0.180661, 0.16, 0.84, 0.180441
0.95, 0.187345, 0.16, 0.84, 0.184535
0.95, 0.17697, 0.16, 0.84, 0.179095
0.95, 0.177748, 0.16, 0.84, 0.177562
0.95, 0.178268, 0.16, 0.84, 0.179826
0.95, 0.179033, 0.16, 0.84, 0.177825
0.95, 0.18351, 0.16, 0.84, 0.180291
0.95, 0.165852, 0.16, 0.84, 0.175133
0.95, 0.180937, 0.16, 0.84, 0.18136
0.95, 0.181999, 0.16, 0.84, 0.181293
0.95, 0.193406, 0.17, 0.83, 0.192984
0.95, 0.186656, 0.17, 0.83, 0.190957
0.95, 0.192319, 0.17, 0.83, 0.191635
0.95, 0.191322, 0.17, 0.83, 0.19052
0.95, 0.193777, 0.17, 0.83, 0.191025
0.95, 0.184018, 0.17, 0.83, 0.188163
0.95, 0.191956, 0.17, 0.83, 0.191734
0.95, 0.19162, 0.17, 0.83, 0.196322
0.95, 0.193426, 0.17, 0.83, 0.194415
0.95, 0.190326, 0.17, 0.83, 0.193204
0.95, 0.191599, 0.17, 0.83, 0.189178
0.95, 0.193807, 0.17, 0.83, 0.193024
0.95, 0.186832, 0.17, 0.83, 0.187577
0.95, 0.189742, 0.17, 0.83, 0.189258
0.95, 0.187269, 0.17, 0.83, 0.190283
0.95, 0.193945, 0.17, 0.83, 0.191168
0.95, 0.194024, 0.17, 0.83, 0.189755
0.95, 0.189436, 0.17, 0.83, 0.190446
0.95, 0.198785, 0.17, 0.83, 0.19488
0.95, 0.186808, 0.17, 0.83, 0.19073
0.95, 0.191028, 0.17, 0.83, 0.191856
0.95, 0.190234, 0.17, 0.83, 0.194184
0.95, 0.190256, 0.17, 0.83, 0.192571
0.95, 0.190401, 0.17, 0.83, 0.19103
0.95, 0.194518, 0.17, 0.83, 0.192846
0.95, 0.201407, 0.18, 0.82, 0.200094
0.95, 0.202951, 0.18, 0.82, 0.20528
0.95, 0.206378, 0.18, 0.82, 0.207826
0.95, 0.215518, 0.18, 0.82, 0.212435
0.95, 0.194164, 0.18, 0.82, 0.200486
0.95, 0.204463, 0.18, 0.82, 0.20312
0.95, 0.205693, 0.18, 0.82, 0.208696
0.95, 0.206231, 0.18, 0.82, 0.204732
0.95, 0.21136, 0.18, 0.82, 0.209201
0.95, 0.204037, 0.18, 0.82, 0.205874
0.95, 0.201478, 0.18, 0.82, 0.206126
0.95, 0.209332, 0.18, 0.82, 0.20899
0.95, 0.20784, 0.18, 0.82, 0.20895
0.95, 0.20604, 0.18, 0.82, 0.208581
0.95, 0.199429, 0.18, 0.82, 0.205679
0.95, 0.193659, 0.18, 0.82, 0.201586
0.95, 0.205931, 0.18, 0.82, 0.207782
0.95, 0.204389, 0.18, 0.82, 0.211384
0.95, 0.196843, 0.18, 0.82, 0.195858
0.95, 0.203214, 0.18, 0.82, 0.206102
0.95, 0.207032, 0.18, 0.82, 0.208086
0.95, 0.212896, 0.18, 0.82, 0.210979
0.95, 0.197256, 0.18, 0.82, 0.202418
0.95, 0.213342, 0.18, 0.82, 0.209787
0.95, 0.202941, 0.18, 0.82, 0.20555
0.95, 0.219803, 0.19, 0.81, 0.218884
0.95, 0.214839, 0.19, 0.81, 0.21364
0.95, 0.211236, 0.19, 0.81, 0.216302
0.95, 0.210165, 0.19, 0.81, 0.209814
0.95, 0.219529, 0.19, 0.81, 0.222347
0.95, 0.223789, 0.19, 0.81, 0.223061
0.95, 0.216004, 0.19, 0.81, 0.218819
0.95, 0.210465, 0.19, 0.81, 0.211716
0.95, 0.216361, 0.19, 0.81, 0.216778
0.95, 0.220293, 0.19, 0.81, 0.215176
0.95, 0.215006, 0.19, 0.81, 0.222729
0.95, 0.214793, 0.19, 0.81, 0.216145
0.95, 0.216362, 0.19, 0.81, 0.219464
0.95, 0.218884, 0.19, 0.81, 0.219159
0.95, 0.212519, 0.19, 0.81, 0.210928
0.95, 0.215933, 0.19, 0.81, 0.220139
0.95, 0.22893, 0.19, 0.81, 0.224279
0.95, 0.213636, 0.19, 0.81, 0.216052
0.95, 0.213507, 0.19, 0.81, 0.215363
0.95, 0.219203, 0.19, 0.81, 0.223683
0.95, 0.218152, 0.19, 0.81, 0.217569
0.95, 0.22084, 0.19, 0.81, 0.220197
0.95, 0.222973, 0.19, 0.81, 0.217292
0.95, 0.22404, 0.19, 0.81, 0.224393
0.95, 0.220969, 0.19, 0.81, 0.222478
0.95, 0.239532, 0.2, 0.8, 0.233825
0.95, 0.233196, 0.2, 0.8, 0.23458
0.95, 0.231038, 0.2, 0.8, 0.229969
0.95, 0.23426, 0.2, 0.8, 0.23133
0.95, 0.230011, 0.2, 0.8, 0.235913
0.95, 0.227562, 0.2, 0.8, 0.228989
0.95, 0.23091, 0.2, 0.8, 0.230116
0.95, 0.221852, 0.2, 0.8, 0.227143
0.95, 0.219949, 0.2, 0.8, 0.219584
0.95, 0.24248, 0.2, 0.8, 0.23417
0.95, 0.236939, 0.2, 0.8, 0.236503
0.95, 0.235225, 0.2, 0.8, 0.226252
0.95, 0.227971, 0.2, 0.8, 0.230065
0.95, 0.22933, 0.2, 0.8, 0.233033
0.95, 0.233569, 0.2, 0.8, 0.23322
0.95, 0.234414, 0.2, 0.8, 0.233456
0.95, 0.222984, 0.2, 0.8, 0.224712
0.95, 0.238102, 0.2, 0.8, 0.233014
0.95, 0.230859, 0.2, 0.8, 0.230005
0.95, 0.236374, 0.2, 0.8, 0.23426
0.95, 0.228894, 0.2, 0.8, 0.231004
0.95, 0.228535, 0.2, 0.8, 0.233773
0.95, 0.234081, 0.2, 0.8, 0.233261
0.95, 0.230595, 0.2, 0.8, 0.23691
0.95, 0.225066, 0.2, 0.8, 0.224997
0.95, 0.252029, 0.21, 0.79, 0.251764
0.95, 0.246266, 0.21, 0.79, 0.247791
0.95, 0.248759, 0.21, 0.79, 0.247767
0.95, 0.249627, 0.21, 0.79, 0.24497
0.95, 0.241871, 0.21, 0.79, 0.246976
0.95, 0.235921, 0.21, 0.79, 0.236504
0.95, 0.246546, 0.21, 0.79, 0.247099
0.95, 0.243032, 0.21, 0.79, 0.250316
0.95, 0.252061, 0.21, 0.79, 0.250015
0.95, 0.248171, 0.21, 0.79, 0.247298
0.95, 0.241044, 0.21, 0.79, 0.24231
0.95, 0.254481, 0.21, 0.79, 0.253404
0.95, 0.252079, 0.21, 0.79, 0.253278
0.95, 0.237031, 0.21, 0.79, 0.240692
0.95, 0.256248, 0.21, 0.79, 0.252189
0.95, 0.240661, 0.21, 0.79, 0.245791
0.95, 0.244607, 0.21, 0.79, 0.247848
0.95, 0.236044, 0.21, 0.79, 0.24123
0.95, 0.244416, 0.21, 0.79, 0.245143
0.95, 0.254629, 0.21, 0.79, 0.252183
0.95, 0.241465, 0.21, 0.79, 0.237631
0.95, 0.241308, 0.21, 0.79, 0.242364
0.95, 0.245592, 0.21, 0.79, 0.249398
0.95, 0.247831, 0.21, 0.79, 0.247818
0.95, 0.240098, 0.21, 0.79, 0.241771
0.95, 0.27557, 0.22, 0.78, 0.272304
0.95, 0.258753, 0.22, 0.78, 0.260457
0.95, 0.254111, 0.22, 0.78, 0.256527
0.95, 0.260901, 0.22, 0.78, 0.255975
0.95, 0.26352, 0.22, 0.78, 0.260666
0.95, 0.261922, 0.22, 0.78, 0.259027
0.95, 0.268266, 0.22, 0.78, 0.261362
0.95, 0.255077, 0.22, 0.78, 0.258604
0.95, 0.262353, 0.22, 0.78, 0.267068
0.95, 0.265956, 0.22, 0.78, 0.261909
0.95, 0.261532, 0.22, 0.78, 0.261484
0.95, 0.252695, 0.22, 0.78, 0.25272
0.95, 0.265576, 0.22, 0.78, 0.266643
0.95, 0.265225, 0.22, 0.78, 0.263151
0.95, 0.261289, 0.22, 0.78, 0.257236
0.95, 0.254308, 0.22, 0.78, 0.258907
0.95, 0.263244, 0.22, 0.78, 0.258575
0.95, 0.264344, 0.22, 0.78, 0.258616
0.95, 0.260342, 0.22, 0.78, 0.255679
0.95, 0.256588, 0.22, 0.78, 0.260167
0.95, 0.265151, 0.22, 0.78, 0.264515
0.95, 0.266175, 0.22, 0.78, 0.268386
0.95, 0.257905, 0.22, 0.78, 0.262607
0.95, 0.255193, 0.22, 0.78, 0.260798
0.95, 0.263155, 0.22, 0.78, 0.265064
0.95, 0.281411, 0.23, 0.77, 0.2776
0.95, 0.281247, 0.23, 0.77, 0.278307
0.95, 0.275917, 0.23, 0.77, 0.278439
0.95, 0.268715, 0.23, 0.77, 0.271736
0.95, 0.26542, 0.23, 0.77, 0.269925
0.95, 0.269534, 0.23, 0.77, 0.272296
0.95, 0.268199, 0.23, 0.77, 0.268704
0.95, 0.275289, 0.23, 0.77, 0.279777
0.95, 0.282822, 0.23, 0.77, 0.284384
0.95, 0.276293, 0.23, 0.77, 0.272666
0.95, 0.27964, 0.23, 0.77, 0.28001
0.95, 0.290254, 0.23, 0.77, 0.283269
0.95, 0.280515, 0.23, 0.77, 0.27977
0.95, 0.273662, 0.23, 0.77, 0.274657
0.95, 0.268958, 0.23, 0.77, 0.272859
0.95, 0.268855, 0.23, 0.77, 0.273038
0.95, 0.277602, 0.23, 0.77, 0.276844
0.95, 0.270729, 0.23, 0.77, 0.272151
0.95, 0.265904, 0.23, 0.77, 0.269677
0.95, 0.274723, 0.23, 0.77, 0.273269
0.95, 0.278597, 0.23, 0.77, 0.274519
0.95, 0.274169, 0.23, 0.77, 0.273421
0.95, 0.271001, 0.23, 0.77, 0.272677
0.95, 0.27563, 0.23, 0.77, 0.278861
0.95, 0.273654, 0.23, 0.77, 0.272929
0.95, 0.283281, 0.24, 0.76, 0.287071
0.95, 0.29164, 0.24, 0.76, 0.289067
0.95, 0.28214, 0.24, 0.76, 0.283092
0.95, 0.284223, 0.24, 0.76, 0.285819
0.95, 0.297713, 0.24, 0.76, 0.293436
0.95, 0.287129, 0.24, 0.76, 0.291305
0.95, 0.286722, 0.24, 0.76, 0.291785
0.95, 0.28487, 0.24, 0.76, 0.286998
0.95, 0.283248, 0.24, 0.76, 0.282444
0.95, 0.291762, 0.24, 0.76, 0.292069
0.95, 0.296244, 0.24, 0.76, 0.294667
0.95, 0.284208, 0.24, 0.76, 0.2935
0.95, 0.299273, 0.24, 0.76, 0.296603
0.95, 0.293585, 0.24, 0.76, 0.29479
0.95, 0.292825, 0.24, 0.76, 0.292402
0.95, 0.29213, 0.24, 0.76, 0.289671
0.95, 0.283021, 0.24, 0.76, 0.283468
0.95, 0.286353, 0.24, 0.76, 0.28867
0.95, 0.294615, 0.24, 0.76, 0.290255
0.95, 0.287314, 0.24, 0.76, 0.294466
0.95, 0.291759, 0.24, 0.76, 0.293755
0.95, 0.290569, 0.24, 0.76, 0.286285
0.95, 0.292075, 0.24, 0.76, 0.287875
0.95, 0.304368, 0.24, 0.76, 0.298542
0.95, 0.283951, 0.24, 0.76, 0.29311
0.95, 0.301545, 0.25, 0.75, 0.303951
0.95, 0.311803, 0.25, 0.75, 0.310049
0.95, 0.301793, 0.25, 0.75, 0.307906
0.95, 0.316126, 0.25, 0.75, 0.315164
0.95, 0.302313, 0.25, 0.75, 0.306048
0.95, 0.307557, 0.25, 0.75, 0.304265
0.95, 0.30888, 0.25, 0.75, 0.308792
0.95, 0.303706, 0.25, 0.75, 0.309389
0.95, 0.309222, 0.25, 0.75, 0.30629
0.95, 0.304103, 0.25, 0.75, 0.304643
0.95, 0.301331, 0.25, 0.75, 0.303893
0.95, 0.293381, 0.25, 0.75, 0.300713
0.95, 0.296065, 0.25, 0.75, 0.296797
0.95, 0.298009, 0.25, 0.75, 0.297934
0.95, 0.302686, 0.25, 0.75, 0.310094
0.95, 0.307375, 0.25, 0.75, 0.309669
0.95, 0.311546, 0.25, 0.75, 0.306913
0.95, 0.306775, 0.25, 0.75, 0.304575
0.95, 0.302816, 0.25, 0.75, 0.300344
0.95, 0.314037, 0.25, 0.75, 0.311335
0.95, 0.305443, 0.25, 0.75, 0.31536
0.95, 0.304228, 0.25, 0.75, 0.303587
0.95, 0.31613, 0.25, 0.75, 0.311624
0.95, 0.299538, 0.25, 0.75, 0.305976
0.95, 0.307783, 0.25, 0.75, 0.307412
0.95, 0.322477, 0.26, 0.74, 0.323732
0.95, 0.327202, 0.26, 0.74, 0.324489
0.95, 0.3216, 0.26, 0.74, 0.325587
0.95, 0.312341, 0.26, 0.74, 0.315518
0.95, 0.318092, 0.26, 0.74, 0.320447
0.95, 0.320346, 0.26, 0.74, 0.320794
0.95, 0.324187, 0.26, 0.74, 0.326255
0.95, 0.316196, 0.26, 0.74, 0.31963
0.95, 0.324716, 0.26, 0.74, 0.320236
0.95, 0.323768, 0.26, 0.74, 0.323664
0.95, 0.316308, 0.26, 0.74, 0.312644
0.95, 0.318945, 0.26, 0.74, 0.320601
0.95, 0.325977, 0.26, 0.74, 0.317603
0.95, 0.317984, 0.26, 0.74, 0.321643
0.95, 0.322773, 0.26, 0.74, 0.316649
0.95, 0.31494, 0.26, 0.74, 0.318097
0.95, 0.327795, 0.26, 0.74, 0.326288
0.95, 0.329517, 0.26, 0.74, 0.324819
0.95, 0.31807, 0.26, 0.74, 0.317162
0.95, 0.32447, 0.26, 0.74, 0.321606
0.95, 0.311755, 0.26, 0.74, 0.321987
0.95, 0.313426, 0.26, 0.74, 0.314584
0.95, 0.313126, 0.26, 0.74, 0.319235
0.95, 0.320627, 0.26, 0.74, 0.318766
0.95, 0.324871, 0.26, 0.74, 0.316219
0.95, 0.337077, 0.27, 0.73, 0.337451
0.95, 0.339284, 0.27, 0.73, 0.339598
0.95, 0.336535, 0.27, 0.73, 0.339939
0.95, 0.339486, 0.27, 0.73, 0.335913
0.95, 0.331769, 0.27, 0.73, 0.33128
0.95, 0.338871, 0.27, 0.73, 0.336013
0.95, 0.350554, 0.27, 0.73, 0.344964
0.95, 0.33711, 0.27, 0.73, 0.340136
0.95, 0.337482, 0.27, 0.73, 0.33216
0.95, 0.33045, 0.27, 0.73, 0.33441
0.95, 0.335689, 0.27, 0.73, 0.334199
0.95, 0.336763, 0.27, 0.73, 0.339193
0.95, 0.345083, 0.27, 0.73, 0.341629
0.95, 0.340877, 0.27, 0.73, 0.334283
0.95, 0.33049, 0.27, 0.73, 0.334439
0.95, 0.339613, 0.27, 0.73, 0.339121
0.95, 0.333354, 0.27, 0.73, 0.333376
0.95, 0.340344, 0.27, 0.73, 0.337906
0.95, 0.34195, 0.27, 0.73, 0.342706
0.95, 0.347675, 0.27, 0.73, 0.338605
0.95, 0.347625, 0.27, 0.73, 0.34407
0.95, 0.339067, 0.27, 0.73, 0.334884
0.95, 0.350376, 0.27, 0.73, 0.345692
0.95, 0.331807, 0.27, 0.73, 0.331527
0.95, 0.336076, 0.27, 0.73, 0.33522
0.95, 0.356541, 0.28, 0.72, 0.353562
0.95, 0.351148, 0.28, 0.72, 0.347963
0.95, 0.343453, 0.28, 0.72, 0.344984
0.95, 0.367107, 0.28, 0.72, 0.362477
0.95, 0.342106, 0.28, 0.72, 0.347457
0.95, 0.360296, 0.28, 0.72, 0.358172
0.95, 0.363614, 0.28, 0.72, 0.356267
0.95, 0.357715, 0.28, 0.72, 0.355536
0.95, 0.358542, 0.28, 0.72, 0.359091
0.95, 0.34604, 0.28, 0.72, 0.349896
0.95, 0.345556, 0.28, 0.72, 0.347764
0.95, 0.35581, 0.28, 0.72, 0.349456
0.95, 0.35648, 0.28, 0.72, 0.352217
0.95, 0.339404, 0.28, 0.72, 0.342234
0.95, 0.343579, 0.28, 0.72, 0.343419
0.95, 0.35093, 0.28, 0.72, 0.347756
0.95, 0.349523, 0.28, 0.72, 0.351043
0.95, 0.343495, 0.28, 0.72, 0.349685
0.95, 0.359992, 0.28, 0.72, 0.357465
0.95, 0.354231, 0.28, 0.72, 0.353175
0.95, 0.35886, 0.28, 0.72, 0.355968
0.95, 0.342717, 0.28, 0.72, 0.342899
0.95, 0.343896, 0.28, 0.72, 0.345755
0.95, 0.350544, 0.28, 0.72, 0.350165
0.95, 0.370035, 0.28, 0.72, 0.35998
0.95, 0.375662, 0.29, 0.71, 0.372255
0.95, 0.365608, 0.29, 0.71, 0.361401
0.95, 0.369218, 0.29, 0.71, 0.370625
0.95, 0.380092, 0.29, 0.71, 0.373808
0.95, 0.376469, 0.29, 0.71, 0.371693
0.95, 0.380302, 0.29, 0.71, 0.371979
0.95, 0.376328, 0.29, 0.71, 0.375473
0.95, 0.382862, 0.29, 0.71, 0.37549
0.95, 0.377079, 0.29, 0.71, 0.374766
0.95, 0.359692, 0.29, 0.71, 0.362153
0.95, 0.363515, 0.29, 0.71, 0.365511
0.95, 0.363166, 0.29, 0.71, 0.362875
0.95, 0.365822, 0.29, 0.71, 0.367001
0.95, 0.378714, 0.29, 0.71, 0.372874
0.95, 0.36445, 0.29, 0.71, 0.368559
0.95, 0.359496, 0.29, 0.71, 0.365104
0.95, 0.364892, 0.29, 0.71, 0.362568
0.95, 0.365083, 0.29, 0.71, 0.363439
0.95, 0.370242, 0.29, 0.71, 0.368755
0.95, 0.370008, 0.29, 0.71, 0.36507
0.95, 0.383608, 0.29, 0.71, 0.379628
0.95, 0.37638, 0.29, 0.71, 0.376057
0.95, 0.372547, 0.29, 0.71, 0.369829
0.95, 0.362608, 0.29, 0.71, 0.369753
0.95, 0.366771, 0.29, 0.71, 0.364172
0.95, 0.371466, 0.3, 0.7, 0.377843
0.95, 0.389025, 0.3, 0.7, 0.388264
0.95, 0.388746, 0.3, 0.7, 0.384369
0.95, 0.39213, 0.3, 0.7, 0.391955
0.95, 0.38869, 0.3, 0.7, 0.38602
0.95, 0.379709, 0.3, 0.7, 0.383455
0.95, 0.392274, 0.3, 0.7, 0.387376
0.95, 0.392966, 0.3, 0.7, 0.390603
0.95, 0.38786, 0.3, 0.7, 0.381992
0.95, 0.389016, 0.3, 0.7, 0.387775
0.95, 0.38497, 0.3, 0.7, 0.385831
0.95, 0.377088, 0.3, 0.7, 0.37794
0.95, 0.392532, 0.3, 0.7, 0.383744
0.95, 0.393641, 0.3, 0.7, 0.388755
0.95, 0.381923, 0.3, 0.7, 0.378186
0.95, 0.386441, 0.3, 0.7, 0.386885
0.95, 0.391116, 0.3, 0.7, 0.385276
0.95, 0.398608, 0.3, 0.7, 0.393519
0.95, 0.378582, 0.3, 0.7, 0.379
0.95, 0.375228, 0.3, 0.7, 0.377179
0.95, 0.382045, 0.3, 0.7, 0.378398
0.95, 0.376292, 0.3, 0.7, 0.380521
0.95, 0.385484, 0.3, 0.7, 0.391168
0.95, 0.399124, 0.3, 0.7, 0.393984
0.95, 0.389186, 0.3, 0.7, 0.388324
1, 0.167604, 0.15, 0.85, 0.16861
1, 0.171272, 0.15, 0.85, 0.171389
1, 0.173193, 0.15, 0.85, 0.172449
1, 0.174163, 0.15, 0.85, 0.175025
1, 0.166346, 0.15, 0.85, 0.172131
1, 0.174683, 0.15, 0.85, 0.175941
1, 0.178107, 0.15, 0.85, 0.170947
1, 0.170786, 0.15, 0.85, 0.166524
1, 0.166818, 0.15, 0.85, 0.169768
1, 0.181859, 0.15, 0.85, 0.173994
1, 0.166089, 0.15, 0.85, 0.169155
1, 0.168922, 0.15, 0.85, 0.17632
1, 0.165338, 0.15, 0.85, 0.17204
1, 0.180396, 0.15, 0.85, 0.181715
1, 0.169984, 0.15, 0.85, 0.169947
1, 0.167532, 0.15, 0.85, 0.165765
1, 0.176455, 0.15, 0.85, 0.17497
1, 0.172428, 0.15, 0.85, 0.171747
1, 0.17061, 0.15, 0.85, 0.168747
1, 0.170201, 0.15, 0.85, 0.172736
1, 0.171312, 0.15, 0.85, 0.168616
1, 0.166145, 0.15, 0.85, 0.168861
1, 0.171103, 0.15, 0.85, 0.171101
1, 0.161628, 0.15, 0.85, 0.167359
1, 0.174097, 0.15, 0.85, 0.173853
1, 0.176879, 0.16, 0.84, 0.182103
1, 0.178837, 0.16, 0.84, 0.185804
1, 0.18411, 0.16, 0.84, 0.189956
1, 0.181043, 0.16, 0.84, 0.179452
1, 0.184201, 0.16, 0.84, 0.184203
1, 0.183958, 0.16, 0.84, 0.187055
1, 0.184192, 0.16, 0.84, 0.182814
1, 0.187225, 0.16, 0.84, 0.185797
1, 0.186808, 0.16, 0.84, 0.18427
1, 0.188948, 0.16, 0.84, 0.187121
1, 0.18453, 0.16, 0.84, 0.184271
1, 0.184861, 0.16, 0.84, 0.184474
1, 0.180954, 0.16, 0.84, 0.18035
1, 0.176236, 0.16, 0.84, 0.182984
1, 0.180947, 0.16, 0.84, 0.183454
1, 0.190423, 0.16, 0.84, 0.189589
1, 0.190179, 0.16, 0.84, 0.190026
1, 0.185434, 0.16, 0.84, 0.184407
1, 0.188133, 0.16, 0.84, 0.186976
1, 0.184063, 0.16, 0.84, 0.185771
1, 0.17908, 0.16, 0.84, 0.181061
1, 0.183953, 0.16, 0.84, 0.183599
1, 0.184191, 0.16, 0.84, 0.183933
1, 0.183504, 0.16, 0.84, 0.18854
1, 0.187928, 0.16, 0.84, 0.18446
1, 0.188895, 0.17, 0.83, 0.192365
1, 0.193375, 0.17, 0.83, 0.196037
1, 0.191208, 0.17, 0.83, 0.192584
1, 0.195724, 0.17, 0.83, 0.199309
1, 0.194018, 0.17, 0.83, 0.197993
1, 0.198666, 0.17, 0.83, 0.200232
1, 0.194844, 0.17, 0.83, 0.194185
1, 0.198478, 0.17, 0.83, 0.199803
1, 0.192309, 0.17, 0.83, 0.195364
1, 0.198361, 0.17, 0.83, 0.19895
1, 0.194306, 0.17, 0.83, 0.196559
1, 0.2054, 0.17, 0.83, 0.199653
1, 0.196648, 0.17, 0.83, 0.197224
1, 0.193915, 0.17, 0.83, 0.200496
1, 0.202957, 0.17, 0.83, 0.20383
1, 0.198405, 0.17, 0.83, 0.202872
1, 0.197516, 0.17, 0.83, 0.194233
1, 0.196529, 0.17, 0.83, 0.201162
1, 0.192034, 0.17, 0.83, 0.200047
1, 0.197209, 0.17, 0.83, 0.194944
1, 0.192081, 0.17, 0.83, 0.198377
1, 0.199482, 0.17, 0.83, 0.202882
1, 0.188879, 0.17, 0.83, 0.195126
1, 0.193928, 0.17, 0.83, 0.197238
1, 0.196913, 0.17, 0.83, 0.195971
1, 0.209548, 0.18, 0.82, 0.209267
1, 0.211948, 0.18, 0.82, 0.215296
1, 0.208724, 0.18, 0.82, 0.207855
1, 0.202904, 0.18, 0.82, 0.206809
1, 0.208542, 0.18, 0.82, 0.208
1, 0.210504, 0.18, 0.82, 0.214763
1, 0.215538, 0.18, 0.82, 0.213739
1, 0.217553, 0.18, 0.82, 0.213266
1, 0.209295, 0.18, 0.82, 0.209122
1, 0.215848, 0.18, 0.82, 0.21744
1, 0.202612, 0.18, 0.82, 0.203285
1, 0.208019, 0.18, 0.82, 0.21123
1, 0.207978, 0.18, 0.82, 0.213324
1, 0.201333, 0.18, 0.82, 0.205241
1, 0.214406, 0.18, 0.82, 0.216455
1, 0.211475, 0.18, 0.82, 0.209142
1, 0.212173, 0.18, 0.82, 0.209903
1, 0.21036, 0.18, 0.82, 0.206428
1, 0.214606, 0.18, 0.82, 0.212588
1, 0.203119, 0.18, 0.82, 0.205743
1, 0.212324, 0.18, 0.82, 0.213354
1, 0.21071, 0.18, 0.82, 0.214193
1, 0.213528, 0.18, 0.82, 0.214538
1, 0.206498, 0.18, 0.82, 0.20988
1, 0.221681, 0.18, 0.82, 0.217353
1, 0.218956, 0.19, 0.81, 0.224767
1, 0.221283, 0.19, 0.81, 0.225212
1, 0.225292, 0.19, 0.81, 0.229175
1, 0.217318, 0.19, 0.81, 0.222951
1, 0.227602, 0.19, 0.81, 0.228593
1, 0.227945, 0.19, 0.81, 0.226771
1, 0.225245, 0.19, 0.81, 0.226599
1, 0.225098, 0.19, 0.81, 0.220983
1, 0.228945, 0.19, 0.81, 0.2273
1, 0.226295, 0.19, 0.81, 0.224784
1, 0.230118, 0.19, 0.81, 0.226613
1, 0.229053, 0.19, 0.81, 0.229023
1, 0.223579, 0.19, 0.81, 0.223454
1, 0.221615, 0.19, 0.81, 0.223971
1, 0.222946, 0.19, 0.81, 0.224796
1, 0.230859, 0.19, 0.81, 0.228763
1, 0.225784, 0.19, 0.81, 0.224693
1, 0.226307, 0.19, 0.81, 0.223933
1, 0.22994, 0.19, 0.81, 0.226861
1, 0.227534, 0.19, 0.81, 0.223331
1, 0.224804, 0.19, 0.81, 0.225326
1, 0.21445, 0.19, 0.81, 0.219505
1, 0.214581, 0.19, 0.81, 0.219296
1, 0.226547, 0.19, 0.81, 0.228169
1, 0.215637, 0.19, 0.81, 0.224008
1, 0.236717, 0.2, 0.8, 0.238368
1, 0.236975, 0.2, 0.8, 0.238813
1, 0.241533, 0.2, 0.8, 0.241295
1, 0.23856, 0.2, 0.8, 0.236376
1, 0.231225, 0.2, 0.8, 0.231257
1, 0.233572, 0.2, 0.8, 0.237446
1, 0.242002, 0.2, 0.8, 0.242006
1, 0.234348, 0.2, 0.8, 0.233337
1, 0.231409, 0.2, 0.8, 0.22988
1, 0.238349, 0.2, 0.8, 0.239448
1, 0.23935, 0.2, 0.8, 0.242022
1, 0.243804, 0.2, 0.8, 0.238376
1, 0.226435, 0.2, 0.8, 0.231676
1, 0.239796, 0.2, 0.8, 0.237684
1, 0.233936, 0.2, 0.8, 0.236178
1, 0.23491, 0.2, 0.8, 0.241287
1, 0.231644, 0.2, 0.8, 0.237852
1, 0.237856, 0.2, 0.8, 0.23829
1, 0.233584, 0.2, 0.8, 0.234214
1, 0.230495, 0.2, 0.8, 0.233725
1, 0.237335, 0.2, 0.8, 0.235361
1, 0.230422, 0.2, 0.8, 0.236952
1, 0.232843, 0.2, 0.8, 0.237671
1, 0.231971, 0.2, 0.8, 0.235675
1, 0.237725, 0.2, 0.8, 0.239567
1, 0.253833, 0.21, 0.79, 0.252693
1, 0.253235, 0.21, 0.79, 0.254313
1, 0.258145, 0.21, 0.79, 0.256435
1, 0.257202, 0.21, 0.79, 0.255537
1, 0.250759, 0.21, 0.79, 0.254082
1, 0.245595, 0.21, 0.79, 0.25089
1, 0.262802, 0.21, 0.79, 0.260198
1, 0.247604, 0.21, 0.79, 0.253329
1, 0.244374, 0.21, 0.79, 0.246217
1, 0.260399, 0.21, 0.79, 0.258432
1, 0.249028, 0.21, 0.79, 0.256767
1, 0.254192, 0.21, 0.79, 0.256247
1, 0.24523, 0.21, 0.79, 0.24874
1, 0.248844, 0.21, 0.79, 0.248161
1, 0.238837, 0.21, 0.79, 0.248072
1, 0.246951, 0.21, 0.79, 0.250282
1, 0.25435, 0.21, 0.79, 0.254505
1, 0.25033, 0.21, 0.79, 0.255124
1, 0.253693, 0.21, 0.79, 0.252945
1, 0.258998, 0.21, 0.79, 0.251038
1, 0.250922, 0.21, 0.79, 0.250252
1, 0.254645, 0.21, 0.79, 0.256598
1, 0.251576, 0.21, 0.79, 0.253942
1, 0.252055, 0.21, 0.79, 0.253276
1, 0.250419, 0.21, 0.79, 0.250703
1, 0.267388, 0.22, 0.78, 0.262509
1, 0.266748, 0.22, 0.78, 0.269972
1, 0.279644, 0.22, 0.78, 0.278904
1, 0.275532, 0.22, 0.78, 0.272252
1, 0.256686, 0.22, 0.78, 0.262811
1, 0.265689, 0.22, 0.78, 0.265258
1, 0.273298, 0.22, 0.78, 0.269634
1, 0.265181, 0.22, 0.78, 0.264924
1, 0.274435, 0.22, 0.78, 0.269796
1, 0.271473, 0.22, 0.78, 0.2704
1, 0.257057, 0.22, 0.78, 0.260353
1, 0.264252, 0.22, 0.78, 0.269334
1, 0.275091, 0.22, 0.78, 0.27475
1, 0.264786, 0.22, 0.78, 0.270581
1, 0.258513, 0.22, 0.78, 0.265514
1, 0.258517, 0.22, 0.78, 0.261151
1, 0.255279, 0.22, 0.78, 0.264054
1, 0.268186, 0.22, 0.78, 0.267997
1, 0.271915, 0.22, 0.78, 0.270752
1, 0.266876, 0.22, 0.78, 0.263578
1, 0.262294, 0.22, 0.78, 0.264311
1, 0.257404, 0.22, 0.78, 0.259791
1, 0.260429, 0.22, 0.78, 0.261027
1, 0.267722, 0.22, 0.78, 0.268947
1, 0.269611, 0.22, 0.78, 0.267425
1, 0.279447, 0.23, 0.77, 0.283532
1, 0.284348, 0.23, 0.77, 0.284158
1, 0.283012, 0.23, 0.77, 0.282014
1, 0.282115, 0.23, 0.77, 0.281499
1, 0.269991, 0.23, 0.77, 0.279301
1, 0.284143, 0.23, 0.77, 0.284706
1, 0.278235, 0.23, 0.77, 0.282967
1, 0.278687, 0.23, 0.77, 0.281179
1, 0.282173, 0.23, 0.77, 0.28122
1, 0.281922, 0.23, 0.77, 0.28223
1, 0.281984, 0.23, 0.77, 0.278361
1, 0.284287, 0.23, 0.77, 0.280325
1, 0.282224, 0.23, 0.77, 0.277912
1, 0.27933, 0.23, 0.77, 0.280463
1, 0.27492, 0.23, 0.77, 0.282519
1, 0.28001, 0.23, 0.77, 0.279939
1, 0.286756, 0.23, 0.77, 0.281195
1, 0.280422, 0.23, 0.77, 0.282402
1, 0.280703, 0.23, 0.77, 0.280141
1, 0.278946, 0.23, 0.77, 0.275706
1, 0.279778, 0.23, 0.77, 0.28175
1, 0.278822, 0.23, 0.77, 0.279249
1, 0.276285, 0.23, 0.77, 0.277234
1, 0.286228, 0.23, 0.77, 0.286276
1, 0.279028, 0.23, 0.77, 0.282678
1, 0.299158, 0.24, 0.76, 0.302423
1, 0.298941, 0.24, 0.76, 0.301497
1, 0.299058, 0.24, 0.76, 0.297481
1, 0.291002, 0.24, 0.76, 0.29375
1, 0.303587, 0.24, 0.76, 0.301642
1, 0.29333, 0.24, 0.76, 0.29305
1, 0.297157, 0.24, 0.76, 0.296781
1, 0.298894, 0.24, 0.76, 0.297046
1, 0.29937, 0.24, 0.76, 0.299292
1, 0.296227, 0.24, 0.76, 0.29219
1, 0.298726, 0.24, 0.76, 0.298388
1, 0.304786, 0.24, 0.76, 0.306831
1, 0.293719, 0.24, 0.76, 0.30218
1, 0.286129, 0.24, 0.76, 0.28581
1, 0.303089, 0.24, 0.76, 0.307531
1, 0.306748, 0.24, 0.76, 0.303466
1, 0.286794, 0.24, 0.76, 0.290782
1, 0.292693, 0.24, 0.76, 0.293751
1, 0.296352, 0.24, 0.76, 0.296184
1, 0.292604, 0.24, 0.76, 0.298862
1, 0.29879, 0.24, 0.76, 0.29503
1, 0.292557, 0.24, 0.76, 0.294807
1, 0.303571, 0.24, 0.76, 0.302383
1, 0.304821, 0.24, 0.76, 0.303981
1, 0.290034, 0.24, 0.76, 0.293654
1, 0.311616, 0.25, 0.75, 0.307091
1, 0.302598, 0.25, 0.75, 0.307342
1, 0.325552, 0.25, 0.75, 0.316921
1, 0.312367, 0.25, 0.75, 0.31081
1, 0.312643, 0.25, 0.75, 0.312021
1, 0.314274, 0.25, 0.75, 0.31611
1, 0.308097, 0.25, 0.75, 0.304884
1, 0.316855, 0.25, 0.75, 0.312988
1, 0.299797, 0.25, 0.75, 0.303705
1, 0.312594, 0.25, 0.75, 0.314888
1, 0.309713, 0.25, 0.75, 0.313866
1, 0.318453, 0.25, 0.75, 0.315324
1, 0.313699, 0.25, 0.75, 0.313645
1, 0.313947, 0.25, 0.75, 0.317159
1, 0.306757, 0.25, 0.75, 0.312197
1, 0.309048, 0.25, 0.75, 0.310797
1, 0.306868, 0.25, 0.75, 0.308313
1, 0.30692, 0.25, 0.75, 0.310721
1, 0.304475, 0.25, 0.75, 0.309169
1, 0.309389, 0.25, 0.75, 0.311148
1, 0.304955, 0.25, 0.75, 0.307726
1, 0.309996, 0.25, 0.75, 0.309451
1, 0.308621, 0.25, 0.75, 0.314768
1, 0.3006, 0.25, 0.75, 0.308936
1, 0.31151, 0.25, 0.75, 0.312136
1, 0.331065, 0.26, 0.74, 0.335499
1, 0.329039, 0.26, 0.74, 0.324819
1, 0.341472, 0.26, 0.74, 0.337924
1, 0.317212, 0.26, 0.74, 0.321938
1, 0.322079, 0.26, 0.74, 0.318079
1, 0.327418, 0.26, 0.74, 0.329089
1, 0.31931, 0.26, 0.74, 0.320178
1, 0.329495, 0.26, 0.74, 0.335924
1, 0.325482, 0.26, 0.74, 0.328892
1, 0.332387, 0.26, 0.74, 0.329537
1, 0.321658, 0.26, 0.74, 0.323879
1, 0.325638, 0.26, 0.74, 0.324403
1, 0.326524, 0.26, 0.74, 0.322033
1, 0.320631, 0.26, 0.74, 0.321241
1, 0.329324, 0.26, 0.74, 0.329246
1, 0.326241, 0.26, 0.74, 0.325336
1, 0.327868, 0.26, 0.74, 0.325654
1, 0.327843, 0.26, 0.74, 0.328335
1, 0.335669, 0.26, 0.74, 0.33504
1, 0.32504, 0.26, 0.74, 0.325907
1, 0.320279, 0.26, 0.74, 0.32557
1, 0.322188, 0.26, 0.74, 0.319922
1, 0.332075, 0.26, 0.74, 0.329974
1, 0.338676, 0.26, 0.74, 0.340867
1, 0.327602, 0.26, 0.74, 0.327704
1, 0.348112, 0.27, 0.73, 0.343847
1, 0.335682, 0.27, 0.73, 0.337924
1, 0.342065, 0.27, 0.73, 0.340374
1, 0.34094, 0.27, 0.73, 0.344435
1, 0.341093, 0.27, 0.73, 0.345684
1, 0.34785, 0.27, 0.73, 0.34563
1, 0.339355, 0.27, 0.73, 0.344744
1, 0.346825, 0.27, 0.73, 0.344155
1, 0.355883, 0.27, 0.73, 0.349833
1, 0.348018, 0.27, 0.73, 0.346975
1, 0.349618, 0.27, 0.73, 0.346232
1, 0.350497, 0.27, 0.73, 0.34632
1, 0.348193, 0.27, 0.73, 0.345704
1, 0.336589, 0.27, 0.73, 0.338847
1, 0.335848, 0.27, 0.73, 0.341138
1, 0.346764, 0.27, 0.73, 0.349526
1, 0.335694, 0.27, 0.73, 0.339813
1, 0.349631, 0.27, 0.73, 0.346531
1, 0.347508, 0.27, 0.73, 0.349894
1, 0.348492, 0.27, 0.73, 0.349946
1, 0.349327, 0.27, 0.73, 0.345261
1, 0.328927, 0.27, 0.73, 0.334823
1, 0.339757, 0.27, 0.73, 0.34539
1, 0.354911, 0.27, 0.73, 0.353662
1, 0.338721, 0.27, 0.73, 0.343536
1, 0.362808, 0.28, 0.72, 0.362673
1, 0.364846, 0.28, 0.72, 0.361413
1, 0.35844, 0.28, 0.72, 0.356569
1, 0.361159, 0.28, 0.72, 0.360704
1, 0.353581, 0.28, 0.72, 0.356758
1, 0.360185, 0.28, 0.72, 0.365713
1, 0.363659, 0.28, 0.72, 0.361535
1, 0.362451, 0.28, 0.72, 0.355866
1, 0.350267, 0.28, 0.72, 0.355759
1, 0.360337, 0.28, 0.72, 0.358351
1, 0.353665, 0.28, 0.72, 0.351289
1, 0.370961, 0.28, 0.72, 0.364343
1, 0.35864, 0.28, 0.72, 0.359733
1, 0.353878, 0.28, 0.72, 0.35851
1, 0.353936, 0.28, 0.72, 0.357111
1, 0.351178, 0.28, 0.72, 0.351495
1, 0.371255, 0.28, 0.72, 0.364402
1, 0.36258, 0.28, 0.72, 0.357644
1, 0.353498, 0.28, 0.72, 0.356144
1, 0.347808, 0.28, 0.72, 0.353378
1, 0.350783, 0.28, 0.72, 0.351666
1, 0.353516, 0.28, 0.72, 0.359859
1, 0.354907, 0.28, 0.72, 0.34979
1, 0.352825, 0.28, 0.72, 0.351736
1, 0.367532, 0.28, 0.72, 0.360268
1, 0.37684, 0.29, 0.71, 0.373056
1, 0.379052, 0.29, 0.71, 0.379822
1, 0.368581, 0.29, 0.71, 0.37436
1, 0.367534, 0.29, 0.71, 0.372159
1, 0.372846, 0.29, 0.71, 0.375056
1, 0.364077, 0.29, 0.71, 0.369568
1, 0.38069, 0.29, 0.71, 0.37889
1, 0.378719, 0.29, 0.71, 0.376329
1, 0.372553, 0.29, 0.71, 0.369131
1, 0.369952, 0.29, 0.71, 0.368929
1, 0.381797, 0.29, 0.71, 0.382274
1, 0.380378, 0.29, 0.71, 0.373734
1, 0.388137, 0.29, 0.71, 0.387724
1, 0.381997, 0.29, 0.71, 0.372554
1, 0.384954, 0.29, 0.71, 0.376308
1, 0.367529, 0.29, 0.71, 0.366593
1, 0.370347, 0.29, 0.71, 0.372519
1, 0.383212, 0.29, 0.71, 0.386731
1, 0.377903, 0.29, 0.71, 0.378639
1, 0.373084, 0.29, 0.71, 0.371823
1, 0.37776, 0.29, 0.71, 0.379926
1, 0.381301, 0.29, 0.71, 0.378235
1, 0.368952, 0.29, 0.71, 0.370712
1, 0.374225, 0.29, 0.71, 0.375814
1, 0.366588, 0.29, 0.71, 0.369411
1, 0.386676, 0.3, 0.7, 0.38949
1, 0.387839, 0.3, 0.7, 0.39145
1, 0.395371, 0.3, 0.7, 0.391584
1, 0.392773, 0.3, 0.7, 0.395416
1, 0.389366, 0.3, 0.7, 0.389559
1, 0.393821, 0.3, 0.7, 0.392624
1, 0.382423, 0.3, 0.7, 0.378147
1, 0.390358, 0.3, 0.7, 0.386241
1, 0.404582, 0.3, 0.7, 0.403505
1, 0.377721, 0.3, 0.7, 0.378861
1, 0.398346, 0.3, 0.7, 0.392612
1, 0.392784, 0.3, 0.7, 0.39341
1, 0.377853, 0.3, 0.7, 0.380134
1, 0.402553, 0.3, 0.7, 0.40132
1, 0.390804, 0.3, 0.7, 0.393849
1, 0.393852, 0.3, 0.7, 0.390195
1, 0.394164, 0.3, 0.7, 0.395311
1, 0.38802, 0.3, 0.7, 0.38536
1, 0.396265, 0.3, 0.7, 0.393992
1, 0.392464, 0.3, 0.7, 0.389502
1, 0.387589, 0.3, 0.7, 0.387284
1, 0.400932, 0.3, 0.7, 0.398133
1, 0.402125, 0.3, 0.7, 0.403237
1, 0.399049, 0.3, 0.7, 0.395405
1, 0.390423, 0.3, 0.7, 0.390797
