# B5 Focused Dynamic Strategy Switching Simulation Results
# Schedule file: schedule_b5_pure_fork.txt
# Gamma (connectivity) range: 0.8 - 1.0 in 0.05 increments
# Hash rate range: 0.15 - 0.3 (15% - 30%) in 0.01 increments
Gamma, Miner0_ProfitFraction, Miner0_HashRate, Miner1_HashRate, Miner0_BlockFraction
0.8, 0.157658, 0.15, 0.85, 0.153062
0.8, 0.151859, 0.15, 0.85, 0.152069
0.8, 0.152781, 0.15, 0.85, 0.148527
0.8, 0.14834, 0.15, 0.85, 0.147918
0.8, 0.146288, 0.15, 0.85, 0.151149
0.8, 0.149343, 0.15, 0.85, 0.150596
0.8, 0.150398, 0.15, 0.85, 0.151087
0.8, 0.147145, 0.15, 0.85, 0.15066
0.8, 0.145201, 0.15, 0.85, 0.149755
0.8, 0.143813, 0.15, 0.85, 0.14699
0.8, 0.148639, 0.15, 0.85, 0.151322
0.8, 0.149566, 0.15, 0.85, 0.14966
0.8, 0.150087, 0.15, 0.85, 0.149152
0.8, 0.146017, 0.15, 0.85, 0.144096
0.8, 0.145386, 0.15, 0.85, 0.147902
0.8, 0.146982, 0.15, 0.85, 0.146788
0.8, 0.149915, 0.15, 0.85, 0.150459
0.8, 0.153014, 0.15, 0.85, 0.150548
0.8, 0.149167, 0.15, 0.85, 0.147566
0.8, 0.150129, 0.15, 0.85, 0.150621
0.8, 0.1487, 0.15, 0.85, 0.152525
0.8, 0.149543, 0.15, 0.85, 0.151187
0.8, 0.153613, 0.15, 0.85, 0.150076
0.8, 0.150745, 0.15, 0.85, 0.14815
0.8, 0.151826, 0.15, 0.85, 0.15135
0.8, 0.165468, 0.16, 0.84, 0.162265
0.8, 0.160345, 0.16, 0.84, 0.160643
0.8, 0.159506, 0.16, 0.84, 0.157901
0.8, 0.166744, 0.16, 0.84, 0.168535
0.8, 0.159389, 0.16, 0.84, 0.160098
0.8, 0.158749, 0.16, 0.84, 0.1628
0.8, 0.158097, 0.16, 0.84, 0.157867
0.8, 0.173768, 0.16, 0.84, 0.168945
0.8, 0.156679, 0.16, 0.84, 0.162189
0.8, 0.164219, 0.16, 0.84, 0.165816
0.8, 0.16199, 0.16, 0.84, 0.162441
0.8, 0.164118, 0.16, 0.84, 0.161963
0.8, 0.159719, 0.16, 0.84, 0.157778
0.8, 0.166663, 0.16, 0.84, 0.163738
0.8, 0.169744, 0.16, 0.84, 0.166816
0.8, 0.161052, 0.16, 0.84, 0.16176
0.8, 0.162224, 0.16, 0.84, 0.163809
0.8, 0.165637, 0.16, 0.84, 0.165918
0.8, 0.163407, 0.16, 0.84, 0.159452
0.8, 0.159431, 0.16, 0.84, 0.165026
0.8, 0.157987, 0.16, 0.84, 0.15928
0.8, 0.168721, 0.16, 0.84, 0.167342
0.8, 0.16761, 0.16, 0.84, 0.164151
0.8, 0.162788, 0.16, 0.84, 0.158807
0.8, 0.159244, 0.16, 0.84, 0.159429
0.8, 0.182124, 0.17, 0.83, 0.176114
0.8, 0.175031, 0.17, 0.83, 0.175588
0.8, 0.170733, 0.17, 0.83, 0.174821
0.8, 0.171326, 0.17, 0.83, 0.171781
0.8, 0.178186, 0.17, 0.83, 0.176994
0.8, 0.173915, 0.17, 0.83, 0.174239
0.8, 0.17425, 0.17, 0.83, 0.178288
0.8, 0.171229, 0.17, 0.83, 0.177228
0.8, 0.17749, 0.17, 0.83, 0.176386
0.8, 0.178266, 0.17, 0.83, 0.177175
0.8, 0.178588, 0.17, 0.83, 0.176982
0.8, 0.175144, 0.17, 0.83, 0.173832
0.8, 0.171695, 0.17, 0.83, 0.176287
0.8, 0.173374, 0.17, 0.83, 0.171776
0.8, 0.175641, 0.17, 0.83, 0.176867
0.8, 0.175417, 0.17, 0.83, 0.176591
0.8, 0.185673, 0.17, 0.83, 0.182385
0.8, 0.173141, 0.17, 0.83, 0.17472
0.8, 0.170626, 0.17, 0.83, 0.172257
0.8, 0.173426, 0.17, 0.83, 0.172529
0.8, 0.175708, 0.17, 0.83, 0.174537
0.8, 0.178307, 0.17, 0.83, 0.176783
0.8, 0.181574, 0.17, 0.83, 0.176956
0.8, 0.172069, 0.17, 0.83, 0.175225
0.8, 0.174226, 0.17, 0.83, 0.177913
0.8, 0.182246, 0.18, 0.82, 0.186014
0.8, 0.195008, 0.18, 0.82, 0.193605
0.8, 0.187276, 0.18, 0.82, 0.184637
0.8, 0.180551, 0.18, 0.82, 0.183766
0.8, 0.196112, 0.18, 0.82, 0.191724
0.8, 0.187989, 0.18, 0.82, 0.18854
0.8, 0.194818, 0.18, 0.82, 0.195867
0.8, 0.188538, 0.18, 0.82, 0.193535
0.8, 0.185233, 0.18, 0.82, 0.185788
0.8, 0.188349, 0.18, 0.82, 0.188602
0.8, 0.183264, 0.18, 0.82, 0.183919
0.8, 0.189128, 0.18, 0.82, 0.18674
0.8, 0.19542, 0.18, 0.82, 0.190418
0.8, 0.181908, 0.18, 0.82, 0.187082
0.8, 0.184888, 0.18, 0.82, 0.189006
0.8, 0.18556, 0.18, 0.82, 0.184832
0.8, 0.187958, 0.18, 0.82, 0.187722
0.8, 0.185038, 0.18, 0.82, 0.189801
0.8, 0.18142, 0.18, 0.82, 0.185499
0.8, 0.180201, 0.18, 0.82, 0.182757
0.8, 0.192141, 0.18, 0.82, 0.190713
0.8, 0.192088, 0.18, 0.82, 0.191834
0.8, 0.202147, 0.18, 0.82, 0.1906
0.8, 0.179648, 0.18, 0.82, 0.186107
0.8, 0.187153, 0.18, 0.82, 0.191241
0.8, 0.202764, 0.19, 0.81, 0.205392
0.8, 0.200341, 0.19, 0.81, 0.203088
0.8, 0.196844, 0.19, 0.81, 0.202777
0.8, 0.204545, 0.19, 0.81, 0.201333
0.8, 0.198807, 0.19, 0.81, 0.198284
0.8, 0.211274, 0.19, 0.81, 0.209976
0.8, 0.200262, 0.19, 0.81, 0.19935
0.8, 0.194126, 0.19, 0.81, 0.197968
0.8, 0.206056, 0.19, 0.81, 0.203325
0.8, 0.209949, 0.19, 0.81, 0.203655
0.8, 0.201768, 0.19, 0.81, 0.20236
0.8, 0.202645, 0.19, 0.81, 0.202703
0.8, 0.196186, 0.19, 0.81, 0.197893
0.8, 0.204685, 0.19, 0.81, 0.204283
0.8, 0.201618, 0.19, 0.81, 0.201816
0.8, 0.210765, 0.19, 0.81, 0.204506
0.8, 0.194555, 0.19, 0.81, 0.198957
0.8, 0.19626, 0.19, 0.81, 0.197367
0.8, 0.201758, 0.19, 0.81, 0.199056
0.8, 0.206507, 0.19, 0.81, 0.20607
0.8, 0.198302, 0.19, 0.81, 0.196876
0.8, 0.207891, 0.19, 0.81, 0.203981
0.8, 0.204477, 0.19, 0.81, 0.202431
0.8, 0.197622, 0.19, 0.81, 0.198727
0.8, 0.19885, 0.19, 0.81, 0.197918
0.8, 0.212633, 0.2, 0.8, 0.219722
0.8, 0.221541, 0.2, 0.8, 0.21965
0.8, 0.220221, 0.2, 0.8, 0.21586
0.8, 0.222058, 0.2, 0.8, 0.220057
0.8, 0.218632, 0.2, 0.8, 0.218678
0.8, 0.215821, 0.2, 0.8, 0.214842
0.8, 0.21814, 0.2, 0.8, 0.218175
0.8, 0.209274, 0.2, 0.8, 0.211756
0.8, 0.215458, 0.2, 0.8, 0.217208
0.8, 0.219094, 0.2, 0.8, 0.223084
0.8, 0.224066, 0.2, 0.8, 0.221515
0.8, 0.211494, 0.2, 0.8, 0.214584
0.8, 0.21372, 0.2, 0.8, 0.218165
0.8, 0.216278, 0.2, 0.8, 0.21626
0.8, 0.215434, 0.2, 0.8, 0.214732
0.8, 0.223607, 0.2, 0.8, 0.226356
0.8, 0.213671, 0.2, 0.8, 0.217294
0.8, 0.221208, 0.2, 0.8, 0.219583
0.8, 0.217398, 0.2, 0.8, 0.21379
0.8, 0.216292, 0.2, 0.8, 0.216078
0.8, 0.213244, 0.2, 0.8, 0.215466
0.8, 0.217362, 0.2, 0.8, 0.215033
0.8, 0.225615, 0.2, 0.8, 0.222441
0.8, 0.229279, 0.2, 0.8, 0.223117
0.8, 0.217045, 0.2, 0.8, 0.216216
0.8, 0.229484, 0.21, 0.79, 0.231671
0.8, 0.236988, 0.21, 0.79, 0.236419
0.8, 0.240896, 0.21, 0.79, 0.241239
0.8, 0.240541, 0.21, 0.79, 0.239119
0.8, 0.24031, 0.21, 0.79, 0.236314
0.8, 0.234125, 0.21, 0.79, 0.23181
0.8, 0.238484, 0.21, 0.79, 0.236306
0.8, 0.229801, 0.21, 0.79, 0.226983
0.8, 0.225404, 0.21, 0.79, 0.225028
0.8, 0.222828, 0.21, 0.79, 0.225276
0.8, 0.236618, 0.21, 0.79, 0.234668
0.8, 0.226429, 0.21, 0.79, 0.228912
0.8, 0.236326, 0.21, 0.79, 0.236779
0.8, 0.226147, 0.21, 0.79, 0.226896
0.8, 0.235826, 0.21, 0.79, 0.235978
0.8, 0.227499, 0.21, 0.79, 0.229943
0.8, 0.239407, 0.21, 0.79, 0.232957
0.8, 0.221609, 0.21, 0.79, 0.221994
0.8, 0.23575, 0.21, 0.79, 0.235246
0.8, 0.225377, 0.21, 0.79, 0.227313
0.8, 0.222338, 0.21, 0.79, 0.228147
0.8, 0.230156, 0.21, 0.79, 0.229498
0.8, 0.227869, 0.21, 0.79, 0.224706
0.8, 0.232375, 0.21, 0.79, 0.230211
0.8, 0.244178, 0.21, 0.79, 0.23788
0.8, 0.253368, 0.22, 0.78, 0.252545
0.8, 0.250311, 0.22, 0.78, 0.2496
0.8, 0.246299, 0.22, 0.78, 0.244293
0.8, 0.247243, 0.22, 0.78, 0.249254
0.8, 0.251557, 0.22, 0.78, 0.247628
0.8, 0.248408, 0.22, 0.78, 0.2464
0.8, 0.252446, 0.22, 0.78, 0.249335
0.8, 0.258465, 0.22, 0.78, 0.255106
0.8, 0.244846, 0.22, 0.78, 0.24628
0.8, 0.252831, 0.22, 0.78, 0.252415
0.8, 0.249349, 0.22, 0.78, 0.247065
0.8, 0.24415, 0.22, 0.78, 0.2434
0.8, 0.252871, 0.22, 0.78, 0.245912
0.8, 0.250569, 0.22, 0.78, 0.24789
0.8, 0.243297, 0.22, 0.78, 0.24399
0.8, 0.251023, 0.22, 0.78, 0.245078
0.8, 0.241917, 0.22, 0.78, 0.248253
0.8, 0.242546, 0.22, 0.78, 0.244286
0.8, 0.259497, 0.22, 0.78, 0.258538
0.8, 0.256454, 0.22, 0.78, 0.254517
0.8, 0.250659, 0.22, 0.78, 0.248597
0.8, 0.245169, 0.22, 0.78, 0.243853
0.8, 0.244619, 0.22, 0.78, 0.246189
0.8, 0.249925, 0.22, 0.78, 0.247625
0.8, 0.253098, 0.22, 0.78, 0.254043
0.8, 0.272882, 0.23, 0.77, 0.268735
0.8, 0.259007, 0.23, 0.77, 0.262444
0.8, 0.26069, 0.23, 0.77, 0.255768
0.8, 0.265327, 0.23, 0.77, 0.261613
0.8, 0.260546, 0.23, 0.77, 0.261583
0.8, 0.2521, 0.23, 0.77, 0.255898
0.8, 0.262183, 0.23, 0.77, 0.260971
0.8, 0.262894, 0.23, 0.77, 0.260141
0.8, 0.254668, 0.23, 0.77, 0.257274
0.8, 0.255045, 0.23, 0.77, 0.255851
0.8, 0.269944, 0.23, 0.77, 0.26519
0.8, 0.260592, 0.23, 0.77, 0.262369
0.8, 0.27171, 0.23, 0.77, 0.269162
0.8, 0.260927, 0.23, 0.77, 0.256217
0.8, 0.260245, 0.23, 0.77, 0.257034
0.8, 0.2629, 0.23, 0.77, 0.263514
0.8, 0.26624, 0.23, 0.77, 0.258156
0.8, 0.267599, 0.23, 0.77, 0.259846
0.8, 0.264829, 0.23, 0.77, 0.265182
0.8, 0.258049, 0.23, 0.77, 0.261495
0.8, 0.269552, 0.23, 0.77, 0.26719
0.8, 0.263024, 0.23, 0.77, 0.262856
0.8, 0.266523, 0.23, 0.77, 0.265773
0.8, 0.259253, 0.23, 0.77, 0.261184
0.8, 0.269703, 0.23, 0.77, 0.269684
0.8, 0.278879, 0.24, 0.76, 0.281936
0.8, 0.278012, 0.24, 0.76, 0.28071
0.8, 0.282609, 0.24, 0.76, 0.28132
0.8, 0.286485, 0.24, 0.76, 0.27869
0.8, 0.273458, 0.24, 0.76, 0.270527
0.8, 0.273712, 0.24, 0.76, 0.280689
0.8, 0.285722, 0.24, 0.76, 0.284517
0.8, 0.268278, 0.24, 0.76, 0.268517
0.8, 0.282147, 0.24, 0.76, 0.28153
0.8, 0.287057, 0.24, 0.76, 0.284071
0.8, 0.274722, 0.24, 0.76, 0.278435
0.8, 0.272497, 0.24, 0.76, 0.27891
0.8, 0.295808, 0.24, 0.76, 0.290108
0.8, 0.275494, 0.24, 0.76, 0.279336
0.8, 0.284422, 0.24, 0.76, 0.285977
0.8, 0.262356, 0.24, 0.76, 0.267416
0.8, 0.272316, 0.24, 0.76, 0.268867
0.8, 0.29466, 0.24, 0.76, 0.294508
0.8, 0.280544, 0.24, 0.76, 0.283714
0.8, 0.27638, 0.24, 0.76, 0.272692
0.8, 0.276166, 0.24, 0.76, 0.273586
0.8, 0.290512, 0.24, 0.76, 0.287719
0.8, 0.279151, 0.24, 0.76, 0.282318
0.8, 0.276363, 0.24, 0.76, 0.272928
0.8, 0.282573, 0.24, 0.76, 0.284573
0.8, 0.299064, 0.25, 0.75, 0.302487
0.8, 0.297205, 0.25, 0.75, 0.297107
0.8, 0.297533, 0.25, 0.75, 0.294562
0.8, 0.277656, 0.25, 0.75, 0.286279
0.8, 0.294615, 0.25, 0.75, 0.29343
0.8, 0.305069, 0.25, 0.75, 0.304494
0.8, 0.310297, 0.25, 0.75, 0.311197
0.8, 0.305757, 0.25, 0.75, 0.301416
0.8, 0.295135, 0.25, 0.75, 0.294063
0.8, 0.291716, 0.25, 0.75, 0.291492
0.8, 0.291979, 0.25, 0.75, 0.294683
0.8, 0.295589, 0.25, 0.75, 0.296877
0.8, 0.287835, 0.25, 0.75, 0.291244
0.8, 0.289837, 0.25, 0.75, 0.288068
0.8, 0.297498, 0.25, 0.75, 0.301768
0.8, 0.296377, 0.25, 0.75, 0.297566
0.8, 0.286195, 0.25, 0.75, 0.287373
0.8, 0.310621, 0.25, 0.75, 0.304164
0.8, 0.301505, 0.25, 0.75, 0.29944
0.8, 0.309156, 0.25, 0.75, 0.305875
0.8, 0.286882, 0.25, 0.75, 0.29173
0.8, 0.293112, 0.25, 0.75, 0.289714
0.8, 0.293612, 0.25, 0.75, 0.296455
0.8, 0.299097, 0.25, 0.75, 0.294589
0.8, 0.288312, 0.25, 0.75, 0.290249
0.8, 0.30313, 0.26, 0.74, 0.309135
0.8, 0.304337, 0.26, 0.74, 0.308038
0.8, 0.335505, 0.26, 0.74, 0.331289
0.8, 0.306771, 0.26, 0.74, 0.308479
0.8, 0.31706, 0.26, 0.74, 0.313663
0.8, 0.317116, 0.26, 0.74, 0.315754
0.8, 0.306497, 0.26, 0.74, 0.311299
0.8, 0.313875, 0.26, 0.74, 0.314848
0.8, 0.319279, 0.26, 0.74, 0.316736
0.8, 0.31457, 0.26, 0.74, 0.306016
0.8, 0.309253, 0.26, 0.74, 0.309303
0.8, 0.308489, 0.26, 0.74, 0.311502
0.8, 0.310672, 0.26, 0.74, 0.313298
0.8, 0.306993, 0.26, 0.74, 0.308509
0.8, 0.318127, 0.26, 0.74, 0.315318
0.8, 0.305917, 0.26, 0.74, 0.306731
0.8, 0.31582, 0.26, 0.74, 0.307682
0.8, 0.310854, 0.26, 0.74, 0.307863
0.8, 0.308803, 0.26, 0.74, 0.311632
0.8, 0.311931, 0.26, 0.74, 0.309082
0.8, 0.315112, 0.26, 0.74, 0.317106
0.8, 0.315678, 0.26, 0.74, 0.312985
0.8, 0.298005, 0.26, 0.74, 0.303987
0.8, 0.313159, 0.26, 0.74, 0.3069
0.8, 0.321807, 0.26, 0.74, 0.317323
0.8, 0.325891, 0.27, 0.73, 0.328728
0.8, 0.326985, 0.27, 0.73, 0.32889
0.8, 0.332942, 0.27, 0.73, 0.332873
0.8, 0.335522, 0.27, 0.73, 0.329048
0.8, 0.345012, 0.27, 0.73, 0.343216
0.8, 0.329136, 0.27, 0.73, 0.331209
0.8, 0.337134, 0.27, 0.73, 0.333447
0.8, 0.329102, 0.27, 0.73, 0.331323
0.8, 0.338543, 0.27, 0.73, 0.341744
0.8, 0.328631, 0.27, 0.73, 0.329372
0.8, 0.330528, 0.27, 0.73, 0.332023
0.8, 0.34134, 0.27, 0.73, 0.338385
0.8, 0.331098, 0.27, 0.73, 0.329656
0.8, 0.323743, 0.27, 0.73, 0.324191
0.8, 0.352872, 0.27, 0.73, 0.353367
0.8, 0.333425, 0.27, 0.73, 0.330858
0.8, 0.333694, 0.27, 0.73, 0.337469
0.8, 0.325927, 0.27, 0.73, 0.327699
0.8, 0.333535, 0.27, 0.73, 0.331721
0.8, 0.334954, 0.27, 0.73, 0.336435
0.8, 0.326361, 0.27, 0.73, 0.33237
0.8, 0.34011, 0.27, 0.73, 0.333879
0.8, 0.339031, 0.27, 0.73, 0.341387
0.8, 0.328272, 0.27, 0.73, 0.330299
0.8, 0.330029, 0.27, 0.73, 0.330031
0.8, 0.344626, 0.28, 0.72, 0.35139
0.8, 0.361782, 0.28, 0.72, 0.356874
0.8, 0.338241, 0.28, 0.72, 0.337429
0.8, 0.35619, 0.28, 0.72, 0.353538
0.8, 0.344923, 0.28, 0.72, 0.348773
0.8, 0.36068, 0.28, 0.72, 0.35952
0.8, 0.338946, 0.28, 0.72, 0.338063
0.8, 0.363242, 0.28, 0.72, 0.356793
0.8, 0.356883, 0.28, 0.72, 0.355145
0.8, 0.360337, 0.28, 0.72, 0.359765
0.8, 0.348006, 0.28, 0.72, 0.353215
0.8, 0.347639, 0.28, 0.72, 0.343258
0.8, 0.358156, 0.28, 0.72, 0.358871
0.8, 0.343012, 0.28, 0.72, 0.344531
0.8, 0.35288, 0.28, 0.72, 0.353035
0.8, 0.366883, 0.28, 0.72, 0.360486
0.8, 0.356394, 0.28, 0.72, 0.353153
0.8, 0.350945, 0.28, 0.72, 0.349153
0.8, 0.345396, 0.28, 0.72, 0.351451
0.8, 0.362165, 0.28, 0.72, 0.358347
0.8, 0.360554, 0.28, 0.72, 0.356381
0.8, 0.346075, 0.28, 0.72, 0.34587
0.8, 0.350383, 0.28, 0.72, 0.348073
0.8, 0.348457, 0.28, 0.72, 0.346808
0.8, 0.351862, 0.28, 0.72, 0.344266
0.8, 0.361981, 0.29, 0.71, 0.367993
0.8, 0.378455, 0.29, 0.71, 0.37631
0.8, 0.361537, 0.29, 0.71, 0.365348
0.8, 0.367824, 0.29, 0.71, 0.368048
0.8, 0.362551, 0.29, 0.71, 0.362212
0.8, 0.355198, 0.29, 0.71, 0.360615
0.8, 0.379537, 0.29, 0.71, 0.381399
0.8, 0.372273, 0.29, 0.71, 0.369847
0.8, 0.368768, 0.29, 0.71, 0.373469
0.8, 0.377491, 0.29, 0.71, 0.377929
0.8, 0.371196, 0.29, 0.71, 0.366099
0.8, 0.35726, 0.29, 0.71, 0.359405
0.8, 0.36213, 0.29, 0.71, 0.360773
0.8, 0.36746, 0.29, 0.71, 0.369352
0.8, 0.368324, 0.29, 0.71, 0.368287
0.8, 0.358359, 0.29, 0.71, 0.362776
0.8, 0.371716, 0.29, 0.71, 0.37234
0.8, 0.350486, 0.29, 0.71, 0.359377
0.8, 0.369061, 0.29, 0.71, 0.368866
0.8, 0.372313, 0.29, 0.71, 0.371752
0.8, 0.369887, 0.29, 0.71, 0.37232
0.8, 0.362299, 0.29, 0.71, 0.361373
0.8, 0.375028, 0.29, 0.71, 0.366488
0.8, 0.359533, 0.29, 0.71, 0.363713
0.8, 0.37182, 0.29, 0.71, 0.366709
0.8, 0.388823, 0.3, 0.7, 0.390051
0.8, 0.39282, 0.3, 0.7, 0.394674
0.8, 0.399965, 0.3, 0.7, 0.397531
0.8, 0.398638, 0.3, 0.7, 0.397876
0.8, 0.379222, 0.3, 0.7, 0.38227
0.8, 0.394786, 0.3, 0.7, 0.391843
0.8, 0.399876, 0.3, 0.7, 0.40261
0.8, 0.391568, 0.3, 0.7, 0.389078
0.8, 0.390205, 0.3, 0.7, 0.39358
0.8, 0.380957, 0.3, 0.7, 0.388557
0.8, 0.391054, 0.3, 0.7, 0.390092
0.8, 0.400564, 0.3, 0.7, 0.395239
0.8, 0.390042, 0.3, 0.7, 0.394411
0.8, 0.388833, 0.3, 0.7, 0.389158
0.8, 0.387582, 0.3, 0.7, 0.387993
0.8, 0.392337, 0.3, 0.7, 0.396852
0.8, 0.405474, 0.3, 0.7, 0.401406
0.8, 0.377046, 0.3, 0.7, 0.377147
0.8, 0.403488, 0.3, 0.7, 0.397018
0.8, 0.387406, 0.3, 0.7, 0.388315
0.8, 0.391764, 0.3, 0.7, 0.393049
0.8, 0.392311, 0.3, 0.7, 0.39255
0.8, 0.384297, 0.3, 0.7, 0.388785
0.8, 0.403012, 0.3, 0.7, 0.398269
0.8, 0.399782, 0.3, 0.7, 0.401188
0.85, 0.160787, 0.15, 0.85, 0.158216
0.85, 0.157686, 0.15, 0.85, 0.158191
0.85, 0.164419, 0.15, 0.85, 0.161356
0.85, 0.163434, 0.15, 0.85, 0.163142
0.85, 0.160757, 0.15, 0.85, 0.162067
0.85, 0.158036, 0.15, 0.85, 0.15771
0.85, 0.147722, 0.15, 0.85, 0.148936
0.85, 0.153263, 0.15, 0.85, 0.152989
0.85, 0.152166, 0.15, 0.85, 0.154169
0.85, 0.158447, 0.15, 0.85, 0.157846
0.85, 0.158637, 0.15, 0.85, 0.153833
0.85, 0.159941, 0.15, 0.85, 0.156535
0.85, 0.149623, 0.15, 0.85, 0.148399
0.85, 0.160908, 0.15, 0.85, 0.157055
0.85, 0.155458, 0.15, 0.85, 0.158477
0.85, 0.151688, 0.15, 0.85, 0.156195
0.85, 0.165126, 0.15, 0.85, 0.162498
0.85, 0.149048, 0.15, 0.85, 0.150557
0.85, 0.153112, 0.15, 0.85, 0.152252
0.85, 0.149895, 0.15, 0.85, 0.155499
0.85, 0.159358, 0.15, 0.85, 0.159753
0.85, 0.155573, 0.15, 0.85, 0.15657
0.85, 0.152358, 0.15, 0.85, 0.15489
0.85, 0.146839, 0.15, 0.85, 0.151837
0.85, 0.160699, 0.15, 0.85, 0.15901
0.85, 0.171061, 0.16, 0.84, 0.171117
0.85, 0.168198, 0.16, 0.84, 0.167351
0.85, 0.165971, 0.16, 0.84, 0.167229
0.85, 0.171767, 0.16, 0.84, 0.169351
0.85, 0.173075, 0.16, 0.84, 0.171695
0.85, 0.176446, 0.16, 0.84, 0.173944
0.85, 0.167095, 0.16, 0.84, 0.16538
0.85, 0.167173, 0.16, 0.84, 0.169694
0.85, 0.168754, 0.16, 0.84, 0.172093
0.85, 0.167789, 0.16, 0.84, 0.167376
0.85, 0.169248, 0.16, 0.84, 0.168187
0.85, 0.17795, 0.16, 0.84, 0.177828
0.85, 0.170769, 0.16, 0.84, 0.168657
0.85, 0.177975, 0.16, 0.84, 0.174176
0.85, 0.176654, 0.16, 0.84, 0.17689
0.85, 0.170264, 0.16, 0.84, 0.168166
0.85, 0.173395, 0.16, 0.84, 0.170214
0.85, 0.166349, 0.16, 0.84, 0.168692
0.85, 0.168143, 0.16, 0.84, 0.172179
0.85, 0.168564, 0.16, 0.84, 0.171598
0.85, 0.170924, 0.16, 0.84, 0.172609
0.85, 0.170282, 0.16, 0.84, 0.169292
0.85, 0.168263, 0.16, 0.84, 0.168708
0.85, 0.168253, 0.16, 0.84, 0.17105
0.85, 0.175856, 0.16, 0.84, 0.173039
0.85, 0.184928, 0.17, 0.83, 0.186802
0.85, 0.186472, 0.17, 0.83, 0.189594
0.85, 0.190128, 0.17, 0.83, 0.189072
0.85, 0.178523, 0.17, 0.83, 0.178195
0.85, 0.183013, 0.17, 0.83, 0.180878
0.85, 0.18262, 0.17, 0.83, 0.180664
0.85, 0.188634, 0.17, 0.83, 0.189178
0.85, 0.18911, 0.17, 0.83, 0.185896
0.85, 0.181335, 0.17, 0.83, 0.17948
0.85, 0.176198, 0.17, 0.83, 0.18063
0.85, 0.179675, 0.17, 0.83, 0.181512
0.85, 0.179222, 0.17, 0.83, 0.179743
0.85, 0.184299, 0.17, 0.83, 0.184035
0.85, 0.180714, 0.17, 0.83, 0.182147
0.85, 0.178572, 0.17, 0.83, 0.179834
0.85, 0.190461, 0.17, 0.83, 0.185709
0.85, 0.180862, 0.17, 0.83, 0.184551
0.85, 0.181894, 0.17, 0.83, 0.183602
0.85, 0.176232, 0.17, 0.83, 0.181275
0.85, 0.185935, 0.17, 0.83, 0.189247
0.85, 0.190071, 0.17, 0.83, 0.187605
0.85, 0.186734, 0.17, 0.83, 0.187549
0.85, 0.184635, 0.17, 0.83, 0.183193
0.85, 0.185598, 0.17, 0.83, 0.189551
0.85, 0.18732, 0.17, 0.83, 0.187265
0.85, 0.201206, 0.18, 0.82, 0.198034
0.85, 0.195742, 0.18, 0.82, 0.195382
0.85, 0.187999, 0.18, 0.82, 0.190023
0.85, 0.197597, 0.18, 0.82, 0.197129
0.85, 0.195365, 0.18, 0.82, 0.197721
0.85, 0.200736, 0.18, 0.82, 0.202369
0.85, 0.19611, 0.18, 0.82, 0.190802
0.85, 0.201476, 0.18, 0.82, 0.196379
0.85, 0.1957, 0.18, 0.82, 0.19591
0.85, 0.199703, 0.18, 0.82, 0.20529
0.85, 0.197258, 0.18, 0.82, 0.197331
0.85, 0.206888, 0.18, 0.82, 0.19907
0.85, 0.193812, 0.18, 0.82, 0.196943
0.85, 0.193623, 0.18, 0.82, 0.198011
0.85, 0.200537, 0.18, 0.82, 0.202655
0.85, 0.191719, 0.18, 0.82, 0.195132
0.85, 0.199499, 0.18, 0.82, 0.199963
0.85, 0.203508, 0.18, 0.82, 0.201231
0.85, 0.189914, 0.18, 0.82, 0.193095
0.85, 0.198412, 0.18, 0.82, 0.200993
0.85, 0.196508, 0.18, 0.82, 0.195193
0.85, 0.192795, 0.18, 0.82, 0.194481
0.85, 0.202177, 0.18, 0.82, 0.199205
0.85, 0.198997, 0.18, 0.82, 0.197728
0.85, 0.199448, 0.18, 0.82, 0.202369
0.85, 0.210746, 0.19, 0.81, 0.211262
0.85, 0.20973, 0.19, 0.81, 0.209596
0.85, 0.214915, 0.19, 0.81, 0.211613
0.85, 0.213964, 0.19, 0.81, 0.216017
0.85, 0.218207, 0.19, 0.81, 0.213156
0.85, 0.212173, 0.19, 0.81, 0.208356
0.85, 0.206856, 0.19, 0.81, 0.208323
0.85, 0.212118, 0.19, 0.81, 0.216859
0.85, 0.209602, 0.19, 0.81, 0.212406
0.85, 0.200001, 0.19, 0.81, 0.205932
0.85, 0.214092, 0.19, 0.81, 0.212829
0.85, 0.210506, 0.19, 0.81, 0.209658
0.85, 0.207624, 0.19, 0.81, 0.214978
0.85, 0.219103, 0.19, 0.81, 0.215555
0.85, 0.21218, 0.19, 0.81, 0.211127
0.85, 0.201876, 0.19, 0.81, 0.201015
0.85, 0.205997, 0.19, 0.81, 0.208683
0.85, 0.213584, 0.19, 0.81, 0.210478
0.85, 0.212917, 0.19, 0.81, 0.211028
0.85, 0.212398, 0.19, 0.81, 0.210967
0.85, 0.214748, 0.19, 0.81, 0.213629
0.85, 0.218525, 0.19, 0.81, 0.218374
0.85, 0.211435, 0.19, 0.81, 0.209391
0.85, 0.208348, 0.19, 0.81, 0.210839
0.85, 0.202291, 0.19, 0.81, 0.206223
0.85, 0.22069, 0.2, 0.8, 0.224811
0.85, 0.230018, 0.2, 0.8, 0.230919
0.85, 0.22149, 0.2, 0.8, 0.225332
0.85, 0.228702, 0.2, 0.8, 0.231088
0.85, 0.22635, 0.2, 0.8, 0.227985
0.85, 0.22068, 0.2, 0.8, 0.225119
0.85, 0.235904, 0.2, 0.8, 0.236021
0.85, 0.217867, 0.2, 0.8, 0.22438
0.85, 0.239972, 0.2, 0.8, 0.237032
0.85, 0.228803, 0.2, 0.8, 0.229212
0.85, 0.237234, 0.2, 0.8, 0.227267
0.85, 0.216062, 0.2, 0.8, 0.217134
0.85, 0.230909, 0.2, 0.8, 0.227688
0.85, 0.240341, 0.2, 0.8, 0.235798
0.85, 0.226104, 0.2, 0.8, 0.221471
0.85, 0.227822, 0.2, 0.8, 0.228156
0.85, 0.236698, 0.2, 0.8, 0.224524
0.85, 0.220894, 0.2, 0.8, 0.221782
0.85, 0.22066, 0.2, 0.8, 0.222869
0.85, 0.217261, 0.2, 0.8, 0.220397
0.85, 0.222943, 0.2, 0.8, 0.228586
0.85, 0.216834, 0.2, 0.8, 0.221233
0.85, 0.228277, 0.2, 0.8, 0.227699
0.85, 0.223735, 0.2, 0.8, 0.215282
0.85, 0.226116, 0.2, 0.8, 0.224524
0.85, 0.243439, 0.21, 0.79, 0.241037
0.85, 0.248356, 0.21, 0.79, 0.245665
0.85, 0.250035, 0.21, 0.79, 0.244832
0.85, 0.234881, 0.21, 0.79, 0.238653
0.85, 0.24362, 0.21, 0.79, 0.244072
0.85, 0.245267, 0.21, 0.79, 0.246358
0.85, 0.242899, 0.21, 0.79, 0.244092
0.85, 0.246324, 0.21, 0.79, 0.245066
0.85, 0.240207, 0.21, 0.79, 0.240448
0.85, 0.243844, 0.21, 0.79, 0.243425
0.85, 0.241459, 0.21, 0.79, 0.237015
0.85, 0.231715, 0.21, 0.79, 0.238777
0.85, 0.238232, 0.21, 0.79, 0.2394
0.85, 0.247218, 0.21, 0.79, 0.246784
0.85, 0.240339, 0.21, 0.79, 0.242618
0.85, 0.234114, 0.21, 0.79, 0.237668
0.85, 0.246605, 0.21, 0.79, 0.242208
0.85, 0.244272, 0.21, 0.79, 0.241039
0.85, 0.246535, 0.21, 0.79, 0.246041
0.85, 0.237431, 0.21, 0.79, 0.242077
0.85, 0.247397, 0.21, 0.79, 0.243687
0.85, 0.23422, 0.21, 0.79, 0.237309
0.85, 0.24969, 0.21, 0.79, 0.249984
0.85, 0.231028, 0.21, 0.79, 0.236941
0.85, 0.240108, 0.21, 0.79, 0.240833
0.85, 0.261045, 0.22, 0.78, 0.254137
0.85, 0.251288, 0.22, 0.78, 0.255917
0.85, 0.256282, 0.22, 0.78, 0.253436
0.85, 0.258617, 0.22, 0.78, 0.254047
0.85, 0.263837, 0.22, 0.78, 0.266909
0.85, 0.261969, 0.22, 0.78, 0.264968
0.85, 0.252948, 0.22, 0.78, 0.253185
0.85, 0.259231, 0.22, 0.78, 0.256633
0.85, 0.253319, 0.22, 0.78, 0.252336
0.85, 0.258352, 0.22, 0.78, 0.254571
0.85, 0.25655, 0.22, 0.78, 0.258295
0.85, 0.250152, 0.22, 0.78, 0.252967
0.85, 0.266458, 0.22, 0.78, 0.268995
0.85, 0.249668, 0.22, 0.78, 0.251226
0.85, 0.252111, 0.22, 0.78, 0.251417
0.85, 0.259148, 0.22, 0.78, 0.261701
0.85, 0.26235, 0.22, 0.78, 0.258706
0.85, 0.259975, 0.22, 0.78, 0.263602
0.85, 0.259667, 0.22, 0.78, 0.259703
0.85, 0.26626, 0.22, 0.78, 0.268414
0.85, 0.257685, 0.22, 0.78, 0.252593
0.85, 0.256271, 0.22, 0.78, 0.25137
0.85, 0.250898, 0.22, 0.78, 0.254369
0.85, 0.254394, 0.22, 0.78, 0.25038
0.85, 0.260748, 0.22, 0.78, 0.256674
0.85, 0.271643, 0.23, 0.77, 0.275937
0.85, 0.268985, 0.23, 0.77, 0.265649
0.85, 0.271861, 0.23, 0.77, 0.270874
0.85, 0.278011, 0.23, 0.77, 0.276537
0.85, 0.276206, 0.23, 0.77, 0.280065
0.85, 0.27904, 0.23, 0.77, 0.277384
0.85, 0.259445, 0.23, 0.77, 0.263598
0.85, 0.275324, 0.23, 0.77, 0.269955
0.85, 0.272497, 0.23, 0.77, 0.270781
0.85, 0.280669, 0.23, 0.77, 0.281966
0.85, 0.271299, 0.23, 0.77, 0.278394
0.85, 0.275652, 0.23, 0.77, 0.281258
0.85, 0.27349, 0.23, 0.77, 0.272219
0.85, 0.265354, 0.23, 0.77, 0.268405
0.85, 0.274534, 0.23, 0.77, 0.27134
0.85, 0.278414, 0.23, 0.77, 0.268217
0.85, 0.278158, 0.23, 0.77, 0.278756
0.85, 0.276292, 0.23, 0.77, 0.276076
0.85, 0.280069, 0.23, 0.77, 0.274396
0.85, 0.275603, 0.23, 0.77, 0.281256
0.85, 0.285527, 0.23, 0.77, 0.276221
0.85, 0.272504, 0.23, 0.77, 0.270512
0.85, 0.269679, 0.23, 0.77, 0.270319
0.85, 0.269984, 0.23, 0.77, 0.272376
0.85, 0.284371, 0.23, 0.77, 0.276505
0.85, 0.288468, 0.24, 0.76, 0.29105
0.85, 0.287984, 0.24, 0.76, 0.288652
0.85, 0.285544, 0.24, 0.76, 0.283947
0.85, 0.286858, 0.24, 0.76, 0.288086
0.85, 0.293744, 0.24, 0.76, 0.290895
0.85, 0.280864, 0.24, 0.76, 0.281095
0.85, 0.285944, 0.24, 0.76, 0.28781
0.85, 0.292233, 0.24, 0.76, 0.290787
0.85, 0.282481, 0.24, 0.76, 0.289026
0.85, 0.293872, 0.24, 0.76, 0.293625
0.85, 0.277823, 0.24, 0.76, 0.280903
0.85, 0.283397, 0.24, 0.76, 0.288076
0.85, 0.286831, 0.24, 0.76, 0.285168
0.85, 0.287825, 0.24, 0.76, 0.291495
0.85, 0.286737, 0.24, 0.76, 0.285996
0.85, 0.282774, 0.24, 0.76, 0.288283
0.85, 0.291415, 0.24, 0.76, 0.288772
0.85, 0.28809, 0.24, 0.76, 0.281766
0.85, 0.287331, 0.24, 0.76, 0.287738
0.85, 0.296921, 0.24, 0.76, 0.292293
0.85, 0.28265, 0.24, 0.76, 0.286996
0.85, 0.289615, 0.24, 0.76, 0.287954
0.85, 0.286667, 0.24, 0.76, 0.283924
0.85, 0.284048, 0.24, 0.76, 0.287513
0.85, 0.295402, 0.24, 0.76, 0.293431
0.85, 0.313469, 0.25, 0.75, 0.315384
0.85, 0.309165, 0.25, 0.75, 0.309826
0.85, 0.306312, 0.25, 0.75, 0.3016
0.85, 0.30954, 0.25, 0.75, 0.313386
0.85, 0.30936, 0.25, 0.75, 0.299505
0.85, 0.294649, 0.25, 0.75, 0.298049
0.85, 0.311082, 0.25, 0.75, 0.307058
0.85, 0.313454, 0.25, 0.75, 0.310759
0.85, 0.303668, 0.25, 0.75, 0.309987
0.85, 0.297625, 0.25, 0.75, 0.300912
0.85, 0.307084, 0.25, 0.75, 0.305211
0.85, 0.319028, 0.25, 0.75, 0.320237
0.85, 0.306736, 0.25, 0.75, 0.304377
0.85, 0.313148, 0.25, 0.75, 0.308896
0.85, 0.306999, 0.25, 0.75, 0.308946
0.85, 0.301264, 0.25, 0.75, 0.303185
0.85, 0.306124, 0.25, 0.75, 0.305521
0.85, 0.30648, 0.25, 0.75, 0.305134
0.85, 0.304477, 0.25, 0.75, 0.304795
0.85, 0.308897, 0.25, 0.75, 0.30735
0.85, 0.310714, 0.25, 0.75, 0.312671
0.85, 0.306431, 0.25, 0.75, 0.307812
0.85, 0.304302, 0.25, 0.75, 0.302038
0.85, 0.318224, 0.25, 0.75, 0.312677
0.85, 0.305284, 0.25, 0.75, 0.310552
0.85, 0.33148, 0.26, 0.74, 0.32972
0.85, 0.327781, 0.26, 0.74, 0.327303
0.85, 0.327254, 0.26, 0.74, 0.323856
0.85, 0.333889, 0.26, 0.74, 0.331453
0.85, 0.309116, 0.26, 0.74, 0.312178
0.85, 0.313282, 0.26, 0.74, 0.318626
0.85, 0.328686, 0.26, 0.74, 0.331948
0.85, 0.331534, 0.26, 0.74, 0.329993
0.85, 0.322037, 0.26, 0.74, 0.321565
0.85, 0.316097, 0.26, 0.74, 0.318446
0.85, 0.326207, 0.26, 0.74, 0.326081
0.85, 0.312832, 0.26, 0.74, 0.317616
0.85, 0.327698, 0.26, 0.74, 0.329233
0.85, 0.323503, 0.26, 0.74, 0.327566
0.85, 0.315296, 0.26, 0.74, 0.318498
0.85, 0.317413, 0.26, 0.74, 0.317616
0.85, 0.319648, 0.26, 0.74, 0.319944
0.85, 0.325238, 0.26, 0.74, 0.32569
0.85, 0.328717, 0.26, 0.74, 0.326948
0.85, 0.317821, 0.26, 0.74, 0.319159
0.85, 0.317875, 0.26, 0.74, 0.319622
0.85, 0.316991, 0.26, 0.74, 0.316912
0.85, 0.318508, 0.26, 0.74, 0.320719
0.85, 0.327125, 0.26, 0.74, 0.321462
0.85, 0.320649, 0.26, 0.74, 0.320555
0.85, 0.342891, 0.27, 0.73, 0.343767
0.85, 0.346688, 0.27, 0.73, 0.34389
0.85, 0.332636, 0.27, 0.73, 0.340763
0.85, 0.34403, 0.27, 0.73, 0.339422
0.85, 0.361193, 0.27, 0.73, 0.356332
0.85, 0.345591, 0.27, 0.73, 0.347106
0.85, 0.328997, 0.27, 0.73, 0.332172
0.85, 0.339286, 0.27, 0.73, 0.336671
0.85, 0.337274, 0.27, 0.73, 0.33998
0.85, 0.35337, 0.27, 0.73, 0.356221
0.85, 0.341723, 0.27, 0.73, 0.335773
0.85, 0.340677, 0.27, 0.73, 0.341653
0.85, 0.341388, 0.27, 0.73, 0.335228
0.85, 0.340067, 0.27, 0.73, 0.345837
0.85, 0.350016, 0.27, 0.73, 0.346571
0.85, 0.344506, 0.27, 0.73, 0.339961
0.85, 0.34111, 0.27, 0.73, 0.33875
0.85, 0.349111, 0.27, 0.73, 0.344689
0.85, 0.335891, 0.27, 0.73, 0.33608
0.85, 0.358266, 0.27, 0.73, 0.356652
0.85, 0.357029, 0.27, 0.73, 0.346239
0.85, 0.356465, 0.27, 0.73, 0.353128
0.85, 0.348846, 0.27, 0.73, 0.34866
0.85, 0.340171, 0.27, 0.73, 0.338669
0.85, 0.334628, 0.27, 0.73, 0.333128
0.85, 0.368179, 0.28, 0.72, 0.37031
0.85, 0.362887, 0.28, 0.72, 0.362622
0.85, 0.358612, 0.28, 0.72, 0.361107
0.85, 0.361123, 0.28, 0.72, 0.362826
0.85, 0.360771, 0.28, 0.72, 0.361335
0.85, 0.36623, 0.28, 0.72, 0.366104
0.85, 0.359993, 0.28, 0.72, 0.359753
0.85, 0.368887, 0.28, 0.72, 0.366469
0.85, 0.361794, 0.28, 0.72, 0.360553
0.85, 0.347663, 0.28, 0.72, 0.346901
0.85, 0.363083, 0.28, 0.72, 0.365854
0.85, 0.359621, 0.28, 0.72, 0.356498
0.85, 0.358861, 0.28, 0.72, 0.365738
0.85, 0.342491, 0.28, 0.72, 0.346826
0.85, 0.357384, 0.28, 0.72, 0.358498
0.85, 0.373719, 0.28, 0.72, 0.369766
0.85, 0.351357, 0.28, 0.72, 0.355034
0.85, 0.355045, 0.28, 0.72, 0.35165
0.85, 0.356487, 0.28, 0.72, 0.360829
0.85, 0.370232, 0.28, 0.72, 0.366938
0.85, 0.369395, 0.28, 0.72, 0.367926
0.85, 0.354194, 0.28, 0.72, 0.357088
0.85, 0.362774, 0.28, 0.72, 0.363751
0.85, 0.366721, 0.28, 0.72, 0.366822
0.85, 0.365513, 0.28, 0.72, 0.362159
0.85, 0.370569, 0.29, 0.71, 0.372167
0.85, 0.377306, 0.29, 0.71, 0.376827
0.85, 0.366858, 0.29, 0.71, 0.375908
0.85, 0.382189, 0.29, 0.71, 0.383679
0.85, 0.387689, 0.29, 0.71, 0.382574
0.85, 0.37226, 0.29, 0.71, 0.373497
0.85, 0.37541, 0.29, 0.71, 0.375846
0.85, 0.380116, 0.29, 0.71, 0.382122
0.85, 0.372537, 0.29, 0.71, 0.377084
0.85, 0.38334, 0.29, 0.71, 0.385668
0.85, 0.376203, 0.29, 0.71, 0.380111
0.85, 0.395715, 0.29, 0.71, 0.39264
0.85, 0.391591, 0.29, 0.71, 0.382137
0.85, 0.380036, 0.29, 0.71, 0.385705
0.85, 0.390921, 0.29, 0.71, 0.388695
0.85, 0.378639, 0.29, 0.71, 0.376902
0.85, 0.372106, 0.29, 0.71, 0.370871
0.85, 0.378514, 0.29, 0.71, 0.373665
0.85, 0.383191, 0.29, 0.71, 0.382359
0.85, 0.388998, 0.29, 0.71, 0.382454
0.85, 0.376692, 0.29, 0.71, 0.378749
0.85, 0.385036, 0.29, 0.71, 0.385622
0.85, 0.375177, 0.29, 0.71, 0.377119
0.85, 0.380259, 0.29, 0.71, 0.377007
0.85, 0.387716, 0.29, 0.71, 0.390383
0.85, 0.400198, 0.3, 0.7, 0.396533
0.85, 0.418166, 0.3, 0.7, 0.414493
0.85, 0.392794, 0.3, 0.7, 0.400299
0.85, 0.407148, 0.3, 0.7, 0.404823
0.85, 0.397741, 0.3, 0.7, 0.403893
0.85, 0.412385, 0.3, 0.7, 0.406825
0.85, 0.409305, 0.3, 0.7, 0.404463
0.85, 0.410592, 0.3, 0.7, 0.411786
0.85, 0.394994, 0.3, 0.7, 0.397156
0.85, 0.393, 0.3, 0.7, 0.399886
0.85, 0.405027, 0.3, 0.7, 0.404659
0.85, 0.40179, 0.3, 0.7, 0.401432
0.85, 0.40593, 0.3, 0.7, 0.401049
0.85, 0.400705, 0.3, 0.7, 0.400231
0.85, 0.407812, 0.3, 0.7, 0.410328
0.85, 0.390985, 0.3, 0.7, 0.397581
0.85, 0.39244, 0.3, 0.7, 0.392144
0.85, 0.400141, 0.3, 0.7, 0.401912
0.85, 0.409118, 0.3, 0.7, 0.404538
0.85, 0.39714, 0.3, 0.7, 0.399116
0.85, 0.402593, 0.3, 0.7, 0.40169
0.85, 0.400299, 0.3, 0.7, 0.401195
0.85, 0.40259, 0.3, 0.7, 0.396414
0.85, 0.40938, 0.3, 0.7, 0.406506
0.85, 0.410032, 0.3, 0.7, 0.414997
0.9, 0.163479, 0.15, 0.85, 0.16313
0.9, 0.161734, 0.15, 0.85, 0.165679
0.9, 0.16414, 0.15, 0.85, 0.162931
0.9, 0.16392, 0.15, 0.85, 0.166522
0.9, 0.166574, 0.15, 0.85, 0.169511
0.9, 0.166902, 0.15, 0.85, 0.167146
0.9, 0.167844, 0.15, 0.85, 0.162083
0.9, 0.174404, 0.15, 0.85, 0.171101
0.9, 0.166206, 0.15, 0.85, 0.164691
0.9, 0.161807, 0.15, 0.85, 0.160016
0.9, 0.169239, 0.15, 0.85, 0.16759
0.9, 0.16876, 0.15, 0.85, 0.163944
0.9, 0.171185, 0.15, 0.85, 0.167335
0.9, 0.173555, 0.15, 0.85, 0.168008
0.9, 0.164408, 0.15, 0.85, 0.163879
0.9, 0.158422, 0.15, 0.85, 0.159833
0.9, 0.160907, 0.15, 0.85, 0.162793
0.9, 0.168571, 0.15, 0.85, 0.165477
0.9, 0.162814, 0.15, 0.85, 0.162741
0.9, 0.162153, 0.15, 0.85, 0.160971
0.9, 0.159298, 0.15, 0.85, 0.160679
0.9, 0.166629, 0.15, 0.85, 0.164126
0.9, 0.159896, 0.15, 0.85, 0.163053
0.9, 0.16916, 0.15, 0.85, 0.165912
0.9, 0.165599, 0.15, 0.85, 0.167117
0.9, 0.18075, 0.16, 0.84, 0.181095
0.9, 0.170477, 0.16, 0.84, 0.172752
0.9, 0.176405, 0.16, 0.84, 0.179837
0.9, 0.176056, 0.16, 0.84, 0.173129
0.9, 0.17159, 0.16, 0.84, 0.172908
0.9, 0.175426, 0.16, 0.84, 0.179196
0.9, 0.180137, 0.16, 0.84, 0.176346
0.9, 0.185451, 0.16, 0.84, 0.181305
0.9, 0.176707, 0.16, 0.84, 0.180241
0.9, 0.180674, 0.16, 0.84, 0.180187
0.9, 0.182062, 0.16, 0.84, 0.182335
0.9, 0.174702, 0.16, 0.84, 0.174356
0.9, 0.172539, 0.16, 0.84, 0.174692
0.9, 0.179902, 0.16, 0.84, 0.179276
0.9, 0.177076, 0.16, 0.84, 0.177176
0.9, 0.175689, 0.16, 0.84, 0.175691
0.9, 0.181548, 0.16, 0.84, 0.183462
0.9, 0.183959, 0.16, 0.84, 0.179673
0.9, 0.181207, 0.16, 0.84, 0.178521
0.9, 0.179821, 0.16, 0.84, 0.179741
0.9, 0.178968, 0.16, 0.84, 0.179804
0.9, 0.174373, 0.16, 0.84, 0.172774
0.9, 0.174989, 0.16, 0.84, 0.17022
0.9, 0.170536, 0.16, 0.84, 0.1747
0.9, 0.169199, 0.16, 0.84, 0.175071
0.9, 0.18593, 0.17, 0.83, 0.193106
0.9, 0.189561, 0.17, 0.83, 0.192837
0.9, 0.183015, 0.17, 0.83, 0.184651
0.9, 0.18868, 0.17, 0.83, 0.188033
0.9, 0.184906, 0.17, 0.83, 0.188392
0.9, 0.191235, 0.17, 0.83, 0.193826
0.9, 0.188844, 0.17, 0.83, 0.188959
0.9, 0.196401, 0.17, 0.83, 0.190825
0.9, 0.196871, 0.17, 0.83, 0.192995
0.9, 0.193534, 0.17, 0.83, 0.192373
0.9, 0.188595, 0.17, 0.83, 0.191065
0.9, 0.194135, 0.17, 0.83, 0.192917
0.9, 0.182605, 0.17, 0.83, 0.186591
0.9, 0.19318, 0.17, 0.83, 0.190959
0.9, 0.191098, 0.17, 0.83, 0.192091
0.9, 0.190396, 0.17, 0.83, 0.18979
0.9, 0.196222, 0.17, 0.83, 0.196281
0.9, 0.184558, 0.17, 0.83, 0.189454
0.9, 0.183435, 0.17, 0.83, 0.186374
0.9, 0.188797, 0.17, 0.83, 0.189731
0.9, 0.18463, 0.17, 0.83, 0.186041
0.9, 0.194261, 0.17, 0.83, 0.194155
0.9, 0.183188, 0.17, 0.83, 0.185083
0.9, 0.198536, 0.17, 0.83, 0.193544
0.9, 0.1852, 0.17, 0.83, 0.185531
0.9, 0.212596, 0.18, 0.82, 0.213544
0.9, 0.203672, 0.18, 0.82, 0.205848
0.9, 0.200158, 0.18, 0.82, 0.203551
0.9, 0.199081, 0.18, 0.82, 0.201088
0.9, 0.196889, 0.18, 0.82, 0.200305
0.9, 0.202019, 0.18, 0.82, 0.202707
0.9, 0.207068, 0.18, 0.82, 0.205986
0.9, 0.200837, 0.18, 0.82, 0.202037
0.9, 0.204635, 0.18, 0.82, 0.20589
0.9, 0.21156, 0.18, 0.82, 0.212972
0.9, 0.206319, 0.18, 0.82, 0.200871
0.9, 0.213855, 0.18, 0.82, 0.209538
0.9, 0.201728, 0.18, 0.82, 0.207497
0.9, 0.204033, 0.18, 0.82, 0.204466
0.9, 0.210528, 0.18, 0.82, 0.206386
0.9, 0.202371, 0.18, 0.82, 0.202532
0.9, 0.195716, 0.18, 0.82, 0.197832
0.9, 0.210988, 0.18, 0.82, 0.207759
0.9, 0.211652, 0.18, 0.82, 0.209794
0.9, 0.197102, 0.18, 0.82, 0.200524
0.9, 0.197697, 0.18, 0.82, 0.192549
0.9, 0.198952, 0.18, 0.82, 0.199624
0.9, 0.207646, 0.18, 0.82, 0.209235
0.9, 0.196949, 0.18, 0.82, 0.198944
0.9, 0.205439, 0.18, 0.82, 0.208351
0.9, 0.225154, 0.19, 0.81, 0.225079
0.9, 0.211132, 0.19, 0.81, 0.215094
0.9, 0.22227, 0.19, 0.81, 0.222855
0.9, 0.220269, 0.19, 0.81, 0.222619
0.9, 0.230607, 0.19, 0.81, 0.22367
0.9, 0.217966, 0.19, 0.81, 0.221128
0.9, 0.204649, 0.19, 0.81, 0.206826
0.9, 0.219752, 0.19, 0.81, 0.223381
0.9, 0.221424, 0.19, 0.81, 0.216076
0.9, 0.223767, 0.19, 0.81, 0.221667
0.9, 0.229351, 0.19, 0.81, 0.227033
0.9, 0.214078, 0.19, 0.81, 0.21667
0.9, 0.21812, 0.19, 0.81, 0.215509
0.9, 0.221704, 0.19, 0.81, 0.221928
0.9, 0.219724, 0.19, 0.81, 0.220354
0.9, 0.209781, 0.19, 0.81, 0.213845
0.9, 0.217911, 0.19, 0.81, 0.215643
0.9, 0.226515, 0.19, 0.81, 0.223356
0.9, 0.22472, 0.19, 0.81, 0.22394
0.9, 0.224804, 0.19, 0.81, 0.220063
0.9, 0.215631, 0.19, 0.81, 0.217996
0.9, 0.217997, 0.19, 0.81, 0.218009
0.9, 0.218888, 0.19, 0.81, 0.220168
0.9, 0.230133, 0.19, 0.81, 0.228609
0.9, 0.226771, 0.19, 0.81, 0.227213
0.9, 0.234143, 0.2, 0.8, 0.236273
0.9, 0.222026, 0.2, 0.8, 0.223796
0.9, 0.227493, 0.2, 0.8, 0.231304
0.9, 0.242201, 0.2, 0.8, 0.236341
0.9, 0.235902, 0.2, 0.8, 0.233239
0.9, 0.239639, 0.2, 0.8, 0.239377
0.9, 0.237253, 0.2, 0.8, 0.238814
0.9, 0.234674, 0.2, 0.8, 0.238261
0.9, 0.23609, 0.2, 0.8, 0.237835
0.9, 0.234769, 0.2, 0.8, 0.232468
0.9, 0.227467, 0.2, 0.8, 0.228487
0.9, 0.236424, 0.2, 0.8, 0.235462
0.9, 0.235288, 0.2, 0.8, 0.239209
0.9, 0.240764, 0.2, 0.8, 0.234449
0.9, 0.238968, 0.2, 0.8, 0.238266
0.9, 0.241012, 0.2, 0.8, 0.234637
0.9, 0.233467, 0.2, 0.8, 0.232855
0.9, 0.228505, 0.2, 0.8, 0.229818
0.9, 0.240237, 0.2, 0.8, 0.236626
0.9, 0.238292, 0.2, 0.8, 0.235738
0.9, 0.236717, 0.2, 0.8, 0.232744
0.9, 0.239755, 0.2, 0.8, 0.241479
0.9, 0.235595, 0.2, 0.8, 0.235338
0.9, 0.227728, 0.2, 0.8, 0.228266
0.9, 0.230446, 0.2, 0.8, 0.231205
0.9, 0.239363, 0.21, 0.79, 0.250359
0.9, 0.243612, 0.21, 0.79, 0.245039
0.9, 0.257534, 0.21, 0.79, 0.253016
0.9, 0.254509, 0.21, 0.79, 0.256099
0.9, 0.250323, 0.21, 0.79, 0.24884
0.9, 0.253425, 0.21, 0.79, 0.251802
0.9, 0.25486, 0.21, 0.79, 0.25585
0.9, 0.249977, 0.21, 0.79, 0.255888
0.9, 0.252405, 0.21, 0.79, 0.253144
0.9, 0.250155, 0.21, 0.79, 0.250909
0.9, 0.242263, 0.21, 0.79, 0.246631
0.9, 0.242364, 0.21, 0.79, 0.246418
0.9, 0.26302, 0.21, 0.79, 0.255258
0.9, 0.261379, 0.21, 0.79, 0.256474
0.9, 0.251635, 0.21, 0.79, 0.249392
0.9, 0.249859, 0.21, 0.79, 0.252212
0.9, 0.258485, 0.21, 0.79, 0.257587
0.9, 0.256843, 0.21, 0.79, 0.251756
0.9, 0.248692, 0.21, 0.79, 0.250174
0.9, 0.24082, 0.21, 0.79, 0.241823
0.9, 0.25117, 0.21, 0.79, 0.249462
0.9, 0.251278, 0.21, 0.79, 0.250286
0.9, 0.25569, 0.21, 0.79, 0.253533
0.9, 0.252671, 0.21, 0.79, 0.253951
0.9, 0.24023, 0.21, 0.79, 0.243627
0.9, 0.266425, 0.22, 0.78, 0.267313
0.9, 0.268124, 0.22, 0.78, 0.270577
0.9, 0.276665, 0.22, 0.78, 0.274835
0.9, 0.257912, 0.22, 0.78, 0.263768
0.9, 0.266634, 0.22, 0.78, 0.263691
0.9, 0.277866, 0.22, 0.78, 0.27608
0.9, 0.265068, 0.22, 0.78, 0.264293
0.9, 0.259011, 0.22, 0.78, 0.260042
0.9, 0.265406, 0.22, 0.78, 0.265314
0.9, 0.268009, 0.22, 0.78, 0.270692
0.9, 0.26088, 0.22, 0.78, 0.265228
0.9, 0.267024, 0.22, 0.78, 0.265138
0.9, 0.264729, 0.22, 0.78, 0.267804
0.9, 0.257932, 0.22, 0.78, 0.262679
0.9, 0.27184, 0.22, 0.78, 0.270209
0.9, 0.270466, 0.22, 0.78, 0.264823
0.9, 0.27102, 0.22, 0.78, 0.275491
0.9, 0.268707, 0.22, 0.78, 0.272472
0.9, 0.262664, 0.22, 0.78, 0.260009
0.9, 0.261699, 0.22, 0.78, 0.267044
0.9, 0.2657, 0.22, 0.78, 0.264696
0.9, 0.257733, 0.22, 0.78, 0.262803
0.9, 0.267795, 0.22, 0.78, 0.263234
0.9, 0.257609, 0.22, 0.78, 0.266995
0.9, 0.270894, 0.22, 0.78, 0.266089
0.9, 0.28266, 0.23, 0.77, 0.287739
0.9, 0.279234, 0.23, 0.77, 0.278255
0.9, 0.278985, 0.23, 0.77, 0.280719
0.9, 0.27661, 0.23, 0.77, 0.287441
0.9, 0.281058, 0.23, 0.77, 0.282283
0.9, 0.289184, 0.23, 0.77, 0.287391
0.9, 0.276365, 0.23, 0.77, 0.281087
0.9, 0.279498, 0.23, 0.77, 0.280637
0.9, 0.289596, 0.23, 0.77, 0.291101
0.9, 0.282843, 0.23, 0.77, 0.288643
0.9, 0.288294, 0.23, 0.77, 0.284202
0.9, 0.279842, 0.23, 0.77, 0.279267
0.9, 0.279521, 0.23, 0.77, 0.276944
0.9, 0.281448, 0.23, 0.77, 0.281901
0.9, 0.276255, 0.23, 0.77, 0.278801
0.9, 0.274182, 0.23, 0.77, 0.26965
0.9, 0.285308, 0.23, 0.77, 0.281647
0.9, 0.278594, 0.23, 0.77, 0.280199
0.9, 0.289163, 0.23, 0.77, 0.288454
0.9, 0.281023, 0.23, 0.77, 0.283887
0.9, 0.274732, 0.23, 0.77, 0.278445
0.9, 0.282573, 0.23, 0.77, 0.281193
0.9, 0.273052, 0.23, 0.77, 0.276493
0.9, 0.276165, 0.23, 0.77, 0.280222
0.9, 0.274783, 0.23, 0.77, 0.283328
0.9, 0.305999, 0.24, 0.76, 0.301805
0.9, 0.289315, 0.24, 0.76, 0.293638
0.9, 0.294738, 0.24, 0.76, 0.301894
0.9, 0.292579, 0.24, 0.76, 0.294551
0.9, 0.293423, 0.24, 0.76, 0.295005
0.9, 0.299834, 0.24, 0.76, 0.301767
0.9, 0.293288, 0.24, 0.76, 0.297432
0.9, 0.293565, 0.24, 0.76, 0.299161
0.9, 0.294474, 0.24, 0.76, 0.298618
0.9, 0.310692, 0.24, 0.76, 0.307232
0.9, 0.30558, 0.24, 0.76, 0.301702
0.9, 0.303602, 0.24, 0.76, 0.305407
0.9, 0.292661, 0.24, 0.76, 0.297373
0.9, 0.289856, 0.24, 0.76, 0.292881
0.9, 0.29655, 0.24, 0.76, 0.296182
0.9, 0.301777, 0.24, 0.76, 0.295788
0.9, 0.293501, 0.24, 0.76, 0.299246
0.9, 0.297863, 0.24, 0.76, 0.298442
0.9, 0.288235, 0.24, 0.76, 0.29548
0.9, 0.297812, 0.24, 0.76, 0.298845
0.9, 0.3072, 0.24, 0.76, 0.309765
0.9, 0.293117, 0.24, 0.76, 0.295094
0.9, 0.299678, 0.24, 0.76, 0.29825
0.9, 0.30271, 0.24, 0.76, 0.296741
0.9, 0.303391, 0.24, 0.76, 0.301089
0.9, 0.323778, 0.25, 0.75, 0.320643
0.9, 0.30993, 0.25, 0.75, 0.309376
0.9, 0.316797, 0.25, 0.75, 0.315428
0.9, 0.318145, 0.25, 0.75, 0.315965
0.9, 0.315179, 0.25, 0.75, 0.314606
0.9, 0.323261, 0.25, 0.75, 0.318227
0.9, 0.329437, 0.25, 0.75, 0.329391
0.9, 0.316717, 0.25, 0.75, 0.313075
0.9, 0.320835, 0.25, 0.75, 0.322434
0.9, 0.318316, 0.25, 0.75, 0.322819
0.9, 0.314523, 0.25, 0.75, 0.317398
0.9, 0.313169, 0.25, 0.75, 0.312229
0.9, 0.304583, 0.25, 0.75, 0.300346
0.9, 0.317818, 0.25, 0.75, 0.313253
0.9, 0.312549, 0.25, 0.75, 0.313027
0.9, 0.313469, 0.25, 0.75, 0.320297
0.9, 0.315922, 0.25, 0.75, 0.316987
0.9, 0.308124, 0.25, 0.75, 0.312338
0.9, 0.315339, 0.25, 0.75, 0.31561
0.9, 0.310153, 0.25, 0.75, 0.314124
0.9, 0.326167, 0.25, 0.75, 0.326749
0.9, 0.314527, 0.25, 0.75, 0.311558
0.9, 0.308823, 0.25, 0.75, 0.310421
0.9, 0.318964, 0.25, 0.75, 0.316621
0.9, 0.315638, 0.25, 0.75, 0.31412
0.9, 0.337479, 0.26, 0.74, 0.32907
0.9, 0.334538, 0.26, 0.74, 0.33591
0.9, 0.333512, 0.26, 0.74, 0.328967
0.9, 0.329813, 0.26, 0.74, 0.330377
0.9, 0.32804, 0.26, 0.74, 0.324321
0.9, 0.332557, 0.26, 0.74, 0.335931
0.9, 0.327923, 0.26, 0.74, 0.329912
0.9, 0.332256, 0.26, 0.74, 0.328089
0.9, 0.326105, 0.26, 0.74, 0.330386
0.9, 0.347573, 0.26, 0.74, 0.342346
0.9, 0.333907, 0.26, 0.74, 0.329586
0.9, 0.335315, 0.26, 0.74, 0.329928
0.9, 0.348282, 0.26, 0.74, 0.34318
0.9, 0.325356, 0.26, 0.74, 0.324768
0.9, 0.33683, 0.26, 0.74, 0.327443
0.9, 0.328932, 0.26, 0.74, 0.331576
0.9, 0.332512, 0.26, 0.74, 0.331414
0.9, 0.343437, 0.26, 0.74, 0.347593
0.9, 0.335542, 0.26, 0.74, 0.335196
0.9, 0.341919, 0.26, 0.74, 0.337315
0.9, 0.348232, 0.26, 0.74, 0.347419
0.9, 0.329417, 0.26, 0.74, 0.333942
0.9, 0.335352, 0.26, 0.74, 0.337093
0.9, 0.336945, 0.26, 0.74, 0.339103
0.9, 0.323321, 0.26, 0.74, 0.329344
0.9, 0.348783, 0.27, 0.73, 0.349747
0.9, 0.348265, 0.27, 0.73, 0.349401
0.9, 0.351314, 0.27, 0.73, 0.350562
0.9, 0.337805, 0.27, 0.73, 0.344458
0.9, 0.360487, 0.27, 0.73, 0.358148
0.9, 0.352787, 0.27, 0.73, 0.350123
0.9, 0.35058, 0.27, 0.73, 0.354917
0.9, 0.351549, 0.27, 0.73, 0.352284
0.9, 0.346977, 0.27, 0.73, 0.350654
0.9, 0.35436, 0.27, 0.73, 0.357691
0.9, 0.346165, 0.27, 0.73, 0.350608
0.9, 0.356362, 0.27, 0.73, 0.35196
0.9, 0.354157, 0.27, 0.73, 0.354953
0.9, 0.364319, 0.27, 0.73, 0.360423
0.9, 0.351668, 0.27, 0.73, 0.352319
0.9, 0.36384, 0.27, 0.73, 0.361919
0.9, 0.362559, 0.27, 0.73, 0.360751
0.9, 0.346965, 0.27, 0.73, 0.343739
0.9, 0.360864, 0.27, 0.73, 0.354341
0.9, 0.357085, 0.27, 0.73, 0.358507
0.9, 0.345887, 0.27, 0.73, 0.346711
0.9, 0.355821, 0.27, 0.73, 0.354892
0.9, 0.363783, 0.27, 0.73, 0.351457
0.9, 0.341279, 0.27, 0.73, 0.34227
0.9, 0.344998, 0.27, 0.73, 0.34127
0.9, 0.371683, 0.28, 0.72, 0.370311
0.9, 0.359317, 0.28, 0.72, 0.362123
0.9, 0.371477, 0.28, 0.72, 0.364967
0.9, 0.363094, 0.28, 0.72, 0.369193
0.9, 0.377883, 0.28, 0.72, 0.380294
0.9, 0.376147, 0.28, 0.72, 0.372546
0.9, 0.382953, 0.28, 0.72, 0.385902
0.9, 0.389939, 0.28, 0.72, 0.383367
0.9, 0.378349, 0.28, 0.72, 0.374662
0.9, 0.371679, 0.28, 0.72, 0.369688
0.9, 0.360281, 0.28, 0.72, 0.361289
0.9, 0.371945, 0.28, 0.72, 0.370029
0.9, 0.356809, 0.28, 0.72, 0.361379
0.9, 0.379324, 0.28, 0.72, 0.370598
0.9, 0.364042, 0.28, 0.72, 0.369407
0.9, 0.379395, 0.28, 0.72, 0.373112
0.9, 0.359178, 0.28, 0.72, 0.35733
0.9, 0.368025, 0.28, 0.72, 0.372623
0.9, 0.368791, 0.28, 0.72, 0.369532
0.9, 0.374374, 0.28, 0.72, 0.374784
0.9, 0.370931, 0.28, 0.72, 0.375511
0.9, 0.363538, 0.28, 0.72, 0.368157
0.9, 0.364862, 0.28, 0.72, 0.363854
0.9, 0.363683, 0.28, 0.72, 0.360459
0.9, 0.365918, 0.28, 0.72, 0.364535
0.9, 0.386616, 0.29, 0.71, 0.389535
0.9, 0.387757, 0.29, 0.71, 0.382736
0.9, 0.392512, 0.29, 0.71, 0.387004
0.9, 0.382784, 0.29, 0.71, 0.381722
0.9, 0.389539, 0.29, 0.71, 0.387759
0.9, 0.395221, 0.29, 0.71, 0.394504
0.9, 0.377654, 0.29, 0.71, 0.385658
0.9, 0.383064, 0.29, 0.71, 0.383031
0.9, 0.375882, 0.29, 0.71, 0.37901
0.9, 0.394408, 0.29, 0.71, 0.401613
0.9, 0.385477, 0.29, 0.71, 0.387553
0.9, 0.38466, 0.29, 0.71, 0.387849
0.9, 0.39478, 0.29, 0.71, 0.390751
0.9, 0.389118, 0.29, 0.71, 0.390517
0.9, 0.392521, 0.29, 0.71, 0.391707
0.9, 0.395597, 0.29, 0.71, 0.389833
0.9, 0.386541, 0.29, 0.71, 0.388113
0.9, 0.383648, 0.29, 0.71, 0.386137
0.9, 0.394, 0.29, 0.71, 0.386368
0.9, 0.387323, 0.29, 0.71, 0.38684
0.9, 0.387263, 0.29, 0.71, 0.392583
0.9, 0.381454, 0.29, 0.71, 0.379711
0.9, 0.397993, 0.29, 0.71, 0.398398
0.9, 0.389103, 0.29, 0.71, 0.381744
0.9, 0.398075, 0.29, 0.71, 0.391258
0.9, 0.408052, 0.3, 0.7, 0.406625
0.9, 0.418617, 0.3, 0.7, 0.416105
0.9, 0.406472, 0.3, 0.7, 0.407804
0.9, 0.417551, 0.3, 0.7, 0.413552
0.9, 0.412114, 0.3, 0.7, 0.415504
0.9, 0.417741, 0.3, 0.7, 0.412812
0.9, 0.414021, 0.3, 0.7, 0.413768
0.9, 0.409284, 0.3, 0.7, 0.412823
0.9, 0.411812, 0.3, 0.7, 0.409388
0.9, 0.412528, 0.3, 0.7, 0.413701
0.9, 0.417742, 0.3, 0.7, 0.41545
0.9, 0.413665, 0.3, 0.7, 0.409097
0.9, 0.401682, 0.3, 0.7, 0.404418
0.9, 0.414632, 0.3, 0.7, 0.410794
0.9, 0.417848, 0.3, 0.7, 0.415661
0.9, 0.416871, 0.3, 0.7, 0.413653
0.9, 0.415704, 0.3, 0.7, 0.41179
0.9, 0.394405, 0.3, 0.7, 0.401966
0.9, 0.414406, 0.3, 0.7, 0.418537
0.9, 0.398701, 0.3, 0.7, 0.409499
0.9, 0.426647, 0.3, 0.7, 0.418847
0.9, 0.417305, 0.3, 0.7, 0.414773
0.9, 0.414747, 0.3, 0.7, 0.418782
0.9, 0.419651, 0.3, 0.7, 0.411794
0.9, 0.398765, 0.3, 0.7, 0.403915
0.95, 0.168746, 0.15, 0.85, 0.169961
0.95, 0.172382, 0.15, 0.85, 0.17146
0.95, 0.169371, 0.15, 0.85, 0.168376
0.95, 0.163711, 0.15, 0.85, 0.169074
0.95, 0.176481, 0.15, 0.85, 0.171202
0.95, 0.169929, 0.15, 0.85, 0.16866
0.95, 0.168824, 0.15, 0.85, 0.167603
0.95, 0.171777, 0.15, 0.85, 0.17111
0.95, 0.17105, 0.15, 0.85, 0.168208
0.95, 0.170213, 0.15, 0.85, 0.168879
0.95, 0.17736, 0.15, 0.85, 0.179337
0.95, 0.17816, 0.15, 0.85, 0.176766
0.95, 0.165886, 0.15, 0.85, 0.166434
0.95, 0.162921, 0.15, 0.85, 0.165834
0.95, 0.16578, 0.15, 0.85, 0.170241
0.95, 0.169645, 0.15, 0.85, 0.170995
0.95, 0.168725, 0.15, 0.85, 0.170736
0.95, 0.161345, 0.15, 0.85, 0.164493
0.95, 0.166613, 0.15, 0.85, 0.171576
0.95, 0.16254, 0.15, 0.85, 0.164088
0.95, 0.167567, 0.15, 0.85, 0.168084
0.95, 0.168339, 0.15, 0.85, 0.168437
0.95, 0.163719, 0.15, 0.85, 0.163682
0.95, 0.171908, 0.15, 0.85, 0.169637
0.95, 0.178408, 0.15, 0.85, 0.172965
0.95, 0.190444, 0.16, 0.84, 0.189968
0.95, 0.18319, 0.16, 0.84, 0.18445
0.95, 0.182097, 0.16, 0.84, 0.179226
0.95, 0.185111, 0.16, 0.84, 0.185544
0.95, 0.182227, 0.16, 0.84, 0.185743
0.95, 0.184683, 0.16, 0.84, 0.183002
0.95, 0.184289, 0.16, 0.84, 0.181758
0.95, 0.183637, 0.16, 0.84, 0.181552
0.95, 0.179385, 0.16, 0.84, 0.1867
0.95, 0.189508, 0.16, 0.84, 0.186424
0.95, 0.186755, 0.16, 0.84, 0.186235
0.95, 0.18289, 0.16, 0.84, 0.185766
0.95, 0.181002, 0.16, 0.84, 0.181139
0.95, 0.179565, 0.16, 0.84, 0.184604
0.95, 0.17655, 0.16, 0.84, 0.177787
0.95, 0.178168, 0.16, 0.84, 0.182412
0.95, 0.18744, 0.16, 0.84, 0.19028
0.95, 0.190818, 0.16, 0.84, 0.184162
0.95, 0.189559, 0.16, 0.84, 0.184073
0.95, 0.182911, 0.16, 0.84, 0.183829
0.95, 0.181845, 0.16, 0.84, 0.18529
0.95, 0.1755, 0.16, 0.84, 0.181498
0.95, 0.186999, 0.16, 0.84, 0.18335
0.95, 0.181705, 0.16, 0.84, 0.184755
0.95, 0.19104, 0.16, 0.84, 0.185822
0.95, 0.192925, 0.17, 0.83, 0.196366
0.95, 0.202235, 0.17, 0.83, 0.202775
0.95, 0.207756, 0.17, 0.83, 0.205617
0.95, 0.194611, 0.17, 0.83, 0.196121
0.95, 0.193859, 0.17, 0.83, 0.194333
0.95, 0.196116, 0.17, 0.83, 0.19838
0.95, 0.193909, 0.17, 0.83, 0.194797
0.95, 0.202571, 0.17, 0.83, 0.204156
0.95, 0.20084, 0.17, 0.83, 0.198698
0.95, 0.19813, 0.17, 0.83, 0.197222
0.95, 0.199759, 0.17, 0.83, 0.195038
0.95, 0.205333, 0.17, 0.83, 0.203691
0.95, 0.195451, 0.17, 0.83, 0.193117
0.95, 0.198095, 0.17, 0.83, 0.196315
0.95, 0.206329, 0.17, 0.83, 0.207116
0.95, 0.190192, 0.17, 0.83, 0.192101
0.95, 0.1965, 0.17, 0.83, 0.198797
0.95, 0.195531, 0.17, 0.83, 0.193494
0.95, 0.200484, 0.17, 0.83, 0.198507
0.95, 0.191907, 0.17, 0.83, 0.189494
0.95, 0.197268, 0.17, 0.83, 0.197087
0.95, 0.200282, 0.17, 0.83, 0.204333
0.95, 0.193152, 0.17, 0.83, 0.193618
0.95, 0.204966, 0.17, 0.83, 0.204736
0.95, 0.201713, 0.17, 0.83, 0.202628
0.95, 0.218089, 0.18, 0.82, 0.216328
0.95, 0.209902, 0.18, 0.82, 0.205976
0.95, 0.208005, 0.18, 0.82, 0.20885
0.95, 0.210894, 0.18, 0.82, 0.207553
0.95, 0.210559, 0.18, 0.82, 0.212399
0.95, 0.204811, 0.18, 0.82, 0.208482
0.95, 0.211241, 0.18, 0.82, 0.212701
0.95, 0.21123, 0.18, 0.82, 0.208333
0.95, 0.2192, 0.18, 0.82, 0.222796
0.95, 0.213339, 0.18, 0.82, 0.2137
0.95, 0.211759, 0.18, 0.82, 0.211814
0.95, 0.215728, 0.18, 0.82, 0.212071
0.95, 0.211407, 0.18, 0.82, 0.210726
0.95, 0.216202, 0.18, 0.82, 0.213098
0.95, 0.211816, 0.18, 0.82, 0.210434
0.95, 0.220087, 0.18, 0.82, 0.21389
0.95, 0.205158, 0.18, 0.82, 0.207825
0.95, 0.211803, 0.18, 0.82, 0.210612
0.95, 0.219486, 0.18, 0.82, 0.215505
0.95, 0.20915, 0.18, 0.82, 0.208854
0.95, 0.210894, 0.18, 0.82, 0.209672
0.95, 0.215545, 0.18, 0.82, 0.211084
0.95, 0.211769, 0.18, 0.82, 0.210216
0.95, 0.208128, 0.18, 0.82, 0.205494
0.95, 0.211643, 0.18, 0.82, 0.213326
0.95, 0.220223, 0.19, 0.81, 0.220577
0.95, 0.218369, 0.19, 0.81, 0.224782
0.95, 0.231005, 0.19, 0.81, 0.229428
0.95, 0.218245, 0.19, 0.81, 0.219744
0.95, 0.236106, 0.19, 0.81, 0.23578
0.95, 0.219999, 0.19, 0.81, 0.222202
0.95, 0.224039, 0.19, 0.81, 0.227351
0.95, 0.225539, 0.19, 0.81, 0.227803
0.95, 0.228449, 0.19, 0.81, 0.223827
0.95, 0.231509, 0.19, 0.81, 0.229771
0.95, 0.228319, 0.19, 0.81, 0.228046
0.95, 0.237928, 0.19, 0.81, 0.235775
0.95, 0.236053, 0.19, 0.81, 0.234596
0.95, 0.227602, 0.19, 0.81, 0.228616
0.95, 0.219964, 0.19, 0.81, 0.217182
0.95, 0.225422, 0.19, 0.81, 0.221015
0.95, 0.223212, 0.19, 0.81, 0.230135
0.95, 0.227031, 0.19, 0.81, 0.223566
0.95, 0.225974, 0.19, 0.81, 0.226412
0.95, 0.225321, 0.19, 0.81, 0.226846
0.95, 0.229625, 0.19, 0.81, 0.230163
0.95, 0.226091, 0.19, 0.81, 0.226093
0.95, 0.218024, 0.19, 0.81, 0.220355
0.95, 0.233466, 0.19, 0.81, 0.233809
0.95, 0.221002, 0.19, 0.81, 0.224757
0.95, 0.240932, 0.2, 0.8, 0.238436
0.95, 0.250434, 0.2, 0.8, 0.249623
0.95, 0.257034, 0.2, 0.8, 0.252944
0.95, 0.236996, 0.2, 0.8, 0.240307
0.95, 0.247692, 0.2, 0.8, 0.242095
0.95, 0.24754, 0.2, 0.8, 0.244125
0.95, 0.237444, 0.2, 0.8, 0.235913
0.95, 0.24083, 0.2, 0.8, 0.238684
0.95, 0.245438, 0.2, 0.8, 0.243284
0.95, 0.234337, 0.2, 0.8, 0.238746
0.95, 0.246564, 0.2, 0.8, 0.249703
0.95, 0.229612, 0.2, 0.8, 0.233116
0.95, 0.239811, 0.2, 0.8, 0.237891
0.95, 0.24166, 0.2, 0.8, 0.238216
0.95, 0.243422, 0.2, 0.8, 0.23971
0.95, 0.249419, 0.2, 0.8, 0.24488
0.95, 0.243137, 0.2, 0.8, 0.247449
0.95, 0.24148, 0.2, 0.8, 0.247198
0.95, 0.242252, 0.2, 0.8, 0.241975
0.95, 0.243467, 0.2, 0.8, 0.2421
0.95, 0.2491, 0.2, 0.8, 0.248866
0.95, 0.235268, 0.2, 0.8, 0.237078
0.95, 0.234473, 0.2, 0.8, 0.236864
0.95, 0.24514, 0.2, 0.8, 0.242126
0.95, 0.236451, 0.2, 0.8, 0.239696
0.95, 0.268287, 0.21, 0.79, 0.263329
0.95, 0.251615, 0.21, 0.79, 0.256649
0.95, 0.252497, 0.21, 0.79, 0.258345
0.95, 0.252767, 0.21, 0.79, 0.253557
0.95, 0.265834, 0.21, 0.79, 0.263553
0.95, 0.251726, 0.21, 0.79, 0.257003
0.95, 0.257211, 0.21, 0.79, 0.263741
0.95, 0.259861, 0.21, 0.79, 0.258829
0.95, 0.254731, 0.21, 0.79, 0.255458
0.95, 0.26569, 0.21, 0.79, 0.258395
0.95, 0.267201, 0.21, 0.79, 0.267745
0.95, 0.248417, 0.21, 0.79, 0.25474
0.95, 0.258377, 0.21, 0.79, 0.260015
0.95, 0.258539, 0.21, 0.79, 0.258172
0.95, 0.258966, 0.21, 0.79, 0.25776
0.95, 0.253664, 0.21, 0.79, 0.253355
0.95, 0.255826, 0.21, 0.79, 0.255433
0.95, 0.253227, 0.21, 0.79, 0.259745
0.95, 0.260352, 0.21, 0.79, 0.258764
0.95, 0.259104, 0.21, 0.79, 0.256647
0.95, 0.247237, 0.21, 0.79, 0.250969
0.95, 0.253137, 0.21, 0.79, 0.25382
0.95, 0.253005, 0.21, 0.79, 0.254764
0.95, 0.255973, 0.21, 0.79, 0.261714
0.95, 0.248246, 0.21, 0.79, 0.250765
0.95, 0.267003, 0.22, 0.78, 0.266709
0.95, 0.278176, 0.22, 0.78, 0.281274
0.95, 0.27795, 0.22, 0.78, 0.271888
0.95, 0.271022, 0.22, 0.78, 0.27278
0.95, 0.282769, 0.22, 0.78, 0.283187
0.95, 0.264666, 0.22, 0.78, 0.269692
0.95, 0.274642, 0.22, 0.78, 0.275166
0.95, 0.277949, 0.22, 0.78, 0.278171
0.95, 0.273816, 0.22, 0.78, 0.277746
0.95, 0.277417, 0.22, 0.78, 0.274143
0.95, 0.262639, 0.22, 0.78, 0.26791
0.95, 0.272835, 0.22, 0.78, 0.273282
0.95, 0.274053, 0.22, 0.78, 0.273522
0.95, 0.281338, 0.22, 0.78, 0.273688
0.95, 0.27309, 0.22, 0.78, 0.269093
0.95, 0.269999, 0.22, 0.78, 0.268949
0.95, 0.26817, 0.22, 0.78, 0.27216
0.95, 0.266228, 0.22, 0.78, 0.27424
0.95, 0.276664, 0.22, 0.78, 0.276525
0.95, 0.27227, 0.22, 0.78, 0.269718
0.95, 0.2838, 0.22, 0.78, 0.276065
0.95, 0.278736, 0.22, 0.78, 0.277684
0.95, 0.27267, 0.22, 0.78, 0.275717
0.95, 0.276402, 0.22, 0.78, 0.274083
0.95, 0.270125, 0.22, 0.78, 0.267069
0.95, 0.297044, 0.23, 0.77, 0.295236
0.95, 0.29673, 0.23, 0.77, 0.295408
0.95, 0.285628, 0.23, 0.77, 0.291084
0.95, 0.293106, 0.23, 0.77, 0.294306
0.95, 0.300373, 0.23, 0.77, 0.297402
0.95, 0.283099, 0.23, 0.77, 0.285366
0.95, 0.290397, 0.23, 0.77, 0.295718
0.95, 0.296125, 0.23, 0.77, 0.298444
0.95, 0.288731, 0.23, 0.77, 0.287118
0.95, 0.28611, 0.23, 0.77, 0.289616
0.95, 0.293949, 0.23, 0.77, 0.29487
0.95, 0.302263, 0.23, 0.77, 0.296786
0.95, 0.293732, 0.23, 0.77, 0.296262
0.95, 0.290458, 0.23, 0.77, 0.293898
0.95, 0.291689, 0.23, 0.77, 0.292136
0.95, 0.291106, 0.23, 0.77, 0.292961
0.95, 0.278975, 0.23, 0.77, 0.285816
0.95, 0.287206, 0.23, 0.77, 0.292164
0.95, 0.286043, 0.23, 0.77, 0.288076
0.95, 0.292164, 0.23, 0.77, 0.290599
0.95, 0.290852, 0.23, 0.77, 0.293196
0.95, 0.298486, 0.23, 0.77, 0.295087
0.95, 0.284678, 0.23, 0.77, 0.286819
0.95, 0.280037, 0.23, 0.77, 0.285427
0.95, 0.283513, 0.23, 0.77, 0.287383
0.95, 0.307362, 0.24, 0.76, 0.307728
0.95, 0.298725, 0.24, 0.76, 0.302044
0.95, 0.315324, 0.24, 0.76, 0.311526
0.95, 0.303616, 0.24, 0.76, 0.306793
0.95, 0.307448, 0.24, 0.76, 0.305679
0.95, 0.305032, 0.24, 0.76, 0.303405
0.95, 0.308644, 0.24, 0.76, 0.304978
0.95, 0.304904, 0.24, 0.76, 0.306872
0.95, 0.315195, 0.24, 0.76, 0.310124
0.95, 0.30899, 0.24, 0.76, 0.305637
0.95, 0.302083, 0.24, 0.76, 0.302397
0.95, 0.304605, 0.24, 0.76, 0.308281
0.95, 0.297308, 0.24, 0.76, 0.301935
0.95, 0.302777, 0.24, 0.76, 0.308131
0.95, 0.308685, 0.24, 0.76, 0.3081
0.95, 0.293893, 0.24, 0.76, 0.298069
0.95, 0.30727, 0.24, 0.76, 0.311778
0.95, 0.307285, 0.24, 0.76, 0.310311
0.95, 0.310841, 0.24, 0.76, 0.310698
0.95, 0.313342, 0.24, 0.76, 0.308167
0.95, 0.31352, 0.24, 0.76, 0.308325
0.95, 0.309893, 0.24, 0.76, 0.307511
0.95, 0.303935, 0.24, 0.76, 0.303753
0.95, 0.312623, 0.24, 0.76, 0.309635
0.95, 0.299582, 0.24, 0.76, 0.297336
0.95, 0.329152, 0.25, 0.75, 0.328245
0.95, 0.322653, 0.25, 0.75, 0.317741
0.95, 0.324946, 0.25, 0.75, 0.323262
0.95, 0.32408, 0.25, 0.75, 0.321784
0.95, 0.328897, 0.25, 0.75, 0.328013
0.95, 0.326824, 0.25, 0.75, 0.325566
0.95, 0.328578, 0.25, 0.75, 0.323027
0.95, 0.319254, 0.25, 0.75, 0.321766
0.95, 0.332678, 0.25, 0.75, 0.330197
0.95, 0.323126, 0.25, 0.75, 0.323129
0.95, 0.333821, 0.25, 0.75, 0.333378
0.95, 0.334018, 0.25, 0.75, 0.328902
0.95, 0.318809, 0.25, 0.75, 0.318033
0.95, 0.327758, 0.25, 0.75, 0.329638
0.95, 0.332092, 0.25, 0.75, 0.326272
0.95, 0.326023, 0.25, 0.75, 0.325845
0.95, 0.334574, 0.25, 0.75, 0.325906
0.95, 0.328246, 0.25, 0.75, 0.327661
0.95, 0.325417, 0.25, 0.75, 0.325892
0.95, 0.324812, 0.25, 0.75, 0.328474
0.95, 0.319373, 0.25, 0.75, 0.317661
0.95, 0.315778, 0.25, 0.75, 0.325425
0.95, 0.321114, 0.25, 0.75, 0.32114
0.95, 0.320554, 0.25, 0.75, 0.324344
0.95, 0.33675, 0.25, 0.75, 0.329891
0.95, 0.343141, 0.26, 0.74, 0.341017
0.95, 0.346872, 0.26, 0.74, 0.342095
0.95, 0.359118, 0.26, 0.74, 0.355456
0.95, 0.343721, 0.26, 0.74, 0.339984
0.95, 0.347009, 0.26, 0.74, 0.342409
0.95, 0.326983, 0.26, 0.74, 0.332958
0.95, 0.33973, 0.26, 0.74, 0.341458
0.95, 0.339942, 0.26, 0.74, 0.345231
0.95, 0.335718, 0.26, 0.74, 0.339
0.95, 0.357043, 0.26, 0.74, 0.354323
0.95, 0.346945, 0.26, 0.74, 0.345522
0.95, 0.345941, 0.26, 0.74, 0.349922
0.95, 0.346081, 0.26, 0.74, 0.347186
0.95, 0.352326, 0.26, 0.74, 0.353772
0.95, 0.331074, 0.26, 0.74, 0.337741
0.95, 0.349437, 0.26, 0.74, 0.346193
0.95, 0.33564, 0.26, 0.74, 0.334072
0.95, 0.342599, 0.26, 0.74, 0.337996
0.95, 0.337531, 0.26, 0.74, 0.337519
0.95, 0.34458, 0.26, 0.74, 0.345975
0.95, 0.339694, 0.26, 0.74, 0.345461
0.95, 0.341983, 0.26, 0.74, 0.336416
0.95, 0.341784, 0.26, 0.74, 0.344587
0.95, 0.33844, 0.26, 0.74, 0.339524
0.95, 0.344245, 0.26, 0.74, 0.3445
0.95, 0.36669, 0.27, 0.73, 0.36621
0.95, 0.374309, 0.27, 0.73, 0.371094
0.95, 0.369401, 0.27, 0.73, 0.371105
0.95, 0.367062, 0.27, 0.73, 0.364356
0.95, 0.360967, 0.27, 0.73, 0.365776
0.95, 0.362879, 0.27, 0.73, 0.365057
0.95, 0.358438, 0.27, 0.73, 0.359149
0.95, 0.367093, 0.27, 0.73, 0.368563
0.95, 0.35914, 0.27, 0.73, 0.365549
0.95, 0.353752, 0.27, 0.73, 0.358944
0.95, 0.350976, 0.27, 0.73, 0.350683
0.95, 0.366375, 0.27, 0.73, 0.363345
0.95, 0.357589, 0.27, 0.73, 0.354128
0.95, 0.358623, 0.27, 0.73, 0.361973
0.95, 0.373516, 0.27, 0.73, 0.371767
0.95, 0.375613, 0.27, 0.73, 0.370185
0.95, 0.356834, 0.27, 0.73, 0.357221
0.95, 0.357662, 0.27, 0.73, 0.359506
0.95, 0.370454, 0.27, 0.73, 0.37116
0.95, 0.372198, 0.27, 0.73, 0.369256
0.95, 0.359489, 0.27, 0.73, 0.355539
0.95, 0.36019, 0.27, 0.73, 0.355683
0.95, 0.358941, 0.27, 0.73, 0.363791
0.95, 0.375896, 0.27, 0.73, 0.370083
0.95, 0.366447, 0.27, 0.73, 0.368
0.95, 0.377195, 0.28, 0.72, 0.374572
0.95, 0.384216, 0.28, 0.72, 0.37999
0.95, 0.391221, 0.28, 0.72, 0.381819
0.95, 0.39387, 0.28, 0.72, 0.393678
0.95, 0.367659, 0.28, 0.72, 0.372796
0.95, 0.374119, 0.28, 0.72, 0.383295
0.95, 0.370063, 0.28, 0.72, 0.375353
0.95, 0.388902, 0.28, 0.72, 0.380168
0.95, 0.37613, 0.28, 0.72, 0.380122
0.95, 0.387209, 0.28, 0.72, 0.389885
0.95, 0.3747, 0.28, 0.72, 0.37911
0.95, 0.363542, 0.28, 0.72, 0.364533
0.95, 0.379569, 0.28, 0.72, 0.378789
0.95, 0.37776, 0.28, 0.72, 0.378944
0.95, 0.37971, 0.28, 0.72, 0.379764
0.95, 0.387286, 0.28, 0.72, 0.381523
0.95, 0.372946, 0.28, 0.72, 0.37479
0.95, 0.375968, 0.28, 0.72, 0.375899
0.95, 0.380145, 0.28, 0.72, 0.378197
0.95, 0.38, 0.28, 0.72, 0.384502
0.95, 0.37367, 0.28, 0.72, 0.371601
0.95, 0.380683, 0.28, 0.72, 0.377178
0.95, 0.39163, 0.28, 0.72, 0.390864
0.95, 0.378994, 0.28, 0.72, 0.376142
0.95, 0.385156, 0.28, 0.72, 0.384198
0.95, 0.391693, 0.29, 0.71, 0.389955
0.95, 0.408177, 0.29, 0.71, 0.413132
0.95, 0.392626, 0.29, 0.71, 0.405714
0.95, 0.404286, 0.29, 0.71, 0.403837
0.95, 0.394542, 0.29, 0.71, 0.396171
0.95, 0.407307, 0.29, 0.71, 0.404902
0.95, 0.414514, 0.29, 0.71, 0.410589
0.95, 0.399558, 0.29, 0.71, 0.403711
0.95, 0.385557, 0.29, 0.71, 0.389745
0.95, 0.411981, 0.29, 0.71, 0.40666
0.95, 0.398485, 0.29, 0.71, 0.398551
0.95, 0.408527, 0.29, 0.71, 0.406314
0.95, 0.402119, 0.29, 0.71, 0.402978
0.95, 0.399824, 0.29, 0.71, 0.401477
0.95, 0.386857, 0.29, 0.71, 0.395252
0.95, 0.412904, 0.29, 0.71, 0.412862
0.95, 0.402153, 0.29, 0.71, 0.399285
0.95, 0.398287, 0.29, 0.71, 0.400337
0.95, 0.403388, 0.29, 0.71, 0.401524
0.95, 0.393624, 0.29, 0.71, 0.399721
0.95, 0.388926, 0.29, 0.71, 0.38919
0.95, 0.402252, 0.29, 0.71, 0.409191
0.95, 0.409057, 0.29, 0.71, 0.409776
0.95, 0.390046, 0.29, 0.71, 0.399691
0.95, 0.405019, 0.29, 0.71, 0.403756
0.95, 0.409609, 0.3, 0.7, 0.412258
0.95, 0.427972, 0.3, 0.7, 0.425402
0.95, 0.413253, 0.3, 0.7, 0.413104
0.95, 0.427412, 0.3, 0.7, 0.42367
0.95, 0.417465, 0.3, 0.7, 0.421585
0.95, 0.41681, 0.3, 0.7, 0.416054
0.95, 0.429469, 0.3, 0.7, 0.423478
0.95, 0.407664, 0.3, 0.7, 0.409921
0.95, 0.423176, 0.3, 0.7, 0.428256
0.95, 0.427794, 0.3, 0.7, 0.428147
0.95, 0.41285, 0.3, 0.7, 0.412429
0.95, 0.4182, 0.3, 0.7, 0.421433
0.95, 0.423005, 0.3, 0.7, 0.425191
0.95, 0.427092, 0.3, 0.7, 0.428775
0.95, 0.412137, 0.3, 0.7, 0.414721
0.95, 0.420337, 0.3, 0.7, 0.413613
0.95, 0.42853, 0.3, 0.7, 0.423472
0.95, 0.438887, 0.3, 0.7, 0.430072
0.95, 0.422108, 0.3, 0.7, 0.426966
0.95, 0.410221, 0.3, 0.7, 0.413006
0.95, 0.424954, 0.3, 0.7, 0.42257
0.95, 0.42648, 0.3, 0.7, 0.435177
0.95, 0.424269, 0.3, 0.7, 0.42227
0.95, 0.403822, 0.3, 0.7, 0.399802
0.95, 0.418158, 0.3, 0.7, 0.417938
1, 0.167403, 0.15, 0.85, 0.171318
1, 0.188677, 0.15, 0.85, 0.184567
1, 0.176678, 0.15, 0.85, 0.178015
1, 0.175951, 0.15, 0.85, 0.178048
1, 0.173145, 0.15, 0.85, 0.178802
1, 0.180474, 0.15, 0.85, 0.181108
1, 0.173156, 0.15, 0.85, 0.172123
1, 0.18141, 0.15, 0.85, 0.180025
1, 0.176251, 0.15, 0.85, 0.174956
1, 0.175459, 0.15, 0.85, 0.174349
1, 0.178019, 0.15, 0.85, 0.180894
1, 0.175551, 0.15, 0.85, 0.173862
1, 0.16947, 0.15, 0.85, 0.172461
1, 0.181398, 0.15, 0.85, 0.182344
1, 0.169274, 0.15, 0.85, 0.172908
1, 0.175379, 0.15, 0.85, 0.174934
1, 0.182935, 0.15, 0.85, 0.176738
1, 0.179207, 0.15, 0.85, 0.181492
1, 0.175189, 0.15, 0.85, 0.172165
1, 0.187801, 0.15, 0.85, 0.180903
1, 0.174521, 0.15, 0.85, 0.175055
1, 0.177827, 0.15, 0.85, 0.177193
1, 0.167605, 0.15, 0.85, 0.170713
1, 0.188442, 0.15, 0.85, 0.183133
1, 0.179259, 0.15, 0.85, 0.177424
1, 0.194624, 0.16, 0.84, 0.192908
1, 0.194918, 0.16, 0.84, 0.191346
1, 0.193614, 0.16, 0.84, 0.188831
1, 0.188845, 0.16, 0.84, 0.190196
1, 0.192955, 0.16, 0.84, 0.192927
1, 0.191016, 0.16, 0.84, 0.189181
1, 0.191325, 0.16, 0.84, 0.189156
1, 0.19184, 0.16, 0.84, 0.191183
1, 0.191384, 0.16, 0.84, 0.193573
1, 0.192829, 0.16, 0.84, 0.18916
1, 0.197847, 0.16, 0.84, 0.193737
1, 0.182518, 0.16, 0.84, 0.182954
1, 0.192045, 0.16, 0.84, 0.187936
1, 0.188296, 0.16, 0.84, 0.192775
1, 0.185832, 0.16, 0.84, 0.185837
1, 0.184016, 0.16, 0.84, 0.186048
1, 0.195042, 0.16, 0.84, 0.189856
1, 0.193134, 0.16, 0.84, 0.194817
1, 0.182941, 0.16, 0.84, 0.18505
1, 0.184584, 0.16, 0.84, 0.188276
1, 0.195434, 0.16, 0.84, 0.197765
1, 0.193761, 0.16, 0.84, 0.19086
1, 0.200959, 0.16, 0.84, 0.197635
1, 0.192003, 0.16, 0.84, 0.191595
1, 0.185677, 0.16, 0.84, 0.189065
1, 0.198057, 0.17, 0.83, 0.200474
1, 0.202025, 0.17, 0.83, 0.200012
1, 0.219528, 0.17, 0.83, 0.211164
1, 0.20578, 0.17, 0.83, 0.207111
1, 0.208169, 0.17, 0.83, 0.204773
1, 0.203555, 0.17, 0.83, 0.20256
1, 0.20575, 0.17, 0.83, 0.206233
1, 0.202289, 0.17, 0.83, 0.202892
1, 0.208851, 0.17, 0.83, 0.206454
1, 0.208658, 0.17, 0.83, 0.208163
1, 0.20643, 0.17, 0.83, 0.20392
1, 0.212289, 0.17, 0.83, 0.208263
1, 0.207694, 0.17, 0.83, 0.210207
1, 0.20368, 0.17, 0.83, 0.204292
1, 0.207048, 0.17, 0.83, 0.202017
1, 0.207582, 0.17, 0.83, 0.206217
1, 0.197452, 0.17, 0.83, 0.203735
1, 0.210485, 0.17, 0.83, 0.210061
1, 0.209518, 0.17, 0.83, 0.207591
1, 0.198665, 0.17, 0.83, 0.199465
1, 0.197746, 0.17, 0.83, 0.198259
1, 0.203811, 0.17, 0.83, 0.202817
1, 0.203722, 0.17, 0.83, 0.206314
1, 0.216416, 0.17, 0.83, 0.207738
1, 0.205172, 0.17, 0.83, 0.204487
1, 0.213566, 0.18, 0.82, 0.216196
1, 0.224597, 0.18, 0.82, 0.220763
1, 0.220468, 0.18, 0.82, 0.223707
1, 0.209172, 0.18, 0.82, 0.213274
1, 0.21606, 0.18, 0.82, 0.217421
1, 0.225351, 0.18, 0.82, 0.223305
1, 0.219212, 0.18, 0.82, 0.219962
1, 0.211216, 0.18, 0.82, 0.21504
1, 0.223289, 0.18, 0.82, 0.219528
1, 0.207592, 0.18, 0.82, 0.208878
1, 0.223385, 0.18, 0.82, 0.220625
1, 0.218352, 0.18, 0.82, 0.219673
1, 0.217111, 0.18, 0.82, 0.221419
1, 0.226108, 0.18, 0.82, 0.222249
1, 0.216432, 0.18, 0.82, 0.214216
1, 0.218047, 0.18, 0.82, 0.215486
1, 0.219096, 0.18, 0.82, 0.222699
1, 0.222271, 0.18, 0.82, 0.221929
1, 0.225174, 0.18, 0.82, 0.224285
1, 0.230321, 0.18, 0.82, 0.228192
1, 0.215891, 0.18, 0.82, 0.216314
1, 0.222499, 0.18, 0.82, 0.220666
1, 0.222281, 0.18, 0.82, 0.222114
1, 0.217624, 0.18, 0.82, 0.215872
1, 0.22023, 0.18, 0.82, 0.219458
1, 0.233472, 0.19, 0.81, 0.234486
1, 0.225778, 0.19, 0.81, 0.2301
1, 0.238305, 0.19, 0.81, 0.234907
1, 0.228814, 0.19, 0.81, 0.22818
1, 0.240933, 0.19, 0.81, 0.239946
1, 0.23563, 0.19, 0.81, 0.235895
1, 0.233319, 0.19, 0.81, 0.229839
1, 0.238634, 0.19, 0.81, 0.240153
1, 0.235604, 0.19, 0.81, 0.235528
1, 0.2426, 0.19, 0.81, 0.236371
1, 0.229073, 0.19, 0.81, 0.234189
1, 0.232306, 0.19, 0.81, 0.232833
1, 0.231773, 0.19, 0.81, 0.230647
1, 0.234261, 0.19, 0.81, 0.230987
1, 0.22991, 0.19, 0.81, 0.231643
1, 0.229083, 0.19, 0.81, 0.231435
1, 0.241104, 0.19, 0.81, 0.237528
1, 0.227492, 0.19, 0.81, 0.230145
1, 0.233963, 0.19, 0.81, 0.236733
1, 0.237899, 0.19, 0.81, 0.236762
1, 0.231578, 0.19, 0.81, 0.233308
1, 0.237669, 0.19, 0.81, 0.236895
1, 0.234398, 0.19, 0.81, 0.235182
1, 0.240502, 0.19, 0.81, 0.2382
1, 0.236523, 0.19, 0.81, 0.236348
1, 0.247741, 0.2, 0.8, 0.249017
1, 0.245742, 0.2, 0.8, 0.249748
1, 0.24976, 0.2, 0.8, 0.250954
1, 0.247087, 0.2, 0.8, 0.251914
1, 0.237687, 0.2, 0.8, 0.23875
1, 0.247551, 0.2, 0.8, 0.24686
1, 0.247661, 0.2, 0.8, 0.25083
1, 0.240992, 0.2, 0.8, 0.245999
1, 0.247755, 0.2, 0.8, 0.248225
1, 0.25401, 0.2, 0.8, 0.247846
1, 0.24026, 0.2, 0.8, 0.246773
1, 0.258141, 0.2, 0.8, 0.255921
1, 0.254097, 0.2, 0.8, 0.257722
1, 0.258854, 0.2, 0.8, 0.256402
1, 0.25871, 0.2, 0.8, 0.250657
1, 0.255707, 0.2, 0.8, 0.251613
1, 0.254064, 0.2, 0.8, 0.253105
1, 0.248379, 0.2, 0.8, 0.251012
1, 0.242603, 0.2, 0.8, 0.245762
1, 0.25301, 0.2, 0.8, 0.251313
1, 0.244032, 0.2, 0.8, 0.242944
1, 0.242023, 0.2, 0.8, 0.247555
1, 0.24989, 0.2, 0.8, 0.245827
1, 0.247967, 0.2, 0.8, 0.247856
1, 0.249296, 0.2, 0.8, 0.246152
1, 0.26257, 0.21, 0.79, 0.265435
1, 0.272868, 0.21, 0.79, 0.273778
1, 0.274551, 0.21, 0.79, 0.268014
1, 0.259205, 0.21, 0.79, 0.261835
1, 0.267357, 0.21, 0.79, 0.264674
1, 0.266763, 0.21, 0.79, 0.265766
1, 0.27425, 0.21, 0.79, 0.274433
1, 0.264052, 0.21, 0.79, 0.265357
1, 0.264867, 0.21, 0.79, 0.265341
1, 0.264487, 0.21, 0.79, 0.26392
1, 0.294798, 0.21, 0.79, 0.286424
1, 0.266902, 0.21, 0.79, 0.26676
1, 0.262928, 0.21, 0.79, 0.264388
1, 0.264408, 0.21, 0.79, 0.268127
1, 0.248366, 0.21, 0.79, 0.253662
1, 0.26122, 0.21, 0.79, 0.265543
1, 0.269467, 0.21, 0.79, 0.266138
1, 0.26372, 0.21, 0.79, 0.270406
1, 0.26295, 0.21, 0.79, 0.265768
1, 0.263777, 0.21, 0.79, 0.264946
1, 0.256686, 0.21, 0.79, 0.261231
1, 0.276159, 0.21, 0.79, 0.269047
1, 0.267396, 0.21, 0.79, 0.264001
1, 0.261015, 0.21, 0.79, 0.260828
1, 0.268326, 0.21, 0.79, 0.265023
1, 0.27979, 0.22, 0.78, 0.27217
1, 0.275125, 0.22, 0.78, 0.279233
1, 0.289555, 0.22, 0.78, 0.280225
1, 0.287455, 0.22, 0.78, 0.283929
1, 0.276795, 0.22, 0.78, 0.279102
1, 0.27883, 0.22, 0.78, 0.282187
1, 0.289768, 0.22, 0.78, 0.286876
1, 0.279081, 0.22, 0.78, 0.278636
1, 0.293132, 0.22, 0.78, 0.288864
1, 0.277975, 0.22, 0.78, 0.280041
1, 0.285006, 0.22, 0.78, 0.284573
1, 0.283554, 0.22, 0.78, 0.287455
1, 0.28755, 0.22, 0.78, 0.285275
1, 0.277188, 0.22, 0.78, 0.27517
1, 0.277417, 0.22, 0.78, 0.280233
1, 0.277692, 0.22, 0.78, 0.278388
1, 0.285929, 0.22, 0.78, 0.286916
1, 0.283807, 0.22, 0.78, 0.281428
1, 0.292553, 0.22, 0.78, 0.29327
1, 0.287135, 0.22, 0.78, 0.284853
1, 0.290388, 0.22, 0.78, 0.288694
1, 0.285287, 0.22, 0.78, 0.281711
1, 0.280433, 0.22, 0.78, 0.282569
1, 0.275974, 0.22, 0.78, 0.278101
1, 0.277231, 0.22, 0.78, 0.275653
1, 0.278653, 0.23, 0.77, 0.291332
1, 0.30352, 0.23, 0.77, 0.305198
1, 0.299092, 0.23, 0.77, 0.296553
1, 0.294704, 0.23, 0.77, 0.295897
1, 0.301025, 0.23, 0.77, 0.298124
1, 0.298608, 0.23, 0.77, 0.299456
1, 0.309129, 0.23, 0.77, 0.306807
1, 0.296445, 0.23, 0.77, 0.298265
1, 0.295798, 0.23, 0.77, 0.297267
1, 0.296769, 0.23, 0.77, 0.297196
1, 0.298508, 0.23, 0.77, 0.302612
1, 0.298797, 0.23, 0.77, 0.298058
1, 0.299703, 0.23, 0.77, 0.300753
1, 0.299186, 0.23, 0.77, 0.300149
1, 0.299344, 0.23, 0.77, 0.298824
1, 0.297942, 0.23, 0.77, 0.300065
1, 0.303098, 0.23, 0.77, 0.296381
1, 0.303652, 0.23, 0.77, 0.29983
1, 0.303485, 0.23, 0.77, 0.299383
1, 0.303114, 0.23, 0.77, 0.303469
1, 0.295216, 0.23, 0.77, 0.295948
1, 0.29694, 0.23, 0.77, 0.299125
1, 0.296642, 0.23, 0.77, 0.298925
1, 0.303165, 0.23, 0.77, 0.301823
1, 0.301351, 0.23, 0.77, 0.300929
1, 0.323873, 0.24, 0.76, 0.322619
1, 0.310262, 0.24, 0.76, 0.312847
1, 0.312546, 0.24, 0.76, 0.308989
1, 0.323572, 0.24, 0.76, 0.318885
1, 0.322244, 0.24, 0.76, 0.31778
1, 0.316, 0.24, 0.76, 0.320815
1, 0.313426, 0.24, 0.76, 0.307465
1, 0.318868, 0.24, 0.76, 0.313969
1, 0.324058, 0.24, 0.76, 0.31739
1, 0.315775, 0.24, 0.76, 0.314419
1, 0.317841, 0.24, 0.76, 0.309736
1, 0.316106, 0.24, 0.76, 0.31772
1, 0.312453, 0.24, 0.76, 0.316467
1, 0.320932, 0.24, 0.76, 0.325898
1, 0.317824, 0.24, 0.76, 0.316395
1, 0.325592, 0.24, 0.76, 0.321632
1, 0.314795, 0.24, 0.76, 0.313831
1, 0.321339, 0.24, 0.76, 0.324378
1, 0.314148, 0.24, 0.76, 0.321966
1, 0.315382, 0.24, 0.76, 0.31786
1, 0.303516, 0.24, 0.76, 0.311638
1, 0.316416, 0.24, 0.76, 0.312097
1, 0.313636, 0.24, 0.76, 0.318079
1, 0.302959, 0.24, 0.76, 0.307409
1, 0.329147, 0.24, 0.76, 0.327528
1, 0.337436, 0.25, 0.75, 0.335729
1, 0.334888, 0.25, 0.75, 0.330267
1, 0.341988, 0.25, 0.75, 0.339784
1, 0.334785, 0.25, 0.75, 0.330379
1, 0.339435, 0.25, 0.75, 0.340411
1, 0.336704, 0.25, 0.75, 0.332953
1, 0.341699, 0.25, 0.75, 0.342193
1, 0.33391, 0.25, 0.75, 0.335629
1, 0.336296, 0.25, 0.75, 0.330554
1, 0.328637, 0.25, 0.75, 0.33133
1, 0.332681, 0.25, 0.75, 0.33192
1, 0.340974, 0.25, 0.75, 0.339014
1, 0.329705, 0.25, 0.75, 0.33134
1, 0.335453, 0.25, 0.75, 0.336446
1, 0.333019, 0.25, 0.75, 0.33566
1, 0.343067, 0.25, 0.75, 0.334774
1, 0.331182, 0.25, 0.75, 0.334674
1, 0.337455, 0.25, 0.75, 0.338856
1, 0.334977, 0.25, 0.75, 0.337788
1, 0.330714, 0.25, 0.75, 0.33445
1, 0.332399, 0.25, 0.75, 0.327511
1, 0.325227, 0.25, 0.75, 0.327237
1, 0.337496, 0.25, 0.75, 0.337667
1, 0.326244, 0.25, 0.75, 0.330734
1, 0.329865, 0.25, 0.75, 0.334271
1, 0.354649, 0.26, 0.74, 0.352374
1, 0.353703, 0.26, 0.74, 0.346592
1, 0.342753, 0.26, 0.74, 0.345386
1, 0.359179, 0.26, 0.74, 0.357704
1, 0.343609, 0.26, 0.74, 0.347621
1, 0.363377, 0.26, 0.74, 0.362375
1, 0.345583, 0.26, 0.74, 0.346624
1, 0.345312, 0.26, 0.74, 0.346239
1, 0.35017, 0.26, 0.74, 0.345888
1, 0.346205, 0.26, 0.74, 0.350716
1, 0.338504, 0.26, 0.74, 0.343886
1, 0.356423, 0.26, 0.74, 0.363433
1, 0.356685, 0.26, 0.74, 0.358007
1, 0.347622, 0.26, 0.74, 0.349614
1, 0.356746, 0.26, 0.74, 0.351342
1, 0.345632, 0.26, 0.74, 0.344823
1, 0.348729, 0.26, 0.74, 0.348278
1, 0.366395, 0.26, 0.74, 0.359617
1, 0.362845, 0.26, 0.74, 0.35923
1, 0.344945, 0.26, 0.74, 0.350326
1, 0.347005, 0.26, 0.74, 0.344292
1, 0.346861, 0.26, 0.74, 0.346777
1, 0.345331, 0.26, 0.74, 0.344263
1, 0.357397, 0.26, 0.74, 0.348182
1, 0.349038, 0.26, 0.74, 0.348252
1, 0.369841, 0.27, 0.73, 0.372687
1, 0.37199, 0.27, 0.73, 0.371255
1, 0.377314, 0.27, 0.73, 0.37034
1, 0.369334, 0.27, 0.73, 0.375449
1, 0.381018, 0.27, 0.73, 0.375172
1, 0.378717, 0.27, 0.73, 0.378139
1, 0.375881, 0.27, 0.73, 0.36926
1, 0.384188, 0.27, 0.73, 0.384102
1, 0.372929, 0.27, 0.73, 0.368378
1, 0.357892, 0.27, 0.73, 0.359405
1, 0.376157, 0.27, 0.73, 0.377324
1, 0.353023, 0.27, 0.73, 0.354402
1, 0.372211, 0.27, 0.73, 0.372638
1, 0.360753, 0.27, 0.73, 0.358219
1, 0.370302, 0.27, 0.73, 0.365817
1, 0.368241, 0.27, 0.73, 0.37134
1, 0.380398, 0.27, 0.73, 0.380329
1, 0.361391, 0.27, 0.73, 0.357358
1, 0.371667, 0.27, 0.73, 0.368453
1, 0.365414, 0.27, 0.73, 0.366041
1, 0.374714, 0.27, 0.73, 0.372724
1, 0.370916, 0.27, 0.73, 0.367234
1, 0.376266, 0.27, 0.73, 0.372319
1, 0.37597, 0.27, 0.73, 0.375144
1, 0.366057, 0.27, 0.73, 0.360764
1, 0.393142, 0.28, 0.72, 0.393086
1, 0.385916, 0.28, 0.72, 0.384883
1, 0.384742, 0.28, 0.72, 0.388862
1, 0.391653, 0.28, 0.72, 0.388155
1, 0.382203, 0.28, 0.72, 0.381826
1, 0.387428, 0.28, 0.72, 0.385114
1, 0.393295, 0.28, 0.72, 0.39166
1, 0.390277, 0.28, 0.72, 0.387911
1, 0.377983, 0.28, 0.72, 0.384428
1, 0.383773, 0.28, 0.72, 0.388243
1, 0.398724, 0.28, 0.72, 0.395544
1, 0.398832, 0.28, 0.72, 0.395075
1, 0.382103, 0.28, 0.72, 0.386268
1, 0.399968, 0.28, 0.72, 0.395119
1, 0.3816, 0.28, 0.72, 0.384647
1, 0.385537, 0.28, 0.72, 0.383692
1, 0.38242, 0.28, 0.72, 0.386457
1, 0.390755, 0.28, 0.72, 0.389752
1, 0.386511, 0.28, 0.72, 0.391974
1, 0.385856, 0.28, 0.72, 0.387299
1, 0.38807, 0.28, 0.72, 0.387267
1, 0.394106, 0.28, 0.72, 0.391681
1, 0.388563, 0.28, 0.72, 0.397441
1, 0.399018, 0.28, 0.72, 0.393826
1, 0.391591, 0.28, 0.72, 0.395195
1, 0.398481, 0.29, 0.71, 0.397988
1, 0.414079, 0.29, 0.71, 0.412274
1, 0.395756, 0.29, 0.71, 0.398916
1, 0.416561, 0.29, 0.71, 0.41557
1, 0.405664, 0.29, 0.71, 0.405822
1, 0.41729, 0.29, 0.71, 0.415164
1, 0.415763, 0.29, 0.71, 0.417568
1, 0.407664, 0.29, 0.71, 0.412949
1, 0.426206, 0.29, 0.71, 0.424698
1, 0.403302, 0.29, 0.71, 0.402703
1, 0.409755, 0.29, 0.71, 0.410702
1, 0.403339, 0.29, 0.71, 0.409015
1, 0.405431, 0.29, 0.71, 0.405509
1, 0.403681, 0.29, 0.71, 0.401656
1, 0.414609, 0.29, 0.71, 0.410342
1, 0.402533, 0.29, 0.71, 0.405954
1, 0.407357, 0.29, 0.71, 0.405118
1, 0.404547, 0.29, 0.71, 0.408813
1, 0.397642, 0.29, 0.71, 0.403202
1, 0.409358, 0.29, 0.71, 0.405604
1, 0.396193, 0.29, 0.71, 0.404655
1, 0.409645, 0.29, 0.71, 0.408048
1, 0.404909, 0.29, 0.71, 0.407913
1, 0.408719, 0.29, 0.71, 0.40879
1, 0.394712, 0.29, 0.71, 0.39456
1, 0.421307, 0.3, 0.7, 0.420662
1, 0.440389, 0.3, 0.7, 0.435585
1, 0.435765, 0.3, 0.7, 0.435644
1, 0.444124, 0.3, 0.7, 0.435408
1, 0.428456, 0.3, 0.7, 0.43322
1, 0.438894, 0.3, 0.7, 0.426859
1, 0.435793, 0.3, 0.7, 0.433177
1, 0.435408, 0.3, 0.7, 0.430151
1, 0.433707, 0.3, 0.7, 0.43393
1, 0.428917, 0.3, 0.7, 0.433668
1, 0.427665, 0.3, 0.7, 0.430385
1, 0.41675, 0.3, 0.7, 0.415044
1, 0.43763, 0.3, 0.7, 0.436984
1, 0.430382, 0.3, 0.7, 0.430898
1, 0.41354, 0.3, 0.7, 0.411064
1, 0.433959, 0.3, 0.7, 0.438052
1, 0.427681, 0.3, 0.7, 0.429012
1, 0.424522, 0.3, 0.7, 0.427226
1, 0.426597, 0.3, 0.7, 0.430024
1, 0.430907, 0.3, 0.7, 0.433701
1, 0.430775, 0.3, 0.7, 0.433984
1, 0.445155, 0.3, 0.7, 0.440976
1, 0.440711, 0.3, 0.7, 0.436932
1, 0.442303, 0.3, 0.7, 0.440847
1, 0.415404, 0.3, 0.7, 0.417664
