# B5 Gamma Dynamic Simulation Results
# Strategy schedule: schedules/schedule_b5_honest_selfish_asymmetric_3000_1000.txt
# Gamma schedule: schedules/gamma_schedule_volatile.txt
# Hash rate range: 0.15 - 0.3 (15% - 30%) in 0.01 increments
InitialGamma, Miner0_ProfitFraction, Miner0_HashRate, Miner1_HashRate, Miner0_BlockFraction
0.95, 0.155504, 0.15, 0.85, 0.155857
0.95, 0.151183, 0.15, 0.85, 0.153714
0.95, 0.152653, 0.15, 0.85, 0.156828
0.95, 0.148414, 0.15, 0.85, 0.155393
0.95, 0.149126, 0.15, 0.85, 0.154564
0.95, 0.162181, 0.15, 0.85, 0.159021
0.95, 0.157533, 0.15, 0.85, 0.157404
0.95, 0.16309, 0.15, 0.85, 0.161906
0.95, 0.155144, 0.15, 0.85, 0.155921
0.95, 0.159106, 0.15, 0.85, 0.160143
0.95, 0.150864, 0.15, 0.85, 0.153259
0.95, 0.149339, 0.15, 0.85, 0.150616
0.95, 0.148837, 0.15, 0.85, 0.152216
0.95, 0.153805, 0.15, 0.85, 0.155684
0.95, 0.154707, 0.15, 0.85, 0.155962
0.95, 0.153776, 0.15, 0.85, 0.156726
0.95, 0.14991, 0.15, 0.85, 0.152577
0.95, 0.152789, 0.15, 0.85, 0.152797
0.95, 0.155199, 0.15, 0.85, 0.156191
0.95, 0.155797, 0.15, 0.85, 0.155187
0.95, 0.150787, 0.15, 0.85, 0.150668
0.95, 0.15637, 0.15, 0.85, 0.15475
0.95, 0.151419, 0.15, 0.85, 0.154744
0.95, 0.161164, 0.15, 0.85, 0.159875
0.95, 0.166247, 0.15, 0.85, 0.160924
0.95, 0.169848, 0.16, 0.84, 0.167202
0.95, 0.165941, 0.16, 0.84, 0.165083
0.95, 0.169593, 0.16, 0.84, 0.165893
0.95, 0.16678, 0.16, 0.84, 0.169992
0.95, 0.166977, 0.16, 0.84, 0.167343
0.95, 0.170122, 0.16, 0.84, 0.170158
0.95, 0.171236, 0.16, 0.84, 0.166778
0.95, 0.16467, 0.16, 0.84, 0.164502
0.95, 0.175076, 0.16, 0.84, 0.171763
0.95, 0.164316, 0.16, 0.84, 0.165766
0.95, 0.159255, 0.16, 0.84, 0.163101
0.95, 0.168612, 0.16, 0.84, 0.172304
0.95, 0.17062, 0.16, 0.84, 0.170102
0.95, 0.1652, 0.16, 0.84, 0.167681
0.95, 0.160013, 0.16, 0.84, 0.161362
0.95, 0.170846, 0.16, 0.84, 0.168551
0.95, 0.174195, 0.16, 0.84, 0.172379
0.95, 0.168662, 0.16, 0.84, 0.170896
0.95, 0.16273, 0.16, 0.84, 0.16779
0.95, 0.170441, 0.16, 0.84, 0.171377
0.95, 0.169446, 0.16, 0.84, 0.171918
0.95, 0.163349, 0.16, 0.84, 0.164307
0.95, 0.171832, 0.16, 0.84, 0.170679
0.95, 0.162921, 0.16, 0.84, 0.166528
0.95, 0.164397, 0.16, 0.84, 0.169753
0.95, 0.178751, 0.17, 0.83, 0.1794
0.95, 0.177839, 0.17, 0.83, 0.178651
0.95, 0.177347, 0.17, 0.83, 0.180542
0.95, 0.184904, 0.17, 0.83, 0.184208
0.95, 0.180049, 0.17, 0.83, 0.178843
0.95, 0.179238, 0.17, 0.83, 0.179255
0.95, 0.178427, 0.17, 0.83, 0.177228
0.95, 0.176737, 0.17, 0.83, 0.178949
0.95, 0.1807, 0.17, 0.83, 0.177121
0.95, 0.176944, 0.17, 0.83, 0.17724
0.95, 0.179617, 0.17, 0.83, 0.180894
0.95, 0.178907, 0.17, 0.83, 0.178013
0.95, 0.181469, 0.17, 0.83, 0.179491
0.95, 0.187057, 0.17, 0.83, 0.184517
0.95, 0.182785, 0.17, 0.83, 0.179875
0.95, 0.17801, 0.17, 0.83, 0.177789
0.95, 0.183838, 0.17, 0.83, 0.183258
0.95, 0.176779, 0.17, 0.83, 0.182007
0.95, 0.182035, 0.17, 0.83, 0.182355
0.95, 0.177552, 0.17, 0.83, 0.17835
0.95, 0.182433, 0.17, 0.83, 0.185368
0.95, 0.190227, 0.17, 0.83, 0.183213
0.95, 0.174274, 0.17, 0.83, 0.176901
0.95, 0.181367, 0.17, 0.83, 0.182234
0.95, 0.182003, 0.17, 0.83, 0.179248
0.95, 0.190857, 0.18, 0.82, 0.192186
0.95, 0.196771, 0.18, 0.82, 0.1958
0.95, 0.19207, 0.18, 0.82, 0.197101
0.95, 0.194791, 0.18, 0.82, 0.193127
0.95, 0.199781, 0.18, 0.82, 0.194423
0.95, 0.189996, 0.18, 0.82, 0.19393
0.95, 0.193866, 0.18, 0.82, 0.189881
0.95, 0.186074, 0.18, 0.82, 0.19348
0.95, 0.189761, 0.18, 0.82, 0.19271
0.95, 0.187766, 0.18, 0.82, 0.187417
0.95, 0.195486, 0.18, 0.82, 0.192101
0.95, 0.202027, 0.18, 0.82, 0.19872
0.95, 0.1874, 0.18, 0.82, 0.189215
0.95, 0.203575, 0.18, 0.82, 0.192683
0.95, 0.186135, 0.18, 0.82, 0.187049
0.95, 0.191365, 0.18, 0.82, 0.194764
0.95, 0.193135, 0.18, 0.82, 0.189027
0.95, 0.185675, 0.18, 0.82, 0.189584
0.95, 0.197629, 0.18, 0.82, 0.195844
0.95, 0.192385, 0.18, 0.82, 0.19359
0.95, 0.195973, 0.18, 0.82, 0.195436
0.95, 0.191846, 0.18, 0.82, 0.190214
0.95, 0.186934, 0.18, 0.82, 0.19026
0.95, 0.194569, 0.18, 0.82, 0.190796
0.95, 0.194446, 0.18, 0.82, 0.190789
0.95, 0.204092, 0.19, 0.81, 0.208098
0.95, 0.204268, 0.19, 0.81, 0.20606
0.95, 0.208509, 0.19, 0.81, 0.207373
0.95, 0.200849, 0.19, 0.81, 0.202545
0.95, 0.202715, 0.19, 0.81, 0.208503
0.95, 0.212233, 0.19, 0.81, 0.205368
0.95, 0.209011, 0.19, 0.81, 0.203664
0.95, 0.196384, 0.19, 0.81, 0.202635
0.95, 0.204792, 0.19, 0.81, 0.206205
0.95, 0.214971, 0.19, 0.81, 0.209155
0.95, 0.204982, 0.19, 0.81, 0.205234
0.95, 0.210094, 0.19, 0.81, 0.204988
0.95, 0.20314, 0.19, 0.81, 0.205193
0.95, 0.203933, 0.19, 0.81, 0.209439
0.95, 0.204741, 0.19, 0.81, 0.203284
0.95, 0.210642, 0.19, 0.81, 0.209616
0.95, 0.204695, 0.19, 0.81, 0.20549
0.95, 0.206436, 0.19, 0.81, 0.203853
0.95, 0.200174, 0.19, 0.81, 0.204956
0.95, 0.209117, 0.19, 0.81, 0.202119
0.95, 0.200409, 0.19, 0.81, 0.201246
0.95, 0.203185, 0.19, 0.81, 0.207677
0.95, 0.204494, 0.19, 0.81, 0.20447
0.95, 0.208847, 0.19, 0.81, 0.212302
0.95, 0.201809, 0.19, 0.81, 0.203036
0.95, 0.216199, 0.2, 0.8, 0.219786
0.95, 0.214641, 0.2, 0.8, 0.214593
0.95, 0.220113, 0.2, 0.8, 0.21897
0.95, 0.212895, 0.2, 0.8, 0.211476
0.95, 0.220018, 0.2, 0.8, 0.219072
0.95, 0.221594, 0.2, 0.8, 0.22047
0.95, 0.214832, 0.2, 0.8, 0.221103
0.95, 0.217482, 0.2, 0.8, 0.220487
0.95, 0.211661, 0.2, 0.8, 0.214327
0.95, 0.215395, 0.2, 0.8, 0.218267
0.95, 0.21238, 0.2, 0.8, 0.217658
0.95, 0.210338, 0.2, 0.8, 0.220737
0.95, 0.218761, 0.2, 0.8, 0.220968
0.95, 0.208759, 0.2, 0.8, 0.215754
0.95, 0.209948, 0.2, 0.8, 0.213672
0.95, 0.217828, 0.2, 0.8, 0.221887
0.95, 0.220912, 0.2, 0.8, 0.21606
0.95, 0.227852, 0.2, 0.8, 0.223308
0.95, 0.217937, 0.2, 0.8, 0.21911
0.95, 0.22005, 0.2, 0.8, 0.222823
0.95, 0.220191, 0.2, 0.8, 0.220092
0.95, 0.227712, 0.2, 0.8, 0.224431
0.95, 0.215689, 0.2, 0.8, 0.218149
0.95, 0.223226, 0.2, 0.8, 0.222285
0.95, 0.218051, 0.2, 0.8, 0.220088
0.95, 0.229865, 0.21, 0.79, 0.230322
0.95, 0.235084, 0.21, 0.79, 0.232354
0.95, 0.227855, 0.21, 0.79, 0.230065
0.95, 0.229127, 0.21, 0.79, 0.228169
0.95, 0.224122, 0.21, 0.79, 0.226584
0.95, 0.231085, 0.21, 0.79, 0.234034
0.95, 0.230295, 0.21, 0.79, 0.225292
0.95, 0.232793, 0.21, 0.79, 0.233552
0.95, 0.236884, 0.21, 0.79, 0.232217
0.95, 0.219886, 0.21, 0.79, 0.224967
0.95, 0.226787, 0.21, 0.79, 0.227558
0.95, 0.226413, 0.21, 0.79, 0.227291
0.95, 0.225243, 0.21, 0.79, 0.228509
0.95, 0.22731, 0.21, 0.79, 0.229111
0.95, 0.234762, 0.21, 0.79, 0.234535
0.95, 0.222303, 0.21, 0.79, 0.226677
0.95, 0.22583, 0.21, 0.79, 0.230136
0.95, 0.228717, 0.21, 0.79, 0.230389
0.95, 0.224002, 0.21, 0.79, 0.230014
0.95, 0.222184, 0.21, 0.79, 0.225834
0.95, 0.235795, 0.21, 0.79, 0.235104
0.95, 0.236358, 0.21, 0.79, 0.236848
0.95, 0.232433, 0.21, 0.79, 0.234916
0.95, 0.222261, 0.21, 0.79, 0.222905
0.95, 0.231514, 0.21, 0.79, 0.232057
0.95, 0.242788, 0.22, 0.78, 0.243546
0.95, 0.234921, 0.22, 0.78, 0.240722
0.95, 0.23487, 0.22, 0.78, 0.237935
0.95, 0.248088, 0.22, 0.78, 0.248541
0.95, 0.240021, 0.22, 0.78, 0.242929
0.95, 0.245227, 0.22, 0.78, 0.247257
0.95, 0.238729, 0.22, 0.78, 0.241706
0.95, 0.242831, 0.22, 0.78, 0.243105
0.95, 0.239405, 0.22, 0.78, 0.237816
0.95, 0.233865, 0.22, 0.78, 0.235463
0.95, 0.23153, 0.22, 0.78, 0.235797
0.95, 0.244743, 0.22, 0.78, 0.244207
0.95, 0.235719, 0.22, 0.78, 0.23617
0.95, 0.243002, 0.22, 0.78, 0.247332
0.95, 0.235594, 0.22, 0.78, 0.237157
0.95, 0.248791, 0.22, 0.78, 0.249436
0.95, 0.249352, 0.22, 0.78, 0.246407
0.95, 0.235912, 0.22, 0.78, 0.240464
0.95, 0.240321, 0.22, 0.78, 0.243782
0.95, 0.234865, 0.22, 0.78, 0.237071
0.95, 0.238097, 0.22, 0.78, 0.238689
0.95, 0.250935, 0.22, 0.78, 0.242994
0.95, 0.231974, 0.22, 0.78, 0.236055
0.95, 0.245084, 0.22, 0.78, 0.243783
0.95, 0.248419, 0.22, 0.78, 0.244207
0.95, 0.256091, 0.23, 0.77, 0.257879
0.95, 0.24638, 0.23, 0.77, 0.252629
0.95, 0.252491, 0.23, 0.77, 0.253522
0.95, 0.253271, 0.23, 0.77, 0.253592
0.95, 0.254979, 0.23, 0.77, 0.258177
0.95, 0.271809, 0.23, 0.77, 0.266694
0.95, 0.25886, 0.23, 0.77, 0.25848
0.95, 0.249572, 0.23, 0.77, 0.253834
0.95, 0.256641, 0.23, 0.77, 0.25297
0.95, 0.250737, 0.23, 0.77, 0.258356
0.95, 0.255201, 0.23, 0.77, 0.258778
0.95, 0.255362, 0.23, 0.77, 0.258659
0.95, 0.254181, 0.23, 0.77, 0.254379
0.95, 0.25747, 0.23, 0.77, 0.254223
0.95, 0.253125, 0.23, 0.77, 0.251623
0.95, 0.258907, 0.23, 0.77, 0.261635
0.95, 0.254376, 0.23, 0.77, 0.255585
0.95, 0.258003, 0.23, 0.77, 0.259788
0.95, 0.254225, 0.23, 0.77, 0.254896
0.95, 0.251599, 0.23, 0.77, 0.256491
0.95, 0.244439, 0.23, 0.77, 0.252101
0.95, 0.260272, 0.23, 0.77, 0.253755
0.95, 0.254447, 0.23, 0.77, 0.26137
0.95, 0.252472, 0.23, 0.77, 0.254111
0.95, 0.247198, 0.23, 0.77, 0.250766
0.95, 0.272397, 0.24, 0.76, 0.268372
0.95, 0.28748, 0.24, 0.76, 0.278394
0.95, 0.267715, 0.24, 0.76, 0.266899
0.95, 0.264592, 0.24, 0.76, 0.269929
0.95, 0.266862, 0.24, 0.76, 0.269473
0.95, 0.266414, 0.24, 0.76, 0.274338
0.95, 0.260811, 0.24, 0.76, 0.266877
0.95, 0.267179, 0.24, 0.76, 0.268108
0.95, 0.265803, 0.24, 0.76, 0.270026
0.95, 0.261917, 0.24, 0.76, 0.264294
0.95, 0.264339, 0.24, 0.76, 0.268417
0.95, 0.262187, 0.24, 0.76, 0.268016
0.95, 0.261527, 0.24, 0.76, 0.265155
0.95, 0.278143, 0.24, 0.76, 0.274072
0.95, 0.269816, 0.24, 0.76, 0.275433
0.95, 0.278691, 0.24, 0.76, 0.276004
0.95, 0.269734, 0.24, 0.76, 0.269524
0.95, 0.263274, 0.24, 0.76, 0.26494
0.95, 0.272161, 0.24, 0.76, 0.277168
0.95, 0.272148, 0.24, 0.76, 0.268042
0.95, 0.271832, 0.24, 0.76, 0.268458
0.95, 0.269537, 0.24, 0.76, 0.270632
0.95, 0.270896, 0.24, 0.76, 0.268473
0.95, 0.26514, 0.24, 0.76, 0.268156
0.95, 0.257476, 0.24, 0.76, 0.263082
0.95, 0.2785, 0.25, 0.75, 0.281104
0.95, 0.273602, 0.25, 0.75, 0.276047
0.95, 0.279402, 0.25, 0.75, 0.283269
0.95, 0.280036, 0.25, 0.75, 0.280038
0.95, 0.276607, 0.25, 0.75, 0.280059
0.95, 0.284248, 0.25, 0.75, 0.286624
0.95, 0.281755, 0.25, 0.75, 0.282736
0.95, 0.282273, 0.25, 0.75, 0.286288
0.95, 0.279482, 0.25, 0.75, 0.277185
0.95, 0.28451, 0.25, 0.75, 0.2866
0.95, 0.27717, 0.25, 0.75, 0.278537
0.95, 0.291398, 0.25, 0.75, 0.289754
0.95, 0.274229, 0.25, 0.75, 0.283496
0.95, 0.285339, 0.25, 0.75, 0.282513
0.95, 0.286179, 0.25, 0.75, 0.282139
0.95, 0.28855, 0.25, 0.75, 0.287762
0.95, 0.288563, 0.25, 0.75, 0.284128
0.95, 0.275358, 0.25, 0.75, 0.282678
0.95, 0.27886, 0.25, 0.75, 0.281449
0.95, 0.284449, 0.25, 0.75, 0.28178
0.95, 0.286857, 0.25, 0.75, 0.281289
0.95, 0.277197, 0.25, 0.75, 0.282172
0.95, 0.283752, 0.25, 0.75, 0.284756
0.95, 0.27445, 0.25, 0.75, 0.275239
0.95, 0.277214, 0.25, 0.75, 0.282213
0.95, 0.295019, 0.26, 0.74, 0.299305
0.95, 0.283976, 0.26, 0.74, 0.28473
0.95, 0.30164, 0.26, 0.74, 0.303303
0.95, 0.291473, 0.26, 0.74, 0.296645
0.95, 0.302994, 0.26, 0.74, 0.298352
0.95, 0.297326, 0.26, 0.74, 0.296151
0.95, 0.297457, 0.26, 0.74, 0.297149
0.95, 0.281795, 0.26, 0.74, 0.290855
0.95, 0.292886, 0.26, 0.74, 0.296945
0.95, 0.294405, 0.26, 0.74, 0.289951
0.95, 0.295768, 0.26, 0.74, 0.298205
0.95, 0.296383, 0.26, 0.74, 0.298173
0.95, 0.295784, 0.26, 0.74, 0.301798
0.95, 0.297938, 0.26, 0.74, 0.300673
0.95, 0.305402, 0.26, 0.74, 0.306832
0.95, 0.293744, 0.26, 0.74, 0.294709
0.95, 0.288632, 0.26, 0.74, 0.290908
0.95, 0.291346, 0.26, 0.74, 0.293519
0.95, 0.298548, 0.26, 0.74, 0.302679
0.95, 0.290384, 0.26, 0.74, 0.287385
0.95, 0.299756, 0.26, 0.74, 0.297408
0.95, 0.296431, 0.26, 0.74, 0.2923
0.95, 0.298616, 0.26, 0.74, 0.300206
0.95, 0.295699, 0.26, 0.74, 0.294325
0.95, 0.298292, 0.26, 0.74, 0.303313
0.95, 0.305772, 0.27, 0.73, 0.306338
0.95, 0.302697, 0.27, 0.73, 0.305833
0.95, 0.30762, 0.27, 0.73, 0.303841
0.95, 0.311335, 0.27, 0.73, 0.306642
0.95, 0.306358, 0.27, 0.73, 0.309075
0.95, 0.305631, 0.27, 0.73, 0.304667
0.95, 0.31447, 0.27, 0.73, 0.313425
0.95, 0.314185, 0.27, 0.73, 0.312407
0.95, 0.312864, 0.27, 0.73, 0.309066
0.95, 0.308145, 0.27, 0.73, 0.310899
0.95, 0.313325, 0.27, 0.73, 0.309551
0.95, 0.305304, 0.27, 0.73, 0.307701
0.95, 0.316841, 0.27, 0.73, 0.312607
0.95, 0.309318, 0.27, 0.73, 0.308754
0.95, 0.29393, 0.27, 0.73, 0.297535
0.95, 0.307309, 0.27, 0.73, 0.307766
0.95, 0.311033, 0.27, 0.73, 0.310312
0.95, 0.306874, 0.27, 0.73, 0.309846
0.95, 0.307371, 0.27, 0.73, 0.307461
0.95, 0.303809, 0.27, 0.73, 0.30986
0.95, 0.323579, 0.27, 0.73, 0.317418
0.95, 0.306486, 0.27, 0.73, 0.310978
0.95, 0.302777, 0.27, 0.73, 0.305112
0.95, 0.310466, 0.27, 0.73, 0.307516
0.95, 0.312224, 0.27, 0.73, 0.314098
0.95, 0.321896, 0.28, 0.72, 0.32305
0.95, 0.316464, 0.28, 0.72, 0.316337
0.95, 0.309897, 0.28, 0.72, 0.318336
0.95, 0.311268, 0.28, 0.72, 0.318002
0.95, 0.313908, 0.28, 0.72, 0.313124
0.95, 0.31608, 0.28, 0.72, 0.323352
0.95, 0.32369, 0.28, 0.72, 0.324869
0.95, 0.318689, 0.28, 0.72, 0.323779
0.95, 0.324727, 0.28, 0.72, 0.325216
0.95, 0.325391, 0.28, 0.72, 0.325333
0.95, 0.32605, 0.28, 0.72, 0.321821
0.95, 0.325542, 0.28, 0.72, 0.323616
0.95, 0.325323, 0.28, 0.72, 0.32605
0.95, 0.326209, 0.28, 0.72, 0.324973
0.95, 0.313687, 0.28, 0.72, 0.317613
0.95, 0.330073, 0.28, 0.72, 0.332435
0.95, 0.323156, 0.28, 0.72, 0.321318
0.95, 0.317976, 0.28, 0.72, 0.3217
0.95, 0.319332, 0.28, 0.72, 0.322033
0.95, 0.328717, 0.28, 0.72, 0.327917
0.95, 0.326506, 0.28, 0.72, 0.329916
0.95, 0.326793, 0.28, 0.72, 0.328323
0.95, 0.321005, 0.28, 0.72, 0.326813
0.95, 0.319653, 0.28, 0.72, 0.318825
0.95, 0.328768, 0.28, 0.72, 0.331221
0.95, 0.32419, 0.29, 0.71, 0.328695
0.95, 0.331624, 0.29, 0.71, 0.337197
0.95, 0.3322, 0.29, 0.71, 0.336053
0.95, 0.33125, 0.29, 0.71, 0.33182
0.95, 0.344858, 0.29, 0.71, 0.341666
0.95, 0.336663, 0.29, 0.71, 0.337165
0.95, 0.333272, 0.29, 0.71, 0.335412
0.95, 0.340443, 0.29, 0.71, 0.345172
0.95, 0.332812, 0.29, 0.71, 0.330155
0.95, 0.328578, 0.29, 0.71, 0.329938
0.95, 0.338739, 0.29, 0.71, 0.332861
0.95, 0.329053, 0.29, 0.71, 0.335392
0.95, 0.328876, 0.29, 0.71, 0.331851
0.95, 0.332005, 0.29, 0.71, 0.336288
0.95, 0.338766, 0.29, 0.71, 0.339295
0.95, 0.329333, 0.29, 0.71, 0.337218
0.95, 0.335177, 0.29, 0.71, 0.333574
0.95, 0.340725, 0.29, 0.71, 0.33558
0.95, 0.333924, 0.29, 0.71, 0.335964
0.95, 0.341073, 0.29, 0.71, 0.338556
0.95, 0.342897, 0.29, 0.71, 0.347604
0.95, 0.333108, 0.29, 0.71, 0.330913
0.95, 0.335693, 0.29, 0.71, 0.334229
0.95, 0.334244, 0.29, 0.71, 0.334147
0.95, 0.330123, 0.29, 0.71, 0.339749
0.95, 0.358083, 0.3, 0.7, 0.361363
0.95, 0.349021, 0.3, 0.7, 0.350039
0.95, 0.358558, 0.3, 0.7, 0.352349
0.95, 0.356701, 0.3, 0.7, 0.36001
0.95, 0.341036, 0.3, 0.7, 0.339169
0.95, 0.358171, 0.3, 0.7, 0.352805
0.95, 0.340702, 0.3, 0.7, 0.345926
0.95, 0.354847, 0.3, 0.7, 0.355096
0.95, 0.349005, 0.3, 0.7, 0.350868
0.95, 0.355814, 0.3, 0.7, 0.356311
0.95, 0.351559, 0.3, 0.7, 0.34773
0.95, 0.352809, 0.3, 0.7, 0.356193
0.95, 0.359255, 0.3, 0.7, 0.354286
0.95, 0.360931, 0.3, 0.7, 0.355735
0.95, 0.350204, 0.3, 0.7, 0.351146
0.95, 0.356323, 0.3, 0.7, 0.355311
0.95, 0.356992, 0.3, 0.7, 0.356501
0.95, 0.354381, 0.3, 0.7, 0.35488
0.95, 0.350517, 0.3, 0.7, 0.348697
0.95, 0.346986, 0.3, 0.7, 0.350766
0.95, 0.344876, 0.3, 0.7, 0.346994
0.95, 0.346743, 0.3, 0.7, 0.346219
0.95, 0.354555, 0.3, 0.7, 0.353836
0.95, 0.348929, 0.3, 0.7, 0.347295
0.95, 0.341478, 0.3, 0.7, 0.348774
