# B5 Focused Dynamic Strategy Switching Simulation Results
# Schedule file: schedule_b5_honest_selfish_stubborn_lead_1000.txt
# Gamma (connectivity) range: 0.8 - 1.0 in 0.05 increments
# Hash rate range: 0.15 - 0.3 (15% - 30%) in 0.01 increments
Gamma, Miner0_ProfitFraction, Miner0_HashRate, Miner1_HashRate, Miner0_BlockFraction
0.8, 0.152959, 0.15, 0.85, 0.155201
0.8, 0.147098, 0.15, 0.85, 0.148292
0.8, 0.152917, 0.15, 0.85, 0.152614
0.8, 0.151941, 0.15, 0.85, 0.149187
0.8, 0.155024, 0.15, 0.85, 0.154324
0.8, 0.156366, 0.15, 0.85, 0.151927
0.8, 0.151894, 0.15, 0.85, 0.151938
0.8, 0.153862, 0.15, 0.85, 0.156023
0.8, 0.152246, 0.15, 0.85, 0.150491
0.8, 0.147282, 0.15, 0.85, 0.14841
0.8, 0.145811, 0.15, 0.85, 0.146397
0.8, 0.145367, 0.15, 0.85, 0.14618
0.8, 0.15338, 0.15, 0.85, 0.15481
0.8, 0.154702, 0.15, 0.85, 0.148668
0.8, 0.151878, 0.15, 0.85, 0.150107
0.8, 0.156421, 0.15, 0.85, 0.154687
0.8, 0.15295, 0.15, 0.85, 0.151729
0.8, 0.152296, 0.15, 0.85, 0.144978
0.8, 0.151465, 0.15, 0.85, 0.151723
0.8, 0.148858, 0.15, 0.85, 0.146189
0.8, 0.149243, 0.15, 0.85, 0.149229
0.8, 0.14855, 0.15, 0.85, 0.148442
0.8, 0.159273, 0.15, 0.85, 0.153643
0.8, 0.154302, 0.15, 0.85, 0.152611
0.8, 0.149017, 0.15, 0.85, 0.150074
0.8, 0.169824, 0.16, 0.84, 0.165783
0.8, 0.165394, 0.16, 0.84, 0.162494
0.8, 0.167099, 0.16, 0.84, 0.162623
0.8, 0.16423, 0.16, 0.84, 0.167579
0.8, 0.164834, 0.16, 0.84, 0.163294
0.8, 0.1638, 0.16, 0.84, 0.160569
0.8, 0.160094, 0.16, 0.84, 0.159485
0.8, 0.169881, 0.16, 0.84, 0.165356
0.8, 0.171418, 0.16, 0.84, 0.166685
0.8, 0.159252, 0.16, 0.84, 0.161017
0.8, 0.159854, 0.16, 0.84, 0.16397
0.8, 0.161599, 0.16, 0.84, 0.160686
0.8, 0.166079, 0.16, 0.84, 0.164352
0.8, 0.15988, 0.16, 0.84, 0.161761
0.8, 0.158864, 0.16, 0.84, 0.161725
0.8, 0.15585, 0.16, 0.84, 0.160824
0.8, 0.1556, 0.16, 0.84, 0.156029
0.8, 0.160609, 0.16, 0.84, 0.160213
0.8, 0.160009, 0.16, 0.84, 0.159958
0.8, 0.159695, 0.16, 0.84, 0.162039
0.8, 0.16752, 0.16, 0.84, 0.159971
0.8, 0.161093, 0.16, 0.84, 0.157875
0.8, 0.166559, 0.16, 0.84, 0.162158
0.8, 0.166335, 0.16, 0.84, 0.162126
0.8, 0.165894, 0.16, 0.84, 0.165027
0.8, 0.170092, 0.17, 0.83, 0.170658
0.8, 0.177287, 0.17, 0.83, 0.173037
0.8, 0.170375, 0.17, 0.83, 0.173533
0.8, 0.169143, 0.17, 0.83, 0.171545
0.8, 0.172755, 0.17, 0.83, 0.174112
0.8, 0.181232, 0.17, 0.83, 0.17469
0.8, 0.170867, 0.17, 0.83, 0.169355
0.8, 0.171348, 0.17, 0.83, 0.171773
0.8, 0.176702, 0.17, 0.83, 0.17633
0.8, 0.178733, 0.17, 0.83, 0.175739
0.8, 0.180539, 0.17, 0.83, 0.172789
0.8, 0.173251, 0.17, 0.83, 0.171245
0.8, 0.176375, 0.17, 0.83, 0.176295
0.8, 0.168408, 0.17, 0.83, 0.174678
0.8, 0.181081, 0.17, 0.83, 0.175345
0.8, 0.17591, 0.17, 0.83, 0.174654
0.8, 0.18383, 0.17, 0.83, 0.179817
0.8, 0.184055, 0.17, 0.83, 0.178167
0.8, 0.175153, 0.17, 0.83, 0.177426
0.8, 0.172073, 0.17, 0.83, 0.17094
0.8, 0.174567, 0.17, 0.83, 0.174562
0.8, 0.181001, 0.17, 0.83, 0.176143
0.8, 0.169556, 0.17, 0.83, 0.167592
0.8, 0.179622, 0.17, 0.83, 0.173759
0.8, 0.17716, 0.17, 0.83, 0.179067
0.8, 0.1816, 0.18, 0.82, 0.18453
0.8, 0.188463, 0.18, 0.82, 0.186556
0.8, 0.184293, 0.18, 0.82, 0.184793
0.8, 0.18672, 0.18, 0.82, 0.189846
0.8, 0.180794, 0.18, 0.82, 0.177418
0.8, 0.187305, 0.18, 0.82, 0.186479
0.8, 0.185142, 0.18, 0.82, 0.181244
0.8, 0.189626, 0.18, 0.82, 0.184683
0.8, 0.193166, 0.18, 0.82, 0.189307
0.8, 0.185281, 0.18, 0.82, 0.18267
0.8, 0.193663, 0.18, 0.82, 0.188721
0.8, 0.186436, 0.18, 0.82, 0.18721
0.8, 0.184524, 0.18, 0.82, 0.182842
0.8, 0.186402, 0.18, 0.82, 0.183131
0.8, 0.195949, 0.18, 0.82, 0.188763
0.8, 0.196119, 0.18, 0.82, 0.18819
0.8, 0.184943, 0.18, 0.82, 0.183686
0.8, 0.183988, 0.18, 0.82, 0.184702
0.8, 0.179853, 0.18, 0.82, 0.183143
0.8, 0.180623, 0.18, 0.82, 0.17866
0.8, 0.183106, 0.18, 0.82, 0.183956
0.8, 0.189638, 0.18, 0.82, 0.190287
0.8, 0.19445, 0.18, 0.82, 0.187615
0.8, 0.180461, 0.18, 0.82, 0.185226
0.8, 0.179279, 0.18, 0.82, 0.181013
0.8, 0.198016, 0.19, 0.81, 0.194699
0.8, 0.205121, 0.19, 0.81, 0.199504
0.8, 0.187666, 0.19, 0.81, 0.192155
0.8, 0.200245, 0.19, 0.81, 0.197621
0.8, 0.203484, 0.19, 0.81, 0.199099
0.8, 0.200698, 0.19, 0.81, 0.20151
0.8, 0.194636, 0.19, 0.81, 0.193339
0.8, 0.188055, 0.19, 0.81, 0.193045
0.8, 0.200394, 0.19, 0.81, 0.196671
0.8, 0.195372, 0.19, 0.81, 0.194021
0.8, 0.19733, 0.19, 0.81, 0.200655
0.8, 0.200813, 0.19, 0.81, 0.198567
0.8, 0.194611, 0.19, 0.81, 0.192981
0.8, 0.197908, 0.19, 0.81, 0.200498
0.8, 0.202314, 0.19, 0.81, 0.197379
0.8, 0.200241, 0.19, 0.81, 0.199706
0.8, 0.203675, 0.19, 0.81, 0.202578
0.8, 0.204122, 0.19, 0.81, 0.200593
0.8, 0.194761, 0.19, 0.81, 0.197421
0.8, 0.201855, 0.19, 0.81, 0.198968
0.8, 0.208889, 0.19, 0.81, 0.204808
0.8, 0.201509, 0.19, 0.81, 0.19896
0.8, 0.202936, 0.19, 0.81, 0.193141
0.8, 0.198923, 0.19, 0.81, 0.196174
0.8, 0.203979, 0.19, 0.81, 0.203731
0.8, 0.211729, 0.2, 0.8, 0.210176
0.8, 0.210703, 0.2, 0.8, 0.20927
0.8, 0.209088, 0.2, 0.8, 0.20646
0.8, 0.214804, 0.2, 0.8, 0.213452
0.8, 0.213455, 0.2, 0.8, 0.208555
0.8, 0.212054, 0.2, 0.8, 0.20792
0.8, 0.208865, 0.2, 0.8, 0.210016
0.8, 0.206053, 0.2, 0.8, 0.200669
0.8, 0.206845, 0.2, 0.8, 0.204507
0.8, 0.20859, 0.2, 0.8, 0.205234
0.8, 0.213085, 0.2, 0.8, 0.211639
0.8, 0.216595, 0.2, 0.8, 0.215585
0.8, 0.215743, 0.2, 0.8, 0.210309
0.8, 0.213267, 0.2, 0.8, 0.211378
0.8, 0.210711, 0.2, 0.8, 0.207676
0.8, 0.208656, 0.2, 0.8, 0.209074
0.8, 0.212267, 0.2, 0.8, 0.212803
0.8, 0.210613, 0.2, 0.8, 0.208824
0.8, 0.200146, 0.2, 0.8, 0.203411
0.8, 0.211504, 0.2, 0.8, 0.209068
0.8, 0.206909, 0.2, 0.8, 0.207474
0.8, 0.213289, 0.2, 0.8, 0.213524
0.8, 0.219615, 0.2, 0.8, 0.215972
0.8, 0.212878, 0.2, 0.8, 0.212878
0.8, 0.21007, 0.2, 0.8, 0.214282
0.8, 0.224488, 0.21, 0.79, 0.221987
0.8, 0.228588, 0.21, 0.79, 0.226063
0.8, 0.23369, 0.21, 0.79, 0.230269
0.8, 0.223432, 0.21, 0.79, 0.219054
0.8, 0.229283, 0.21, 0.79, 0.223574
0.8, 0.225357, 0.21, 0.79, 0.2212
0.8, 0.219665, 0.21, 0.79, 0.213857
0.8, 0.226425, 0.21, 0.79, 0.221938
0.8, 0.230483, 0.21, 0.79, 0.226236
0.8, 0.230381, 0.21, 0.79, 0.224796
0.8, 0.231328, 0.21, 0.79, 0.226494
0.8, 0.214198, 0.21, 0.79, 0.220453
0.8, 0.224678, 0.21, 0.79, 0.218142
0.8, 0.221533, 0.21, 0.79, 0.221011
0.8, 0.220103, 0.21, 0.79, 0.219053
0.8, 0.22001, 0.21, 0.79, 0.223851
0.8, 0.220169, 0.21, 0.79, 0.221751
0.8, 0.219653, 0.21, 0.79, 0.216423
0.8, 0.225973, 0.21, 0.79, 0.223645
0.8, 0.22134, 0.21, 0.79, 0.220941
0.8, 0.221057, 0.21, 0.79, 0.222185
0.8, 0.228594, 0.21, 0.79, 0.226824
0.8, 0.219746, 0.21, 0.79, 0.220142
0.8, 0.221158, 0.21, 0.79, 0.22317
0.8, 0.21398, 0.21, 0.79, 0.217801
0.8, 0.23713, 0.22, 0.78, 0.239387
0.8, 0.239447, 0.22, 0.78, 0.239932
0.8, 0.243394, 0.22, 0.78, 0.238561
0.8, 0.224372, 0.22, 0.78, 0.226742
0.8, 0.239048, 0.22, 0.78, 0.236419
0.8, 0.234544, 0.22, 0.78, 0.234325
0.8, 0.228749, 0.22, 0.78, 0.231505
0.8, 0.233783, 0.22, 0.78, 0.23084
0.8, 0.227969, 0.22, 0.78, 0.227648
0.8, 0.23218, 0.22, 0.78, 0.231659
0.8, 0.234268, 0.22, 0.78, 0.232777
0.8, 0.229848, 0.22, 0.78, 0.228808
0.8, 0.23769, 0.22, 0.78, 0.236246
0.8, 0.237174, 0.22, 0.78, 0.23368
0.8, 0.2386, 0.22, 0.78, 0.236569
0.8, 0.237375, 0.22, 0.78, 0.233116
0.8, 0.235484, 0.22, 0.78, 0.234119
0.8, 0.240376, 0.22, 0.78, 0.238486
0.8, 0.242095, 0.22, 0.78, 0.2387
0.8, 0.237722, 0.22, 0.78, 0.235341
0.8, 0.24234, 0.22, 0.78, 0.234592
0.8, 0.23543, 0.22, 0.78, 0.231504
0.8, 0.235123, 0.22, 0.78, 0.23688
0.8, 0.233071, 0.22, 0.78, 0.231174
0.8, 0.244151, 0.22, 0.78, 0.238587
0.8, 0.264802, 0.23, 0.77, 0.261035
0.8, 0.242646, 0.23, 0.77, 0.241018
0.8, 0.24652, 0.23, 0.77, 0.245684
0.8, 0.254191, 0.23, 0.77, 0.25119
0.8, 0.250567, 0.23, 0.77, 0.248916
0.8, 0.251692, 0.23, 0.77, 0.250756
0.8, 0.24247, 0.23, 0.77, 0.242383
0.8, 0.249064, 0.23, 0.77, 0.250902
0.8, 0.25356, 0.23, 0.77, 0.24977
0.8, 0.238662, 0.23, 0.77, 0.239642
0.8, 0.249703, 0.23, 0.77, 0.247724
0.8, 0.24487, 0.23, 0.77, 0.246569
0.8, 0.252287, 0.23, 0.77, 0.248201
0.8, 0.243748, 0.23, 0.77, 0.237882
0.8, 0.250218, 0.23, 0.77, 0.246198
0.8, 0.243263, 0.23, 0.77, 0.242935
0.8, 0.241718, 0.23, 0.77, 0.243193
0.8, 0.241715, 0.23, 0.77, 0.241855
0.8, 0.251408, 0.23, 0.77, 0.250028
0.8, 0.257083, 0.23, 0.77, 0.248506
0.8, 0.24739, 0.23, 0.77, 0.249545
0.8, 0.253408, 0.23, 0.77, 0.244911
0.8, 0.255733, 0.23, 0.77, 0.253729
0.8, 0.244083, 0.23, 0.77, 0.24472
0.8, 0.249558, 0.23, 0.77, 0.243291
0.8, 0.269642, 0.24, 0.76, 0.263463
0.8, 0.258024, 0.24, 0.76, 0.258245
0.8, 0.270178, 0.24, 0.76, 0.269126
0.8, 0.263972, 0.24, 0.76, 0.259249
0.8, 0.269843, 0.24, 0.76, 0.263567
0.8, 0.252548, 0.24, 0.76, 0.251232
0.8, 0.256531, 0.24, 0.76, 0.262704
0.8, 0.259551, 0.24, 0.76, 0.257821
0.8, 0.260242, 0.24, 0.76, 0.254899
0.8, 0.264172, 0.24, 0.76, 0.261359
0.8, 0.260014, 0.24, 0.76, 0.261888
0.8, 0.262882, 0.24, 0.76, 0.261932
0.8, 0.267123, 0.24, 0.76, 0.261403
0.8, 0.258872, 0.24, 0.76, 0.255029
0.8, 0.274181, 0.24, 0.76, 0.263929
0.8, 0.26302, 0.24, 0.76, 0.257433
0.8, 0.268803, 0.24, 0.76, 0.260155
0.8, 0.256875, 0.24, 0.76, 0.25645
0.8, 0.261276, 0.24, 0.76, 0.261925
0.8, 0.268443, 0.24, 0.76, 0.263306
0.8, 0.265176, 0.24, 0.76, 0.262464
0.8, 0.257305, 0.24, 0.76, 0.259823
0.8, 0.262018, 0.24, 0.76, 0.26177
0.8, 0.252176, 0.24, 0.76, 0.25809
0.8, 0.268142, 0.24, 0.76, 0.262874
0.8, 0.273777, 0.25, 0.75, 0.274786
0.8, 0.269814, 0.25, 0.75, 0.26572
0.8, 0.269518, 0.25, 0.75, 0.266644
0.8, 0.289998, 0.25, 0.75, 0.279274
0.8, 0.27208, 0.25, 0.75, 0.273015
0.8, 0.278299, 0.25, 0.75, 0.279845
0.8, 0.273915, 0.25, 0.75, 0.273767
0.8, 0.275737, 0.25, 0.75, 0.270013
0.8, 0.280377, 0.25, 0.75, 0.276496
0.8, 0.269067, 0.25, 0.75, 0.26772
0.8, 0.276234, 0.25, 0.75, 0.268909
0.8, 0.272186, 0.25, 0.75, 0.26982
0.8, 0.27426, 0.25, 0.75, 0.270022
0.8, 0.270145, 0.25, 0.75, 0.269648
0.8, 0.276106, 0.25, 0.75, 0.276461
0.8, 0.273807, 0.25, 0.75, 0.274503
0.8, 0.269956, 0.25, 0.75, 0.267455
0.8, 0.283366, 0.25, 0.75, 0.275391
0.8, 0.272831, 0.25, 0.75, 0.270137
0.8, 0.270382, 0.25, 0.75, 0.268321
0.8, 0.268009, 0.25, 0.75, 0.264585
0.8, 0.284228, 0.25, 0.75, 0.278465
0.8, 0.275754, 0.25, 0.75, 0.273758
0.8, 0.278998, 0.25, 0.75, 0.274428
0.8, 0.275002, 0.25, 0.75, 0.267272
0.8, 0.284783, 0.26, 0.74, 0.278956
0.8, 0.298667, 0.26, 0.74, 0.288842
0.8, 0.290214, 0.26, 0.74, 0.285147
0.8, 0.285442, 0.26, 0.74, 0.28541
0.8, 0.286212, 0.26, 0.74, 0.278206
0.8, 0.302643, 0.26, 0.74, 0.29457
0.8, 0.292471, 0.26, 0.74, 0.288483
0.8, 0.28929, 0.26, 0.74, 0.282513
0.8, 0.292734, 0.26, 0.74, 0.291202
0.8, 0.291633, 0.26, 0.74, 0.28696
0.8, 0.2935, 0.26, 0.74, 0.286355
0.8, 0.29764, 0.26, 0.74, 0.292427
0.8, 0.289356, 0.26, 0.74, 0.284488
0.8, 0.301426, 0.26, 0.74, 0.29237
0.8, 0.289888, 0.26, 0.74, 0.283529
0.8, 0.296528, 0.26, 0.74, 0.288337
0.8, 0.280998, 0.26, 0.74, 0.280537
0.8, 0.289455, 0.26, 0.74, 0.282718
0.8, 0.292632, 0.26, 0.74, 0.287697
0.8, 0.291627, 0.26, 0.74, 0.291203
0.8, 0.28066, 0.26, 0.74, 0.283368
0.8, 0.285245, 0.26, 0.74, 0.280523
0.8, 0.296264, 0.26, 0.74, 0.287574
0.8, 0.28629, 0.26, 0.74, 0.289449
0.8, 0.290823, 0.26, 0.74, 0.283939
0.8, 0.31057, 0.27, 0.73, 0.308102
0.8, 0.307627, 0.27, 0.73, 0.301581
0.8, 0.304164, 0.27, 0.73, 0.298225
0.8, 0.306114, 0.27, 0.73, 0.30466
0.8, 0.304664, 0.27, 0.73, 0.299163
0.8, 0.300971, 0.27, 0.73, 0.296266
0.8, 0.299454, 0.27, 0.73, 0.297956
0.8, 0.302522, 0.27, 0.73, 0.296756
0.8, 0.295924, 0.27, 0.73, 0.290789
0.8, 0.3131, 0.27, 0.73, 0.306149
0.8, 0.314707, 0.27, 0.73, 0.308309
0.8, 0.300832, 0.27, 0.73, 0.296668
0.8, 0.312047, 0.27, 0.73, 0.302011
0.8, 0.309423, 0.27, 0.73, 0.300369
0.8, 0.301963, 0.27, 0.73, 0.29227
0.8, 0.309847, 0.27, 0.73, 0.301892
0.8, 0.305592, 0.27, 0.73, 0.304708
0.8, 0.301417, 0.27, 0.73, 0.299661
0.8, 0.3023, 0.27, 0.73, 0.29635
0.8, 0.29635, 0.27, 0.73, 0.292058
0.8, 0.313841, 0.27, 0.73, 0.307386
0.8, 0.301718, 0.27, 0.73, 0.30123
0.8, 0.308349, 0.27, 0.73, 0.302103
0.8, 0.294897, 0.27, 0.73, 0.293684
0.8, 0.314781, 0.27, 0.73, 0.305001
0.8, 0.319979, 0.28, 0.72, 0.316302
0.8, 0.326836, 0.28, 0.72, 0.317774
0.8, 0.325126, 0.28, 0.72, 0.319063
0.8, 0.325387, 0.28, 0.72, 0.315867
0.8, 0.317141, 0.28, 0.72, 0.313731
0.8, 0.313349, 0.28, 0.72, 0.308965
0.8, 0.323786, 0.28, 0.72, 0.3177
0.8, 0.321703, 0.28, 0.72, 0.31624
0.8, 0.317772, 0.28, 0.72, 0.314339
0.8, 0.319709, 0.28, 0.72, 0.315313
0.8, 0.316956, 0.28, 0.72, 0.315125
0.8, 0.31162, 0.28, 0.72, 0.312051
0.8, 0.30376, 0.28, 0.72, 0.306365
0.8, 0.308206, 0.28, 0.72, 0.308662
0.8, 0.304709, 0.28, 0.72, 0.302553
0.8, 0.315452, 0.28, 0.72, 0.314644
0.8, 0.319475, 0.28, 0.72, 0.312522
0.8, 0.32153, 0.28, 0.72, 0.319912
0.8, 0.325881, 0.28, 0.72, 0.3145
0.8, 0.315942, 0.28, 0.72, 0.309104
0.8, 0.317879, 0.28, 0.72, 0.313906
0.8, 0.331059, 0.28, 0.72, 0.323042
0.8, 0.328969, 0.28, 0.72, 0.322621
0.8, 0.326751, 0.28, 0.72, 0.320304
0.8, 0.315104, 0.28, 0.72, 0.312937
0.8, 0.339618, 0.29, 0.71, 0.328909
0.8, 0.340281, 0.29, 0.71, 0.333413
0.8, 0.338615, 0.29, 0.71, 0.331719
0.8, 0.334038, 0.29, 0.71, 0.327493
0.8, 0.328129, 0.29, 0.71, 0.324954
0.8, 0.326609, 0.29, 0.71, 0.321732
0.8, 0.334222, 0.29, 0.71, 0.33083
0.8, 0.335979, 0.29, 0.71, 0.331196
0.8, 0.321926, 0.29, 0.71, 0.322812
0.8, 0.333728, 0.29, 0.71, 0.32868
0.8, 0.337986, 0.29, 0.71, 0.328422
0.8, 0.327416, 0.29, 0.71, 0.326086
0.8, 0.324972, 0.29, 0.71, 0.321834
0.8, 0.33657, 0.29, 0.71, 0.329977
0.8, 0.32874, 0.29, 0.71, 0.323677
0.8, 0.340255, 0.29, 0.71, 0.336347
0.8, 0.34374, 0.29, 0.71, 0.330847
0.8, 0.33446, 0.29, 0.71, 0.326031
0.8, 0.337302, 0.29, 0.71, 0.331235
0.8, 0.334077, 0.29, 0.71, 0.327847
0.8, 0.340825, 0.29, 0.71, 0.334666
0.8, 0.338574, 0.29, 0.71, 0.331182
0.8, 0.345598, 0.29, 0.71, 0.332773
0.8, 0.328999, 0.29, 0.71, 0.321042
0.8, 0.337359, 0.29, 0.71, 0.331039
0.8, 0.3427, 0.3, 0.7, 0.341245
0.8, 0.348128, 0.3, 0.7, 0.346307
0.8, 0.34954, 0.3, 0.7, 0.341592
0.8, 0.353156, 0.3, 0.7, 0.345174
0.8, 0.350146, 0.3, 0.7, 0.346131
0.8, 0.337495, 0.3, 0.7, 0.335257
0.8, 0.348437, 0.3, 0.7, 0.34102
0.8, 0.343835, 0.3, 0.7, 0.335698
0.8, 0.345962, 0.3, 0.7, 0.342742
0.8, 0.350063, 0.3, 0.7, 0.344781
0.8, 0.35592, 0.3, 0.7, 0.347948
0.8, 0.355443, 0.3, 0.7, 0.346452
0.8, 0.336843, 0.3, 0.7, 0.332738
0.8, 0.349933, 0.3, 0.7, 0.343331
0.8, 0.34968, 0.3, 0.7, 0.34031
0.8, 0.344224, 0.3, 0.7, 0.341401
0.8, 0.340928, 0.3, 0.7, 0.335715
0.8, 0.351613, 0.3, 0.7, 0.337218
0.8, 0.342575, 0.3, 0.7, 0.336646
0.8, 0.360074, 0.3, 0.7, 0.356844
0.8, 0.348406, 0.3, 0.7, 0.340587
0.8, 0.348974, 0.3, 0.7, 0.347517
0.8, 0.352355, 0.3, 0.7, 0.343558
0.8, 0.353734, 0.3, 0.7, 0.342849
0.8, 0.345165, 0.3, 0.7, 0.343831
0.85, 0.156415, 0.15, 0.85, 0.157634
0.85, 0.157153, 0.15, 0.85, 0.155727
0.85, 0.155938, 0.15, 0.85, 0.153955
0.85, 0.153552, 0.15, 0.85, 0.152346
0.85, 0.154686, 0.15, 0.85, 0.154528
0.85, 0.16212, 0.15, 0.85, 0.158012
0.85, 0.15121, 0.15, 0.85, 0.15064
0.85, 0.154071, 0.15, 0.85, 0.151873
0.85, 0.151935, 0.15, 0.85, 0.151117
0.85, 0.154356, 0.15, 0.85, 0.155487
0.85, 0.155892, 0.15, 0.85, 0.155904
0.85, 0.154411, 0.15, 0.85, 0.155702
0.85, 0.155193, 0.15, 0.85, 0.155874
0.85, 0.156825, 0.15, 0.85, 0.15727
0.85, 0.153019, 0.15, 0.85, 0.148477
0.85, 0.16161, 0.15, 0.85, 0.158411
0.85, 0.158186, 0.15, 0.85, 0.157215
0.85, 0.15349, 0.15, 0.85, 0.153051
0.85, 0.154002, 0.15, 0.85, 0.151959
0.85, 0.155006, 0.15, 0.85, 0.153969
0.85, 0.150544, 0.15, 0.85, 0.150828
0.85, 0.149797, 0.15, 0.85, 0.150921
0.85, 0.153899, 0.15, 0.85, 0.153051
0.85, 0.15593, 0.15, 0.85, 0.155123
0.85, 0.159896, 0.15, 0.85, 0.154749
0.85, 0.174142, 0.16, 0.84, 0.168941
0.85, 0.165853, 0.16, 0.84, 0.164583
0.85, 0.166739, 0.16, 0.84, 0.166192
0.85, 0.17539, 0.16, 0.84, 0.17334
0.85, 0.164126, 0.16, 0.84, 0.164345
0.85, 0.163753, 0.16, 0.84, 0.164941
0.85, 0.167876, 0.16, 0.84, 0.167408
0.85, 0.173705, 0.16, 0.84, 0.168735
0.85, 0.172721, 0.16, 0.84, 0.168408
0.85, 0.170226, 0.16, 0.84, 0.167448
0.85, 0.161762, 0.16, 0.84, 0.165499
0.85, 0.163369, 0.16, 0.84, 0.16521
0.85, 0.158664, 0.16, 0.84, 0.16159
0.85, 0.166822, 0.16, 0.84, 0.164766
0.85, 0.16462, 0.16, 0.84, 0.160796
0.85, 0.158691, 0.16, 0.84, 0.156997
0.85, 0.171324, 0.16, 0.84, 0.167316
0.85, 0.166519, 0.16, 0.84, 0.163727
0.85, 0.165381, 0.16, 0.84, 0.16508
0.85, 0.161529, 0.16, 0.84, 0.166519
0.85, 0.167006, 0.16, 0.84, 0.166046
0.85, 0.158047, 0.16, 0.84, 0.155116
0.85, 0.168791, 0.16, 0.84, 0.166889
0.85, 0.164174, 0.16, 0.84, 0.163046
0.85, 0.16484, 0.16, 0.84, 0.164084
0.85, 0.181295, 0.17, 0.83, 0.178725
0.85, 0.180197, 0.17, 0.83, 0.177541
0.85, 0.17771, 0.17, 0.83, 0.177241
0.85, 0.179155, 0.17, 0.83, 0.176412
0.85, 0.179118, 0.17, 0.83, 0.175157
0.85, 0.172018, 0.17, 0.83, 0.171285
0.85, 0.17342, 0.17, 0.83, 0.178363
0.85, 0.180247, 0.17, 0.83, 0.179853
0.85, 0.174655, 0.17, 0.83, 0.176738
0.85, 0.178277, 0.17, 0.83, 0.179471
0.85, 0.18621, 0.17, 0.83, 0.179819
0.85, 0.177797, 0.17, 0.83, 0.175564
0.85, 0.1817, 0.17, 0.83, 0.180188
0.85, 0.179164, 0.17, 0.83, 0.178765
0.85, 0.178768, 0.17, 0.83, 0.176552
0.85, 0.177321, 0.17, 0.83, 0.179541
0.85, 0.185359, 0.17, 0.83, 0.181969
0.85, 0.181968, 0.17, 0.83, 0.180089
0.85, 0.177845, 0.17, 0.83, 0.178076
0.85, 0.17959, 0.17, 0.83, 0.179413
0.85, 0.183152, 0.17, 0.83, 0.17615
0.85, 0.181395, 0.17, 0.83, 0.175803
0.85, 0.171247, 0.17, 0.83, 0.175304
0.85, 0.173555, 0.17, 0.83, 0.174455
0.85, 0.177278, 0.17, 0.83, 0.175932
0.85, 0.190149, 0.18, 0.82, 0.186825
0.85, 0.184579, 0.18, 0.82, 0.185484
0.85, 0.188826, 0.18, 0.82, 0.191168
0.85, 0.189616, 0.18, 0.82, 0.189285
0.85, 0.198133, 0.18, 0.82, 0.19513
0.85, 0.200057, 0.18, 0.82, 0.197541
0.85, 0.184451, 0.18, 0.82, 0.182389
0.85, 0.194012, 0.18, 0.82, 0.190468
0.85, 0.190595, 0.18, 0.82, 0.189909
0.85, 0.187788, 0.18, 0.82, 0.187933
0.85, 0.197899, 0.18, 0.82, 0.193603
0.85, 0.192545, 0.18, 0.82, 0.192483
0.85, 0.184393, 0.18, 0.82, 0.18557
0.85, 0.19583, 0.18, 0.82, 0.19361
0.85, 0.188665, 0.18, 0.82, 0.19191
0.85, 0.200076, 0.18, 0.82, 0.197015
0.85, 0.189924, 0.18, 0.82, 0.189019
0.85, 0.192304, 0.18, 0.82, 0.189845
0.85, 0.196986, 0.18, 0.82, 0.194997
0.85, 0.194995, 0.18, 0.82, 0.193075
0.85, 0.191618, 0.18, 0.82, 0.194283
0.85, 0.192586, 0.18, 0.82, 0.189685
0.85, 0.193227, 0.18, 0.82, 0.191037
0.85, 0.189801, 0.18, 0.82, 0.187047
0.85, 0.178888, 0.18, 0.82, 0.181133
0.85, 0.200467, 0.19, 0.81, 0.197985
0.85, 0.203901, 0.19, 0.81, 0.201696
0.85, 0.20225, 0.19, 0.81, 0.202089
0.85, 0.202711, 0.19, 0.81, 0.2012
0.85, 0.207611, 0.19, 0.81, 0.202807
0.85, 0.201036, 0.19, 0.81, 0.199519
0.85, 0.19736, 0.19, 0.81, 0.196331
0.85, 0.201904, 0.19, 0.81, 0.200995
0.85, 0.189173, 0.19, 0.81, 0.196799
0.85, 0.202567, 0.19, 0.81, 0.195292
0.85, 0.206741, 0.19, 0.81, 0.203104
0.85, 0.202491, 0.19, 0.81, 0.202907
0.85, 0.215154, 0.19, 0.81, 0.208821
0.85, 0.205506, 0.19, 0.81, 0.202462
0.85, 0.201876, 0.19, 0.81, 0.203452
0.85, 0.206917, 0.19, 0.81, 0.206367
0.85, 0.193457, 0.19, 0.81, 0.198364
0.85, 0.205195, 0.19, 0.81, 0.201133
0.85, 0.202692, 0.19, 0.81, 0.202515
0.85, 0.200241, 0.19, 0.81, 0.19619
0.85, 0.200438, 0.19, 0.81, 0.200905
0.85, 0.201726, 0.19, 0.81, 0.201554
0.85, 0.19927, 0.19, 0.81, 0.198546
0.85, 0.202172, 0.19, 0.81, 0.19861
0.85, 0.200805, 0.19, 0.81, 0.198667
0.85, 0.215395, 0.2, 0.8, 0.211125
0.85, 0.217932, 0.2, 0.8, 0.214528
0.85, 0.222924, 0.2, 0.8, 0.221298
0.85, 0.220666, 0.2, 0.8, 0.217669
0.85, 0.204542, 0.2, 0.8, 0.208737
0.85, 0.215149, 0.2, 0.8, 0.214893
0.85, 0.218749, 0.2, 0.8, 0.213703
0.85, 0.21136, 0.2, 0.8, 0.21036
0.85, 0.216273, 0.2, 0.8, 0.213652
0.85, 0.214907, 0.2, 0.8, 0.211694
0.85, 0.216147, 0.2, 0.8, 0.213032
0.85, 0.216056, 0.2, 0.8, 0.215243
0.85, 0.225135, 0.2, 0.8, 0.22379
0.85, 0.215319, 0.2, 0.8, 0.215198
0.85, 0.218622, 0.2, 0.8, 0.214145
0.85, 0.216441, 0.2, 0.8, 0.21584
0.85, 0.21447, 0.2, 0.8, 0.21376
0.85, 0.214476, 0.2, 0.8, 0.212254
0.85, 0.214427, 0.2, 0.8, 0.212689
0.85, 0.219075, 0.2, 0.8, 0.214194
0.85, 0.209658, 0.2, 0.8, 0.209554
0.85, 0.228449, 0.2, 0.8, 0.221646
0.85, 0.215409, 0.2, 0.8, 0.211462
0.85, 0.218731, 0.2, 0.8, 0.218441
0.85, 0.215315, 0.2, 0.8, 0.212525
0.85, 0.221311, 0.21, 0.79, 0.221121
0.85, 0.220481, 0.21, 0.79, 0.221269
0.85, 0.218824, 0.21, 0.79, 0.221815
0.85, 0.229046, 0.21, 0.79, 0.23192
0.85, 0.224741, 0.21, 0.79, 0.220457
0.85, 0.229483, 0.21, 0.79, 0.229829
0.85, 0.231947, 0.21, 0.79, 0.224477
0.85, 0.225021, 0.21, 0.79, 0.224163
0.85, 0.223749, 0.21, 0.79, 0.223636
0.85, 0.216647, 0.21, 0.79, 0.218424
0.85, 0.222691, 0.21, 0.79, 0.221305
0.85, 0.225318, 0.21, 0.79, 0.227014
0.85, 0.230096, 0.21, 0.79, 0.227746
0.85, 0.220803, 0.21, 0.79, 0.221069
0.85, 0.231792, 0.21, 0.79, 0.230307
0.85, 0.23603, 0.21, 0.79, 0.234653
0.85, 0.23089, 0.21, 0.79, 0.227432
0.85, 0.227315, 0.21, 0.79, 0.230068
0.85, 0.223973, 0.21, 0.79, 0.224845
0.85, 0.220325, 0.21, 0.79, 0.221909
0.85, 0.234139, 0.21, 0.79, 0.232105
0.85, 0.229216, 0.21, 0.79, 0.224562
0.85, 0.225664, 0.21, 0.79, 0.227682
0.85, 0.224687, 0.21, 0.79, 0.223805
0.85, 0.229553, 0.21, 0.79, 0.225624
0.85, 0.238507, 0.22, 0.78, 0.236163
0.85, 0.244951, 0.22, 0.78, 0.239327
0.85, 0.237671, 0.22, 0.78, 0.237802
0.85, 0.246123, 0.22, 0.78, 0.243555
0.85, 0.237108, 0.22, 0.78, 0.237762
0.85, 0.24318, 0.22, 0.78, 0.242083
0.85, 0.242301, 0.22, 0.78, 0.239125
0.85, 0.244292, 0.22, 0.78, 0.240747
0.85, 0.253711, 0.22, 0.78, 0.249127
0.85, 0.23639, 0.22, 0.78, 0.23693
0.85, 0.239792, 0.22, 0.78, 0.236243
0.85, 0.23996, 0.22, 0.78, 0.245237
0.85, 0.246244, 0.22, 0.78, 0.241244
0.85, 0.245939, 0.22, 0.78, 0.241286
0.85, 0.239275, 0.22, 0.78, 0.235761
0.85, 0.243443, 0.22, 0.78, 0.23987
0.85, 0.246209, 0.22, 0.78, 0.242649
0.85, 0.239948, 0.22, 0.78, 0.236969
0.85, 0.241632, 0.22, 0.78, 0.239372
0.85, 0.247951, 0.22, 0.78, 0.242903
0.85, 0.243196, 0.22, 0.78, 0.242516
0.85, 0.241128, 0.22, 0.78, 0.242355
0.85, 0.245261, 0.22, 0.78, 0.24493
0.85, 0.243582, 0.22, 0.78, 0.234482
0.85, 0.241478, 0.22, 0.78, 0.241867
0.85, 0.258377, 0.23, 0.77, 0.257082
0.85, 0.251436, 0.23, 0.77, 0.248494
0.85, 0.248684, 0.23, 0.77, 0.250545
0.85, 0.255645, 0.23, 0.77, 0.249811
0.85, 0.25926, 0.23, 0.77, 0.250043
0.85, 0.262003, 0.23, 0.77, 0.257022
0.85, 0.266055, 0.23, 0.77, 0.260484
0.85, 0.255482, 0.23, 0.77, 0.254076
0.85, 0.25184, 0.23, 0.77, 0.24547
0.85, 0.25633, 0.23, 0.77, 0.247463
0.85, 0.25309, 0.23, 0.77, 0.253908
0.85, 0.254474, 0.23, 0.77, 0.248443
0.85, 0.248729, 0.23, 0.77, 0.2484
0.85, 0.246878, 0.23, 0.77, 0.244029
0.85, 0.263543, 0.23, 0.77, 0.259717
0.85, 0.246876, 0.23, 0.77, 0.24736
0.85, 0.248655, 0.23, 0.77, 0.253111
0.85, 0.242208, 0.23, 0.77, 0.245974
0.85, 0.258137, 0.23, 0.77, 0.260708
0.85, 0.253306, 0.23, 0.77, 0.2539
0.85, 0.25202, 0.23, 0.77, 0.254079
0.85, 0.249846, 0.23, 0.77, 0.250864
0.85, 0.26046, 0.23, 0.77, 0.256204
0.85, 0.251014, 0.23, 0.77, 0.252716
0.85, 0.249506, 0.23, 0.77, 0.249842
0.85, 0.27465, 0.24, 0.76, 0.269778
0.85, 0.271473, 0.24, 0.76, 0.271188
0.85, 0.263641, 0.24, 0.76, 0.261267
0.85, 0.257601, 0.24, 0.76, 0.258659
0.85, 0.260114, 0.24, 0.76, 0.255648
0.85, 0.273196, 0.24, 0.76, 0.27029
0.85, 0.260919, 0.24, 0.76, 0.264443
0.85, 0.260521, 0.24, 0.76, 0.262095
0.85, 0.269485, 0.24, 0.76, 0.265351
0.85, 0.268187, 0.24, 0.76, 0.259629
0.85, 0.275004, 0.24, 0.76, 0.269821
0.85, 0.262901, 0.24, 0.76, 0.260372
0.85, 0.264023, 0.24, 0.76, 0.26602
0.85, 0.265632, 0.24, 0.76, 0.263032
0.85, 0.263621, 0.24, 0.76, 0.2649
0.85, 0.270719, 0.24, 0.76, 0.267412
0.85, 0.266518, 0.24, 0.76, 0.259354
0.85, 0.276703, 0.24, 0.76, 0.275358
0.85, 0.268007, 0.24, 0.76, 0.264442
0.85, 0.275805, 0.24, 0.76, 0.268017
0.85, 0.262629, 0.24, 0.76, 0.261851
0.85, 0.258917, 0.24, 0.76, 0.261275
0.85, 0.261316, 0.24, 0.76, 0.264544
0.85, 0.261382, 0.24, 0.76, 0.262911
0.85, 0.272904, 0.24, 0.76, 0.265771
0.85, 0.272519, 0.25, 0.75, 0.272701
0.85, 0.279555, 0.25, 0.75, 0.277143
0.85, 0.285119, 0.25, 0.75, 0.280738
0.85, 0.279521, 0.25, 0.75, 0.276865
0.85, 0.277072, 0.25, 0.75, 0.276028
0.85, 0.286808, 0.25, 0.75, 0.279589
0.85, 0.272395, 0.25, 0.75, 0.276027
0.85, 0.275495, 0.25, 0.75, 0.27145
0.85, 0.277707, 0.25, 0.75, 0.278148
0.85, 0.289355, 0.25, 0.75, 0.277981
0.85, 0.283734, 0.25, 0.75, 0.278665
0.85, 0.278249, 0.25, 0.75, 0.270499
0.85, 0.29698, 0.25, 0.75, 0.288286
0.85, 0.283485, 0.25, 0.75, 0.2793
0.85, 0.285538, 0.25, 0.75, 0.280681
0.85, 0.282173, 0.25, 0.75, 0.278043
0.85, 0.274255, 0.25, 0.75, 0.27424
0.85, 0.283823, 0.25, 0.75, 0.275886
0.85, 0.28939, 0.25, 0.75, 0.280253
0.85, 0.283936, 0.25, 0.75, 0.28034
0.85, 0.273553, 0.25, 0.75, 0.27463
0.85, 0.283646, 0.25, 0.75, 0.276583
0.85, 0.283164, 0.25, 0.75, 0.278342
0.85, 0.279014, 0.25, 0.75, 0.278422
0.85, 0.284757, 0.25, 0.75, 0.277876
0.85, 0.297091, 0.26, 0.74, 0.289955
0.85, 0.297164, 0.26, 0.74, 0.289306
0.85, 0.289531, 0.26, 0.74, 0.289293
0.85, 0.286004, 0.26, 0.74, 0.28533
0.85, 0.290497, 0.26, 0.74, 0.290691
0.85, 0.297364, 0.26, 0.74, 0.290976
0.85, 0.2941, 0.26, 0.74, 0.290642
0.85, 0.299173, 0.26, 0.74, 0.296819
0.85, 0.294841, 0.26, 0.74, 0.290798
0.85, 0.302123, 0.26, 0.74, 0.297738
0.85, 0.299348, 0.26, 0.74, 0.287067
0.85, 0.298196, 0.26, 0.74, 0.292696
0.85, 0.300768, 0.26, 0.74, 0.299058
0.85, 0.303728, 0.26, 0.74, 0.295907
0.85, 0.292587, 0.26, 0.74, 0.292005
0.85, 0.293494, 0.26, 0.74, 0.293747
0.85, 0.291973, 0.26, 0.74, 0.286013
0.85, 0.299278, 0.26, 0.74, 0.295742
0.85, 0.294017, 0.26, 0.74, 0.287315
0.85, 0.292449, 0.26, 0.74, 0.288712
0.85, 0.285189, 0.26, 0.74, 0.283826
0.85, 0.283386, 0.26, 0.74, 0.282458
0.85, 0.296504, 0.26, 0.74, 0.290865
0.85, 0.297364, 0.26, 0.74, 0.292284
0.85, 0.299675, 0.26, 0.74, 0.296009
0.85, 0.306417, 0.27, 0.73, 0.299277
0.85, 0.29922, 0.27, 0.73, 0.298782
0.85, 0.308758, 0.27, 0.73, 0.301807
0.85, 0.320605, 0.27, 0.73, 0.314115
0.85, 0.309155, 0.27, 0.73, 0.303683
0.85, 0.311297, 0.27, 0.73, 0.304803
0.85, 0.30701, 0.27, 0.73, 0.302246
0.85, 0.30799, 0.27, 0.73, 0.30558
0.85, 0.315565, 0.27, 0.73, 0.308908
0.85, 0.309602, 0.27, 0.73, 0.300453
0.85, 0.304938, 0.27, 0.73, 0.3021
0.85, 0.300312, 0.27, 0.73, 0.300446
0.85, 0.317376, 0.27, 0.73, 0.31101
0.85, 0.299159, 0.27, 0.73, 0.298818
0.85, 0.305868, 0.27, 0.73, 0.301917
0.85, 0.306781, 0.27, 0.73, 0.307922
0.85, 0.322122, 0.27, 0.73, 0.303046
0.85, 0.306087, 0.27, 0.73, 0.302766
0.85, 0.304739, 0.27, 0.73, 0.300093
0.85, 0.305376, 0.27, 0.73, 0.305536
0.85, 0.318789, 0.27, 0.73, 0.309104
0.85, 0.315713, 0.27, 0.73, 0.308836
0.85, 0.311205, 0.27, 0.73, 0.304928
0.85, 0.304855, 0.27, 0.73, 0.301955
0.85, 0.306896, 0.27, 0.73, 0.300187
0.85, 0.324603, 0.28, 0.72, 0.317169
0.85, 0.315064, 0.28, 0.72, 0.315396
0.85, 0.330563, 0.28, 0.72, 0.323289
0.85, 0.325444, 0.28, 0.72, 0.322171
0.85, 0.331811, 0.28, 0.72, 0.325118
0.85, 0.325126, 0.28, 0.72, 0.315901
0.85, 0.316327, 0.28, 0.72, 0.308298
0.85, 0.319655, 0.28, 0.72, 0.31481
0.85, 0.333689, 0.28, 0.72, 0.320351
0.85, 0.322071, 0.28, 0.72, 0.312525
0.85, 0.335455, 0.28, 0.72, 0.322257
0.85, 0.324407, 0.28, 0.72, 0.316104
0.85, 0.321418, 0.28, 0.72, 0.314057
0.85, 0.31459, 0.28, 0.72, 0.311015
0.85, 0.326328, 0.28, 0.72, 0.317171
0.85, 0.316326, 0.28, 0.72, 0.315222
0.85, 0.32748, 0.28, 0.72, 0.32271
0.85, 0.316954, 0.28, 0.72, 0.319538
0.85, 0.331614, 0.28, 0.72, 0.324108
0.85, 0.331005, 0.28, 0.72, 0.322967
0.85, 0.326852, 0.28, 0.72, 0.319294
0.85, 0.320071, 0.28, 0.72, 0.315737
0.85, 0.315072, 0.28, 0.72, 0.315114
0.85, 0.326872, 0.28, 0.72, 0.321115
0.85, 0.331318, 0.28, 0.72, 0.326605
0.85, 0.349883, 0.29, 0.71, 0.33978
0.85, 0.349839, 0.29, 0.71, 0.334128
0.85, 0.348469, 0.29, 0.71, 0.344396
0.85, 0.33526, 0.29, 0.71, 0.334686
0.85, 0.331203, 0.29, 0.71, 0.329939
0.85, 0.328955, 0.29, 0.71, 0.329096
0.85, 0.334678, 0.29, 0.71, 0.327614
0.85, 0.348677, 0.29, 0.71, 0.337156
0.85, 0.345401, 0.29, 0.71, 0.334702
0.85, 0.339399, 0.29, 0.71, 0.331662
0.85, 0.332952, 0.29, 0.71, 0.330275
0.85, 0.330324, 0.29, 0.71, 0.329242
0.85, 0.330053, 0.29, 0.71, 0.327398
0.85, 0.340048, 0.29, 0.71, 0.328283
0.85, 0.327574, 0.29, 0.71, 0.326147
0.85, 0.327749, 0.29, 0.71, 0.328923
0.85, 0.339792, 0.29, 0.71, 0.332427
0.85, 0.338026, 0.29, 0.71, 0.332081
0.85, 0.337633, 0.29, 0.71, 0.333152
0.85, 0.336869, 0.29, 0.71, 0.330441
0.85, 0.343718, 0.29, 0.71, 0.336951
0.85, 0.349521, 0.29, 0.71, 0.337991
0.85, 0.34509, 0.29, 0.71, 0.334796
0.85, 0.337753, 0.29, 0.71, 0.333373
0.85, 0.324186, 0.29, 0.71, 0.32176
0.85, 0.356228, 0.3, 0.7, 0.35338
0.85, 0.349799, 0.3, 0.7, 0.34248
0.85, 0.357525, 0.3, 0.7, 0.350245
0.85, 0.349249, 0.3, 0.7, 0.343296
0.85, 0.352735, 0.3, 0.7, 0.348243
0.85, 0.356723, 0.3, 0.7, 0.349478
0.85, 0.358533, 0.3, 0.7, 0.34614
0.85, 0.346433, 0.3, 0.7, 0.342669
0.85, 0.362829, 0.3, 0.7, 0.349171
0.85, 0.355536, 0.3, 0.7, 0.345284
0.85, 0.351358, 0.3, 0.7, 0.342556
0.85, 0.351783, 0.3, 0.7, 0.353436
0.85, 0.353559, 0.3, 0.7, 0.346165
0.85, 0.353906, 0.3, 0.7, 0.341955
0.85, 0.344909, 0.3, 0.7, 0.343248
0.85, 0.364439, 0.3, 0.7, 0.357735
0.85, 0.346964, 0.3, 0.7, 0.340617
0.85, 0.348203, 0.3, 0.7, 0.337131
0.85, 0.344026, 0.3, 0.7, 0.342862
0.85, 0.362203, 0.3, 0.7, 0.34903
0.85, 0.345792, 0.3, 0.7, 0.345032
0.85, 0.35227, 0.3, 0.7, 0.342517
0.85, 0.351509, 0.3, 0.7, 0.347684
0.85, 0.351525, 0.3, 0.7, 0.347702
0.85, 0.355953, 0.3, 0.7, 0.348487
0.9, 0.156416, 0.15, 0.85, 0.155756
0.9, 0.156982, 0.15, 0.85, 0.153671
0.9, 0.162289, 0.15, 0.85, 0.159139
0.9, 0.152546, 0.15, 0.85, 0.152989
0.9, 0.163954, 0.15, 0.85, 0.162387
0.9, 0.163518, 0.15, 0.85, 0.161936
0.9, 0.167039, 0.15, 0.85, 0.16391
0.9, 0.165323, 0.15, 0.85, 0.161181
0.9, 0.156466, 0.15, 0.85, 0.157491
0.9, 0.164029, 0.15, 0.85, 0.158239
0.9, 0.158991, 0.15, 0.85, 0.158194
0.9, 0.161243, 0.15, 0.85, 0.15793
0.9, 0.156238, 0.15, 0.85, 0.160188
0.9, 0.167965, 0.15, 0.85, 0.164651
0.9, 0.160051, 0.15, 0.85, 0.160705
0.9, 0.164578, 0.15, 0.85, 0.160843
0.9, 0.160185, 0.15, 0.85, 0.15949
0.9, 0.16137, 0.15, 0.85, 0.160518
0.9, 0.158274, 0.15, 0.85, 0.158024
0.9, 0.155676, 0.15, 0.85, 0.156887
0.9, 0.15602, 0.15, 0.85, 0.155698
0.9, 0.154964, 0.15, 0.85, 0.153301
0.9, 0.162344, 0.15, 0.85, 0.159178
0.9, 0.153928, 0.15, 0.85, 0.154971
0.9, 0.159887, 0.15, 0.85, 0.159747
0.9, 0.168869, 0.16, 0.84, 0.167056
0.9, 0.181419, 0.16, 0.84, 0.172383
0.9, 0.164631, 0.16, 0.84, 0.16343
0.9, 0.173797, 0.16, 0.84, 0.171507
0.9, 0.17633, 0.16, 0.84, 0.174114
0.9, 0.165028, 0.16, 0.84, 0.165383
0.9, 0.171041, 0.16, 0.84, 0.167793
0.9, 0.172262, 0.16, 0.84, 0.17445
0.9, 0.163579, 0.16, 0.84, 0.166085
0.9, 0.167218, 0.16, 0.84, 0.167691
0.9, 0.169993, 0.16, 0.84, 0.16764
0.9, 0.170683, 0.16, 0.84, 0.168019
0.9, 0.168399, 0.16, 0.84, 0.167647
0.9, 0.168621, 0.16, 0.84, 0.170758
0.9, 0.171073, 0.16, 0.84, 0.166797
0.9, 0.173142, 0.16, 0.84, 0.171441
0.9, 0.166772, 0.16, 0.84, 0.167152
0.9, 0.168048, 0.16, 0.84, 0.167214
0.9, 0.165395, 0.16, 0.84, 0.167827
0.9, 0.16406, 0.16, 0.84, 0.168607
0.9, 0.180598, 0.16, 0.84, 0.177069
0.9, 0.174006, 0.16, 0.84, 0.176013
0.9, 0.174971, 0.16, 0.84, 0.167192
0.9, 0.165659, 0.16, 0.84, 0.168995
0.9, 0.173001, 0.16, 0.84, 0.169624
0.9, 0.1795, 0.17, 0.83, 0.183348
0.9, 0.180937, 0.17, 0.83, 0.179955
0.9, 0.179758, 0.17, 0.83, 0.179928
0.9, 0.186527, 0.17, 0.83, 0.180922
0.9, 0.185382, 0.17, 0.83, 0.18209
0.9, 0.182065, 0.17, 0.83, 0.184056
0.9, 0.178439, 0.17, 0.83, 0.179507
0.9, 0.183452, 0.17, 0.83, 0.182626
0.9, 0.187159, 0.17, 0.83, 0.184116
0.9, 0.1759, 0.17, 0.83, 0.177425
0.9, 0.188031, 0.17, 0.83, 0.185483
0.9, 0.180414, 0.17, 0.83, 0.179012
0.9, 0.180558, 0.17, 0.83, 0.183084
0.9, 0.179229, 0.17, 0.83, 0.177122
0.9, 0.185406, 0.17, 0.83, 0.183592
0.9, 0.181413, 0.17, 0.83, 0.183087
0.9, 0.184181, 0.17, 0.83, 0.180968
0.9, 0.182497, 0.17, 0.83, 0.1852
0.9, 0.185527, 0.17, 0.83, 0.183004
0.9, 0.182492, 0.17, 0.83, 0.179706
0.9, 0.181545, 0.17, 0.83, 0.181612
0.9, 0.189842, 0.17, 0.83, 0.187789
0.9, 0.179747, 0.17, 0.83, 0.176957
0.9, 0.185239, 0.17, 0.83, 0.182877
0.9, 0.178739, 0.17, 0.83, 0.177718
0.9, 0.191163, 0.18, 0.82, 0.1905
0.9, 0.196478, 0.18, 0.82, 0.19352
0.9, 0.194411, 0.18, 0.82, 0.196354
0.9, 0.198031, 0.18, 0.82, 0.192982
0.9, 0.189905, 0.18, 0.82, 0.18887
0.9, 0.196447, 0.18, 0.82, 0.19741
0.9, 0.197709, 0.18, 0.82, 0.193019
0.9, 0.19678, 0.18, 0.82, 0.197772
0.9, 0.199, 0.18, 0.82, 0.194751
0.9, 0.194289, 0.18, 0.82, 0.192888
0.9, 0.194852, 0.18, 0.82, 0.193683
0.9, 0.194985, 0.18, 0.82, 0.196122
0.9, 0.200131, 0.18, 0.82, 0.196863
0.9, 0.193123, 0.18, 0.82, 0.1934
0.9, 0.194988, 0.18, 0.82, 0.191411
0.9, 0.191216, 0.18, 0.82, 0.187834
0.9, 0.195286, 0.18, 0.82, 0.194578
0.9, 0.191815, 0.18, 0.82, 0.190614
0.9, 0.196851, 0.18, 0.82, 0.194758
0.9, 0.19435, 0.18, 0.82, 0.188753
0.9, 0.195084, 0.18, 0.82, 0.195168
0.9, 0.192592, 0.18, 0.82, 0.193126
0.9, 0.193752, 0.18, 0.82, 0.1901
0.9, 0.193113, 0.18, 0.82, 0.188612
0.9, 0.193117, 0.18, 0.82, 0.189754
0.9, 0.206698, 0.19, 0.81, 0.202299
0.9, 0.196934, 0.19, 0.81, 0.200834
0.9, 0.20908, 0.19, 0.81, 0.204773
0.9, 0.203474, 0.19, 0.81, 0.204434
0.9, 0.208659, 0.19, 0.81, 0.203805
0.9, 0.201714, 0.19, 0.81, 0.202013
0.9, 0.213627, 0.19, 0.81, 0.208906
0.9, 0.20125, 0.19, 0.81, 0.204758
0.9, 0.204779, 0.19, 0.81, 0.212094
0.9, 0.211295, 0.19, 0.81, 0.20801
0.9, 0.210906, 0.19, 0.81, 0.207513
0.9, 0.205703, 0.19, 0.81, 0.202379
0.9, 0.201883, 0.19, 0.81, 0.201899
0.9, 0.214123, 0.19, 0.81, 0.209001
0.9, 0.20423, 0.19, 0.81, 0.2017
0.9, 0.208983, 0.19, 0.81, 0.211783
0.9, 0.205671, 0.19, 0.81, 0.207576
0.9, 0.197734, 0.19, 0.81, 0.199978
0.9, 0.203432, 0.19, 0.81, 0.208132
0.9, 0.208661, 0.19, 0.81, 0.207788
0.9, 0.20301, 0.19, 0.81, 0.202653
0.9, 0.209214, 0.19, 0.81, 0.207088
0.9, 0.195914, 0.19, 0.81, 0.198213
0.9, 0.200626, 0.19, 0.81, 0.205437
0.9, 0.203932, 0.19, 0.81, 0.204369
0.9, 0.222076, 0.2, 0.8, 0.223837
0.9, 0.217809, 0.2, 0.8, 0.218373
0.9, 0.222113, 0.2, 0.8, 0.218237
0.9, 0.219742, 0.2, 0.8, 0.21765
0.9, 0.224807, 0.2, 0.8, 0.223013
0.9, 0.218509, 0.2, 0.8, 0.218134
0.9, 0.221608, 0.2, 0.8, 0.218967
0.9, 0.214076, 0.2, 0.8, 0.217554
0.9, 0.210601, 0.2, 0.8, 0.215719
0.9, 0.210784, 0.2, 0.8, 0.212789
0.9, 0.217295, 0.2, 0.8, 0.214997
0.9, 0.219405, 0.2, 0.8, 0.2182
0.9, 0.219265, 0.2, 0.8, 0.220559
0.9, 0.224784, 0.2, 0.8, 0.223192
0.9, 0.212832, 0.2, 0.8, 0.215694
0.9, 0.222661, 0.2, 0.8, 0.219975
0.9, 0.221046, 0.2, 0.8, 0.219954
0.9, 0.21462, 0.2, 0.8, 0.21293
0.9, 0.213509, 0.2, 0.8, 0.217355
0.9, 0.218814, 0.2, 0.8, 0.217835
0.9, 0.218868, 0.2, 0.8, 0.216594
0.9, 0.217596, 0.2, 0.8, 0.219058
0.9, 0.21733, 0.2, 0.8, 0.220331
0.9, 0.218951, 0.2, 0.8, 0.220407
0.9, 0.223862, 0.2, 0.8, 0.221865
0.9, 0.238487, 0.21, 0.79, 0.234291
0.9, 0.228251, 0.21, 0.79, 0.22826
0.9, 0.235144, 0.21, 0.79, 0.232392
0.9, 0.240826, 0.21, 0.79, 0.236344
0.9, 0.222766, 0.21, 0.79, 0.230094
0.9, 0.238556, 0.21, 0.79, 0.235365
0.9, 0.225557, 0.21, 0.79, 0.229046
0.9, 0.232408, 0.21, 0.79, 0.233442
0.9, 0.226411, 0.21, 0.79, 0.225828
0.9, 0.2291, 0.21, 0.79, 0.231238
0.9, 0.232659, 0.21, 0.79, 0.232295
0.9, 0.22839, 0.21, 0.79, 0.230674
0.9, 0.230648, 0.21, 0.79, 0.231137
0.9, 0.224569, 0.21, 0.79, 0.228351
0.9, 0.230117, 0.21, 0.79, 0.229909
0.9, 0.234025, 0.21, 0.79, 0.229125
0.9, 0.235325, 0.21, 0.79, 0.231605
0.9, 0.225847, 0.21, 0.79, 0.225907
0.9, 0.232456, 0.21, 0.79, 0.229361
0.9, 0.230417, 0.21, 0.79, 0.229507
0.9, 0.234252, 0.21, 0.79, 0.234978
0.9, 0.229832, 0.21, 0.79, 0.230634
0.9, 0.228735, 0.21, 0.79, 0.229441
0.9, 0.231478, 0.21, 0.79, 0.228007
0.9, 0.228096, 0.21, 0.79, 0.22662
0.9, 0.242739, 0.22, 0.78, 0.245201
0.9, 0.239095, 0.22, 0.78, 0.241303
0.9, 0.235725, 0.22, 0.78, 0.237273
0.9, 0.243405, 0.22, 0.78, 0.239911
0.9, 0.242885, 0.22, 0.78, 0.239325
0.9, 0.24433, 0.22, 0.78, 0.241064
0.9, 0.236719, 0.22, 0.78, 0.239038
0.9, 0.245004, 0.22, 0.78, 0.240691
0.9, 0.239441, 0.22, 0.78, 0.242121
0.9, 0.242774, 0.22, 0.78, 0.242645
0.9, 0.241214, 0.22, 0.78, 0.243246
0.9, 0.255442, 0.22, 0.78, 0.245989
0.9, 0.25661, 0.22, 0.78, 0.252995
0.9, 0.250025, 0.22, 0.78, 0.25182
0.9, 0.236468, 0.22, 0.78, 0.239027
0.9, 0.242288, 0.22, 0.78, 0.244038
0.9, 0.252194, 0.22, 0.78, 0.247843
0.9, 0.250018, 0.22, 0.78, 0.246789
0.9, 0.241433, 0.22, 0.78, 0.249151
0.9, 0.244321, 0.22, 0.78, 0.242428
0.9, 0.237637, 0.22, 0.78, 0.235288
0.9, 0.244765, 0.22, 0.78, 0.243993
0.9, 0.23775, 0.22, 0.78, 0.238436
0.9, 0.243734, 0.22, 0.78, 0.24485
0.9, 0.247889, 0.22, 0.78, 0.243649
0.9, 0.254598, 0.23, 0.77, 0.254193
0.9, 0.25972, 0.23, 0.77, 0.253916
0.9, 0.259638, 0.23, 0.77, 0.25192
0.9, 0.252469, 0.23, 0.77, 0.257324
0.9, 0.255865, 0.23, 0.77, 0.253282
0.9, 0.260564, 0.23, 0.77, 0.256462
0.9, 0.253626, 0.23, 0.77, 0.253703
0.9, 0.245606, 0.23, 0.77, 0.24802
0.9, 0.251201, 0.23, 0.77, 0.253442
0.9, 0.256717, 0.23, 0.77, 0.257076
0.9, 0.25131, 0.23, 0.77, 0.257192
0.9, 0.259498, 0.23, 0.77, 0.253981
0.9, 0.247541, 0.23, 0.77, 0.254602
0.9, 0.255327, 0.23, 0.77, 0.250984
0.9, 0.259035, 0.23, 0.77, 0.255666
0.9, 0.26118, 0.23, 0.77, 0.254308
0.9, 0.26399, 0.23, 0.77, 0.259569
0.9, 0.256963, 0.23, 0.77, 0.255645
0.9, 0.263878, 0.23, 0.77, 0.25899
0.9, 0.260945, 0.23, 0.77, 0.260872
0.9, 0.257287, 0.23, 0.77, 0.256529
0.9, 0.257564, 0.23, 0.77, 0.263234
0.9, 0.259716, 0.23, 0.77, 0.253191
0.9, 0.258825, 0.23, 0.77, 0.256494
0.9, 0.257927, 0.23, 0.77, 0.252171
0.9, 0.269753, 0.24, 0.76, 0.266383
0.9, 0.269966, 0.24, 0.76, 0.264614
0.9, 0.273548, 0.24, 0.76, 0.271624
0.9, 0.273882, 0.24, 0.76, 0.271718
0.9, 0.270284, 0.24, 0.76, 0.272205
0.9, 0.259739, 0.24, 0.76, 0.259674
0.9, 0.265921, 0.24, 0.76, 0.268782
0.9, 0.273996, 0.24, 0.76, 0.274448
0.9, 0.266969, 0.24, 0.76, 0.262036
0.9, 0.274303, 0.24, 0.76, 0.271415
0.9, 0.263244, 0.24, 0.76, 0.265049
0.9, 0.270075, 0.24, 0.76, 0.269972
0.9, 0.27089, 0.24, 0.76, 0.266984
0.9, 0.268921, 0.24, 0.76, 0.265692
0.9, 0.279403, 0.24, 0.76, 0.270338
0.9, 0.265498, 0.24, 0.76, 0.264765
0.9, 0.270783, 0.24, 0.76, 0.273103
0.9, 0.283187, 0.24, 0.76, 0.279202
0.9, 0.273593, 0.24, 0.76, 0.269792
0.9, 0.272484, 0.24, 0.76, 0.269242
0.9, 0.269939, 0.24, 0.76, 0.268246
0.9, 0.270265, 0.24, 0.76, 0.266647
0.9, 0.273012, 0.24, 0.76, 0.272294
0.9, 0.273053, 0.24, 0.76, 0.269418
0.9, 0.275685, 0.24, 0.76, 0.269817
0.9, 0.280206, 0.25, 0.75, 0.283526
0.9, 0.277239, 0.25, 0.75, 0.273218
0.9, 0.297076, 0.25, 0.75, 0.288502
0.9, 0.282957, 0.25, 0.75, 0.280028
0.9, 0.280894, 0.25, 0.75, 0.281636
0.9, 0.28409, 0.25, 0.75, 0.280909
0.9, 0.284594, 0.25, 0.75, 0.275592
0.9, 0.285009, 0.25, 0.75, 0.284313
0.9, 0.278345, 0.25, 0.75, 0.276216
0.9, 0.284553, 0.25, 0.75, 0.281939
0.9, 0.295558, 0.25, 0.75, 0.288484
0.9, 0.282148, 0.25, 0.75, 0.279517
0.9, 0.281904, 0.25, 0.75, 0.280183
0.9, 0.281066, 0.25, 0.75, 0.281581
0.9, 0.290485, 0.25, 0.75, 0.281337
0.9, 0.282987, 0.25, 0.75, 0.276236
0.9, 0.281502, 0.25, 0.75, 0.28024
0.9, 0.28443, 0.25, 0.75, 0.275562
0.9, 0.283797, 0.25, 0.75, 0.281393
0.9, 0.287851, 0.25, 0.75, 0.281479
0.9, 0.279406, 0.25, 0.75, 0.279788
0.9, 0.289842, 0.25, 0.75, 0.287992
0.9, 0.289357, 0.25, 0.75, 0.28521
0.9, 0.289744, 0.25, 0.75, 0.289306
0.9, 0.287918, 0.25, 0.75, 0.278337
0.9, 0.290998, 0.26, 0.74, 0.292439
0.9, 0.297132, 0.26, 0.74, 0.296135
0.9, 0.292338, 0.26, 0.74, 0.292349
0.9, 0.293994, 0.26, 0.74, 0.293497
0.9, 0.29899, 0.26, 0.74, 0.297441
0.9, 0.29024, 0.26, 0.74, 0.291679
0.9, 0.307811, 0.26, 0.74, 0.298881
0.9, 0.296554, 0.26, 0.74, 0.298008
0.9, 0.290528, 0.26, 0.74, 0.28605
0.9, 0.295596, 0.26, 0.74, 0.295732
0.9, 0.294774, 0.26, 0.74, 0.292904
0.9, 0.303844, 0.26, 0.74, 0.295957
0.9, 0.303046, 0.26, 0.74, 0.299053
0.9, 0.299079, 0.26, 0.74, 0.296399
0.9, 0.295141, 0.26, 0.74, 0.294809
0.9, 0.31192, 0.26, 0.74, 0.302708
0.9, 0.29362, 0.26, 0.74, 0.29134
0.9, 0.309227, 0.26, 0.74, 0.304134
0.9, 0.291155, 0.26, 0.74, 0.291887
0.9, 0.30732, 0.26, 0.74, 0.303029
0.9, 0.291314, 0.26, 0.74, 0.288561
0.9, 0.29555, 0.26, 0.74, 0.294704
0.9, 0.301923, 0.26, 0.74, 0.296374
0.9, 0.305918, 0.26, 0.74, 0.303533
0.9, 0.306564, 0.26, 0.74, 0.304266
0.9, 0.31072, 0.27, 0.73, 0.311589
0.9, 0.307593, 0.27, 0.73, 0.30209
0.9, 0.318254, 0.27, 0.73, 0.311473
0.9, 0.314774, 0.27, 0.73, 0.310044
0.9, 0.317592, 0.27, 0.73, 0.311426
0.9, 0.322273, 0.27, 0.73, 0.314965
0.9, 0.308959, 0.27, 0.73, 0.307137
0.9, 0.306608, 0.27, 0.73, 0.306801
0.9, 0.310255, 0.27, 0.73, 0.30908
0.9, 0.296332, 0.27, 0.73, 0.30037
0.9, 0.314964, 0.27, 0.73, 0.310534
0.9, 0.307271, 0.27, 0.73, 0.301492
0.9, 0.316768, 0.27, 0.73, 0.314434
0.9, 0.308157, 0.27, 0.73, 0.307398
0.9, 0.315888, 0.27, 0.73, 0.31163
0.9, 0.302358, 0.27, 0.73, 0.302389
0.9, 0.298129, 0.27, 0.73, 0.301184
0.9, 0.312449, 0.27, 0.73, 0.303797
0.9, 0.315437, 0.27, 0.73, 0.312172
0.9, 0.319338, 0.27, 0.73, 0.315969
0.9, 0.318682, 0.27, 0.73, 0.308687
0.9, 0.308798, 0.27, 0.73, 0.306013
0.9, 0.308228, 0.27, 0.73, 0.303897
0.9, 0.316219, 0.27, 0.73, 0.315501
0.9, 0.313915, 0.27, 0.73, 0.313514
0.9, 0.333954, 0.28, 0.72, 0.327015
0.9, 0.328061, 0.28, 0.72, 0.316886
0.9, 0.321552, 0.28, 0.72, 0.319034
0.9, 0.337747, 0.28, 0.72, 0.325519
0.9, 0.324164, 0.28, 0.72, 0.316137
0.9, 0.329642, 0.28, 0.72, 0.327255
0.9, 0.333424, 0.28, 0.72, 0.330353
0.9, 0.323634, 0.28, 0.72, 0.320419
0.9, 0.333497, 0.28, 0.72, 0.327646
0.9, 0.321536, 0.28, 0.72, 0.318222
0.9, 0.330072, 0.28, 0.72, 0.324853
0.9, 0.326892, 0.28, 0.72, 0.316694
0.9, 0.332118, 0.28, 0.72, 0.318955
0.9, 0.317401, 0.28, 0.72, 0.314323
0.9, 0.330975, 0.28, 0.72, 0.326492
0.9, 0.330168, 0.28, 0.72, 0.325616
0.9, 0.329356, 0.28, 0.72, 0.324674
0.9, 0.33618, 0.28, 0.72, 0.331186
0.9, 0.327916, 0.28, 0.72, 0.320317
0.9, 0.322647, 0.28, 0.72, 0.317855
0.9, 0.324617, 0.28, 0.72, 0.31831
0.9, 0.327736, 0.28, 0.72, 0.323319
0.9, 0.322392, 0.28, 0.72, 0.320905
0.9, 0.33185, 0.28, 0.72, 0.328937
0.9, 0.321126, 0.28, 0.72, 0.317222
0.9, 0.333872, 0.29, 0.71, 0.331416
0.9, 0.340528, 0.29, 0.71, 0.335526
0.9, 0.342736, 0.29, 0.71, 0.340207
0.9, 0.34135, 0.29, 0.71, 0.333571
0.9, 0.353568, 0.29, 0.71, 0.343096
0.9, 0.32734, 0.29, 0.71, 0.327321
0.9, 0.33943, 0.29, 0.71, 0.336027
0.9, 0.345185, 0.29, 0.71, 0.335236
0.9, 0.342871, 0.29, 0.71, 0.340279
0.9, 0.337697, 0.29, 0.71, 0.332682
0.9, 0.336334, 0.29, 0.71, 0.331227
0.9, 0.344003, 0.29, 0.71, 0.340015
0.9, 0.337851, 0.29, 0.71, 0.334514
0.9, 0.340902, 0.29, 0.71, 0.339952
0.9, 0.336156, 0.29, 0.71, 0.333553
0.9, 0.342683, 0.29, 0.71, 0.338917
0.9, 0.337486, 0.29, 0.71, 0.335024
0.9, 0.338848, 0.29, 0.71, 0.341551
0.9, 0.339436, 0.29, 0.71, 0.337378
0.9, 0.349065, 0.29, 0.71, 0.338647
0.9, 0.337867, 0.29, 0.71, 0.336495
0.9, 0.352169, 0.29, 0.71, 0.338235
0.9, 0.344945, 0.29, 0.71, 0.338559
0.9, 0.329515, 0.29, 0.71, 0.334601
0.9, 0.336481, 0.29, 0.71, 0.337187
0.9, 0.351747, 0.3, 0.7, 0.352976
0.9, 0.347266, 0.3, 0.7, 0.342753
0.9, 0.358639, 0.3, 0.7, 0.351022
0.9, 0.358749, 0.3, 0.7, 0.345947
0.9, 0.344497, 0.3, 0.7, 0.344448
0.9, 0.35626, 0.3, 0.7, 0.348978
0.9, 0.363643, 0.3, 0.7, 0.353321
0.9, 0.370476, 0.3, 0.7, 0.358387
0.9, 0.35268, 0.3, 0.7, 0.3493
0.9, 0.365138, 0.3, 0.7, 0.355862
0.9, 0.3531, 0.3, 0.7, 0.344695
0.9, 0.353352, 0.3, 0.7, 0.348192
0.9, 0.358742, 0.3, 0.7, 0.346555
0.9, 0.354062, 0.3, 0.7, 0.349417
0.9, 0.359572, 0.3, 0.7, 0.356797
0.9, 0.354011, 0.3, 0.7, 0.344573
0.9, 0.363668, 0.3, 0.7, 0.356436
0.9, 0.364404, 0.3, 0.7, 0.359348
0.9, 0.352142, 0.3, 0.7, 0.347532
0.9, 0.372893, 0.3, 0.7, 0.358543
0.9, 0.361474, 0.3, 0.7, 0.352172
0.9, 0.358538, 0.3, 0.7, 0.349678
0.9, 0.35845, 0.3, 0.7, 0.351024
0.9, 0.361101, 0.3, 0.7, 0.35767
0.9, 0.354813, 0.3, 0.7, 0.346877
0.95, 0.163325, 0.15, 0.85, 0.160427
0.95, 0.157844, 0.15, 0.85, 0.160145
0.95, 0.168367, 0.15, 0.85, 0.166531
0.95, 0.164937, 0.15, 0.85, 0.161753
0.95, 0.161582, 0.15, 0.85, 0.163056
0.95, 0.160491, 0.15, 0.85, 0.160532
0.95, 0.16041, 0.15, 0.85, 0.160974
0.95, 0.153886, 0.15, 0.85, 0.155122
0.95, 0.161321, 0.15, 0.85, 0.162808
0.95, 0.160167, 0.15, 0.85, 0.163871
0.95, 0.160742, 0.15, 0.85, 0.16337
0.95, 0.155605, 0.15, 0.85, 0.155673
0.95, 0.160587, 0.15, 0.85, 0.161411
0.95, 0.163476, 0.15, 0.85, 0.163822
0.95, 0.159479, 0.15, 0.85, 0.157362
0.95, 0.16792, 0.15, 0.85, 0.165376
0.95, 0.159493, 0.15, 0.85, 0.156634
0.95, 0.162415, 0.15, 0.85, 0.16432
0.95, 0.162625, 0.15, 0.85, 0.161554
0.95, 0.163388, 0.15, 0.85, 0.161838
0.95, 0.166542, 0.15, 0.85, 0.162011
0.95, 0.160324, 0.15, 0.85, 0.159855
0.95, 0.164275, 0.15, 0.85, 0.163239
0.95, 0.164695, 0.15, 0.85, 0.1588
0.95, 0.16018, 0.15, 0.85, 0.161167
0.95, 0.176245, 0.16, 0.84, 0.176031
0.95, 0.176191, 0.16, 0.84, 0.171
0.95, 0.175893, 0.16, 0.84, 0.171896
0.95, 0.17557, 0.16, 0.84, 0.175541
0.95, 0.177005, 0.16, 0.84, 0.175934
0.95, 0.175964, 0.16, 0.84, 0.173271
0.95, 0.171085, 0.16, 0.84, 0.169829
0.95, 0.175031, 0.16, 0.84, 0.173644
0.95, 0.170159, 0.16, 0.84, 0.170566
0.95, 0.169825, 0.16, 0.84, 0.168024
0.95, 0.168668, 0.16, 0.84, 0.170764
0.95, 0.175261, 0.16, 0.84, 0.170184
0.95, 0.17367, 0.16, 0.84, 0.168202
0.95, 0.175573, 0.16, 0.84, 0.176339
0.95, 0.167333, 0.16, 0.84, 0.16968
0.95, 0.176166, 0.16, 0.84, 0.175699
0.95, 0.165665, 0.16, 0.84, 0.169369
0.95, 0.176371, 0.16, 0.84, 0.173901
0.95, 0.165069, 0.16, 0.84, 0.164653
0.95, 0.18296, 0.16, 0.84, 0.177639
0.95, 0.177272, 0.16, 0.84, 0.176316
0.95, 0.171487, 0.16, 0.84, 0.172605
0.95, 0.173188, 0.16, 0.84, 0.17462
0.95, 0.169262, 0.16, 0.84, 0.164748
0.95, 0.17471, 0.16, 0.84, 0.172002
0.95, 0.190279, 0.17, 0.83, 0.187479
0.95, 0.188134, 0.17, 0.83, 0.189503
0.95, 0.1843, 0.17, 0.83, 0.18563
0.95, 0.195371, 0.17, 0.83, 0.1898
0.95, 0.186084, 0.17, 0.83, 0.184678
0.95, 0.180886, 0.17, 0.83, 0.184669
0.95, 0.187919, 0.17, 0.83, 0.186433
0.95, 0.184289, 0.17, 0.83, 0.184369
0.95, 0.183953, 0.17, 0.83, 0.180885
0.95, 0.181202, 0.17, 0.83, 0.185509
0.95, 0.187295, 0.17, 0.83, 0.184374
0.95, 0.18555, 0.17, 0.83, 0.184257
0.95, 0.187946, 0.17, 0.83, 0.188571
0.95, 0.185301, 0.17, 0.83, 0.184119
0.95, 0.183393, 0.17, 0.83, 0.184007
0.95, 0.190179, 0.17, 0.83, 0.187232
0.95, 0.188093, 0.17, 0.83, 0.18681
0.95, 0.186713, 0.17, 0.83, 0.184466
0.95, 0.178952, 0.17, 0.83, 0.183278
0.95, 0.184738, 0.17, 0.83, 0.184047
0.95, 0.188088, 0.17, 0.83, 0.185218
0.95, 0.177429, 0.17, 0.83, 0.178356
0.95, 0.182631, 0.17, 0.83, 0.183342
0.95, 0.180417, 0.17, 0.83, 0.179639
0.95, 0.183925, 0.17, 0.83, 0.184501
0.95, 0.200367, 0.18, 0.82, 0.201314
0.95, 0.205653, 0.18, 0.82, 0.199744
0.95, 0.195648, 0.18, 0.82, 0.192289
0.95, 0.206027, 0.18, 0.82, 0.200314
0.95, 0.197365, 0.18, 0.82, 0.197302
0.95, 0.198976, 0.18, 0.82, 0.197455
0.95, 0.192952, 0.18, 0.82, 0.193523
0.95, 0.198005, 0.18, 0.82, 0.195244
0.95, 0.202939, 0.18, 0.82, 0.198702
0.95, 0.196227, 0.18, 0.82, 0.198375
0.95, 0.205233, 0.18, 0.82, 0.202088
0.95, 0.19645, 0.18, 0.82, 0.195223
0.95, 0.200319, 0.18, 0.82, 0.196995
0.95, 0.204256, 0.18, 0.82, 0.198635
0.95, 0.195736, 0.18, 0.82, 0.193771
0.95, 0.188539, 0.18, 0.82, 0.194288
0.95, 0.199929, 0.18, 0.82, 0.200112
0.95, 0.190992, 0.18, 0.82, 0.193377
0.95, 0.199415, 0.18, 0.82, 0.198058
0.95, 0.197547, 0.18, 0.82, 0.194044
0.95, 0.191571, 0.18, 0.82, 0.190442
0.95, 0.198128, 0.18, 0.82, 0.197891
0.95, 0.194266, 0.18, 0.82, 0.197536
0.95, 0.199621, 0.18, 0.82, 0.198948
0.95, 0.197199, 0.18, 0.82, 0.195025
0.95, 0.208953, 0.19, 0.81, 0.209365
0.95, 0.203264, 0.19, 0.81, 0.203079
0.95, 0.203324, 0.19, 0.81, 0.206825
0.95, 0.2061, 0.19, 0.81, 0.206317
0.95, 0.209068, 0.19, 0.81, 0.208615
0.95, 0.204328, 0.19, 0.81, 0.207
0.95, 0.206989, 0.19, 0.81, 0.209199
0.95, 0.203445, 0.19, 0.81, 0.204807
0.95, 0.214931, 0.19, 0.81, 0.213584
0.95, 0.211316, 0.19, 0.81, 0.210488
0.95, 0.213461, 0.19, 0.81, 0.213715
0.95, 0.216475, 0.19, 0.81, 0.210618
0.95, 0.205564, 0.19, 0.81, 0.206121
0.95, 0.211551, 0.19, 0.81, 0.207288
0.95, 0.209739, 0.19, 0.81, 0.209643
0.95, 0.211354, 0.19, 0.81, 0.210511
0.95, 0.21828, 0.19, 0.81, 0.211012
0.95, 0.204165, 0.19, 0.81, 0.207969
0.95, 0.204793, 0.19, 0.81, 0.205024
0.95, 0.20828, 0.19, 0.81, 0.204387
0.95, 0.201982, 0.19, 0.81, 0.202689
0.95, 0.211408, 0.19, 0.81, 0.213757
0.95, 0.209737, 0.19, 0.81, 0.210897
0.95, 0.209794, 0.19, 0.81, 0.208016
0.95, 0.214412, 0.19, 0.81, 0.214834
0.95, 0.228636, 0.2, 0.8, 0.225079
0.95, 0.220275, 0.2, 0.8, 0.218375
0.95, 0.22606, 0.2, 0.8, 0.225882
0.95, 0.22129, 0.2, 0.8, 0.217858
0.95, 0.21311, 0.2, 0.8, 0.21661
0.95, 0.220893, 0.2, 0.8, 0.224377
0.95, 0.213715, 0.2, 0.8, 0.213351
0.95, 0.224087, 0.2, 0.8, 0.218835
0.95, 0.220708, 0.2, 0.8, 0.223049
0.95, 0.22534, 0.2, 0.8, 0.221424
0.95, 0.215879, 0.2, 0.8, 0.215845
0.95, 0.221774, 0.2, 0.8, 0.221158
0.95, 0.213378, 0.2, 0.8, 0.213269
0.95, 0.212394, 0.2, 0.8, 0.216141
0.95, 0.229924, 0.2, 0.8, 0.221156
0.95, 0.218709, 0.2, 0.8, 0.221216
0.95, 0.223704, 0.2, 0.8, 0.223759
0.95, 0.231065, 0.2, 0.8, 0.226959
0.95, 0.227971, 0.2, 0.8, 0.219585
0.95, 0.222452, 0.2, 0.8, 0.221694
0.95, 0.224484, 0.2, 0.8, 0.225884
0.95, 0.223937, 0.2, 0.8, 0.223236
0.95, 0.228072, 0.2, 0.8, 0.227091
0.95, 0.219048, 0.2, 0.8, 0.218162
0.95, 0.220646, 0.2, 0.8, 0.220283
0.95, 0.240298, 0.21, 0.79, 0.238007
0.95, 0.228061, 0.21, 0.79, 0.227183
0.95, 0.235307, 0.21, 0.79, 0.237127
0.95, 0.236284, 0.21, 0.79, 0.234852
0.95, 0.237606, 0.21, 0.79, 0.234548
0.95, 0.229158, 0.21, 0.79, 0.233736
0.95, 0.236534, 0.21, 0.79, 0.235877
0.95, 0.236831, 0.21, 0.79, 0.233386
0.95, 0.235981, 0.21, 0.79, 0.234117
0.95, 0.237981, 0.21, 0.79, 0.234529
0.95, 0.235439, 0.21, 0.79, 0.236842
0.95, 0.241287, 0.21, 0.79, 0.237102
0.95, 0.241689, 0.21, 0.79, 0.237094
0.95, 0.240453, 0.21, 0.79, 0.238438
0.95, 0.239853, 0.21, 0.79, 0.235371
0.95, 0.23174, 0.21, 0.79, 0.23206
0.95, 0.237097, 0.21, 0.79, 0.234498
0.95, 0.230795, 0.21, 0.79, 0.228946
0.95, 0.234699, 0.21, 0.79, 0.232799
0.95, 0.229611, 0.21, 0.79, 0.231198
0.95, 0.236057, 0.21, 0.79, 0.22975
0.95, 0.235151, 0.21, 0.79, 0.234745
0.95, 0.228145, 0.21, 0.79, 0.2312
0.95, 0.248203, 0.21, 0.79, 0.239057
0.95, 0.240672, 0.21, 0.79, 0.239861
0.95, 0.251157, 0.22, 0.78, 0.251248
0.95, 0.242871, 0.22, 0.78, 0.24484
0.95, 0.247325, 0.22, 0.78, 0.245539
0.95, 0.252056, 0.22, 0.78, 0.248175
0.95, 0.245385, 0.22, 0.78, 0.242853
0.95, 0.244035, 0.22, 0.78, 0.251443
0.95, 0.240959, 0.22, 0.78, 0.239307
0.95, 0.241958, 0.22, 0.78, 0.241179
0.95, 0.250821, 0.22, 0.78, 0.246165
0.95, 0.247006, 0.22, 0.78, 0.248401
0.95, 0.24994, 0.22, 0.78, 0.247357
0.95, 0.243797, 0.22, 0.78, 0.242915
0.95, 0.245069, 0.22, 0.78, 0.242978
0.95, 0.255196, 0.22, 0.78, 0.250943
0.95, 0.247079, 0.22, 0.78, 0.242603
0.95, 0.245341, 0.22, 0.78, 0.246797
0.95, 0.250238, 0.22, 0.78, 0.246617
0.95, 0.245765, 0.22, 0.78, 0.245156
0.95, 0.245613, 0.22, 0.78, 0.246733
0.95, 0.256183, 0.22, 0.78, 0.248823
0.95, 0.255204, 0.22, 0.78, 0.252617
0.95, 0.247959, 0.22, 0.78, 0.249915
0.95, 0.250155, 0.22, 0.78, 0.248434
0.95, 0.246993, 0.22, 0.78, 0.248956
0.95, 0.255384, 0.22, 0.78, 0.252029
0.95, 0.259257, 0.23, 0.77, 0.256038
0.95, 0.257998, 0.23, 0.77, 0.258343
0.95, 0.254875, 0.23, 0.77, 0.25947
0.95, 0.263426, 0.23, 0.77, 0.256683
0.95, 0.261183, 0.23, 0.77, 0.261214
0.95, 0.268601, 0.23, 0.77, 0.259516
0.95, 0.261988, 0.23, 0.77, 0.263158
0.95, 0.257667, 0.23, 0.77, 0.255825
0.95, 0.258975, 0.23, 0.77, 0.259719
0.95, 0.255634, 0.23, 0.77, 0.258791
0.95, 0.252678, 0.23, 0.77, 0.2554
0.95, 0.265922, 0.23, 0.77, 0.256379
0.95, 0.26391, 0.23, 0.77, 0.262205
0.95, 0.256768, 0.23, 0.77, 0.258612
0.95, 0.26896, 0.23, 0.77, 0.264776
0.95, 0.259622, 0.23, 0.77, 0.260737
0.95, 0.259442, 0.23, 0.77, 0.261447
0.95, 0.268793, 0.23, 0.77, 0.260949
0.95, 0.269058, 0.23, 0.77, 0.263455
0.95, 0.261491, 0.23, 0.77, 0.256652
0.95, 0.262621, 0.23, 0.77, 0.260208
0.95, 0.264564, 0.23, 0.77, 0.259123
0.95, 0.25507, 0.23, 0.77, 0.254255
0.95, 0.258553, 0.23, 0.77, 0.257089
0.95, 0.267976, 0.23, 0.77, 0.262854
0.95, 0.271618, 0.24, 0.76, 0.270586
0.95, 0.274038, 0.24, 0.76, 0.271401
0.95, 0.273077, 0.24, 0.76, 0.269311
0.95, 0.275568, 0.24, 0.76, 0.27429
0.95, 0.280587, 0.24, 0.76, 0.276946
0.95, 0.281494, 0.24, 0.76, 0.277615
0.95, 0.274344, 0.24, 0.76, 0.272307
0.95, 0.279881, 0.24, 0.76, 0.281113
0.95, 0.269714, 0.24, 0.76, 0.270563
0.95, 0.272785, 0.24, 0.76, 0.270423
0.95, 0.281003, 0.24, 0.76, 0.27332
0.95, 0.270448, 0.24, 0.76, 0.266759
0.95, 0.279341, 0.24, 0.76, 0.274291
0.95, 0.280034, 0.24, 0.76, 0.274112
0.95, 0.277174, 0.24, 0.76, 0.274084
0.95, 0.272352, 0.24, 0.76, 0.275692
0.95, 0.273381, 0.24, 0.76, 0.273208
0.95, 0.270392, 0.24, 0.76, 0.271255
0.95, 0.278075, 0.24, 0.76, 0.274333
0.95, 0.267551, 0.24, 0.76, 0.268281
0.95, 0.267356, 0.24, 0.76, 0.267831
0.95, 0.276396, 0.24, 0.76, 0.273575
0.95, 0.275747, 0.24, 0.76, 0.269271
0.95, 0.286442, 0.24, 0.76, 0.284066
0.95, 0.279944, 0.24, 0.76, 0.272016
0.95, 0.282309, 0.25, 0.75, 0.27963
0.95, 0.287171, 0.25, 0.75, 0.279795
0.95, 0.282426, 0.25, 0.75, 0.281544
0.95, 0.288666, 0.25, 0.75, 0.289708
0.95, 0.287677, 0.25, 0.75, 0.287336
0.95, 0.286956, 0.25, 0.75, 0.285806
0.95, 0.282545, 0.25, 0.75, 0.284549
0.95, 0.286176, 0.25, 0.75, 0.284595
0.95, 0.290784, 0.25, 0.75, 0.287722
0.95, 0.287453, 0.25, 0.75, 0.286173
0.95, 0.291127, 0.25, 0.75, 0.286659
0.95, 0.295277, 0.25, 0.75, 0.287084
0.95, 0.296071, 0.25, 0.75, 0.288729
0.95, 0.283572, 0.25, 0.75, 0.282825
0.95, 0.287253, 0.25, 0.75, 0.287651
0.95, 0.278402, 0.25, 0.75, 0.280831
0.95, 0.290958, 0.25, 0.75, 0.288288
0.95, 0.29195, 0.25, 0.75, 0.283948
0.95, 0.299826, 0.25, 0.75, 0.291577
0.95, 0.287748, 0.25, 0.75, 0.284543
0.95, 0.276396, 0.25, 0.75, 0.280168
0.95, 0.289968, 0.25, 0.75, 0.289109
0.95, 0.284699, 0.25, 0.75, 0.286741
0.95, 0.2836, 0.25, 0.75, 0.281828
0.95, 0.285837, 0.25, 0.75, 0.284382
0.95, 0.306831, 0.26, 0.74, 0.300903
0.95, 0.305909, 0.26, 0.74, 0.298036
0.95, 0.302527, 0.26, 0.74, 0.304514
0.95, 0.300913, 0.26, 0.74, 0.301366
0.95, 0.305722, 0.26, 0.74, 0.299477
0.95, 0.294095, 0.26, 0.74, 0.301917
0.95, 0.295565, 0.26, 0.74, 0.297533
0.95, 0.294833, 0.26, 0.74, 0.297181
0.95, 0.294196, 0.26, 0.74, 0.292385
0.95, 0.295781, 0.26, 0.74, 0.297033
0.95, 0.29453, 0.26, 0.74, 0.289188
0.95, 0.291272, 0.26, 0.74, 0.295693
0.95, 0.301631, 0.26, 0.74, 0.296018
0.95, 0.29452, 0.26, 0.74, 0.293512
0.95, 0.302475, 0.26, 0.74, 0.299015
0.95, 0.304535, 0.26, 0.74, 0.300871
0.95, 0.301429, 0.26, 0.74, 0.297801
0.95, 0.31447, 0.26, 0.74, 0.30423
0.95, 0.30549, 0.26, 0.74, 0.299512
0.95, 0.301027, 0.26, 0.74, 0.296374
0.95, 0.300583, 0.26, 0.74, 0.293705
0.95, 0.298727, 0.26, 0.74, 0.300465
0.95, 0.305731, 0.26, 0.74, 0.303933
0.95, 0.302942, 0.26, 0.74, 0.300012
0.95, 0.303687, 0.26, 0.74, 0.298108
0.95, 0.32218, 0.27, 0.73, 0.3144
0.95, 0.327577, 0.27, 0.73, 0.317239
0.95, 0.310628, 0.27, 0.73, 0.312558
0.95, 0.326038, 0.27, 0.73, 0.318745
0.95, 0.310485, 0.27, 0.73, 0.310841
0.95, 0.310919, 0.27, 0.73, 0.313918
0.95, 0.306764, 0.27, 0.73, 0.304565
0.95, 0.315581, 0.27, 0.73, 0.312533
0.95, 0.322772, 0.27, 0.73, 0.32459
0.95, 0.311828, 0.27, 0.73, 0.311196
0.95, 0.312648, 0.27, 0.73, 0.30849
0.95, 0.317106, 0.27, 0.73, 0.310733
0.95, 0.309951, 0.27, 0.73, 0.306328
0.95, 0.305815, 0.27, 0.73, 0.308881
0.95, 0.321429, 0.27, 0.73, 0.315262
0.95, 0.310239, 0.27, 0.73, 0.308021
0.95, 0.316204, 0.27, 0.73, 0.311907
0.95, 0.30743, 0.27, 0.73, 0.309451
0.95, 0.322617, 0.27, 0.73, 0.318378
0.95, 0.315544, 0.27, 0.73, 0.314018
0.95, 0.328936, 0.27, 0.73, 0.324018
0.95, 0.322449, 0.27, 0.73, 0.321648
0.95, 0.311754, 0.27, 0.73, 0.309244
0.95, 0.302619, 0.27, 0.73, 0.305674
0.95, 0.304399, 0.27, 0.73, 0.306282
0.95, 0.326872, 0.28, 0.72, 0.320967
0.95, 0.323176, 0.28, 0.72, 0.314143
0.95, 0.334314, 0.28, 0.72, 0.332228
0.95, 0.318043, 0.28, 0.72, 0.322052
0.95, 0.327205, 0.28, 0.72, 0.325093
0.95, 0.336009, 0.28, 0.72, 0.33099
0.95, 0.325038, 0.28, 0.72, 0.324988
0.95, 0.328623, 0.28, 0.72, 0.327315
0.95, 0.328048, 0.28, 0.72, 0.325585
0.95, 0.332354, 0.28, 0.72, 0.324736
0.95, 0.335264, 0.28, 0.72, 0.327148
0.95, 0.344859, 0.28, 0.72, 0.336096
0.95, 0.328896, 0.28, 0.72, 0.327984
0.95, 0.333229, 0.28, 0.72, 0.328423
0.95, 0.329914, 0.28, 0.72, 0.325709
0.95, 0.333369, 0.28, 0.72, 0.320385
0.95, 0.323056, 0.28, 0.72, 0.322861
0.95, 0.327406, 0.28, 0.72, 0.329857
0.95, 0.326958, 0.28, 0.72, 0.323399
0.95, 0.321777, 0.28, 0.72, 0.319308
0.95, 0.335878, 0.28, 0.72, 0.328998
0.95, 0.33026, 0.28, 0.72, 0.328458
0.95, 0.329073, 0.28, 0.72, 0.324249
0.95, 0.331812, 0.28, 0.72, 0.324542
0.95, 0.346226, 0.28, 0.72, 0.332252
0.95, 0.35091, 0.29, 0.71, 0.345268
0.95, 0.350887, 0.29, 0.71, 0.344035
0.95, 0.336858, 0.29, 0.71, 0.337984
0.95, 0.341836, 0.29, 0.71, 0.339822
0.95, 0.339185, 0.29, 0.71, 0.337282
0.95, 0.339966, 0.29, 0.71, 0.331719
0.95, 0.352736, 0.29, 0.71, 0.348597
0.95, 0.344228, 0.29, 0.71, 0.33787
0.95, 0.352788, 0.29, 0.71, 0.347519
0.95, 0.339107, 0.29, 0.71, 0.333353
0.95, 0.339669, 0.29, 0.71, 0.338219
0.95, 0.339982, 0.29, 0.71, 0.339082
0.95, 0.345701, 0.29, 0.71, 0.34168
0.95, 0.34641, 0.29, 0.71, 0.341701
0.95, 0.34604, 0.29, 0.71, 0.343024
0.95, 0.340978, 0.29, 0.71, 0.336144
0.95, 0.339502, 0.29, 0.71, 0.334362
0.95, 0.348703, 0.29, 0.71, 0.346698
0.95, 0.338329, 0.29, 0.71, 0.336156
0.95, 0.346941, 0.29, 0.71, 0.344864
0.95, 0.343689, 0.29, 0.71, 0.339335
0.95, 0.348495, 0.29, 0.71, 0.343831
0.95, 0.34995, 0.29, 0.71, 0.340031
0.95, 0.344614, 0.29, 0.71, 0.340416
0.95, 0.335339, 0.29, 0.71, 0.3369
0.95, 0.349146, 0.3, 0.7, 0.34848
0.95, 0.359314, 0.3, 0.7, 0.355379
0.95, 0.361673, 0.3, 0.7, 0.354844
0.95, 0.36224, 0.3, 0.7, 0.358249
0.95, 0.361728, 0.3, 0.7, 0.359022
0.95, 0.35877, 0.3, 0.7, 0.351765
0.95, 0.36386, 0.3, 0.7, 0.35417
0.95, 0.359007, 0.3, 0.7, 0.354333
0.95, 0.35104, 0.3, 0.7, 0.348377
0.95, 0.367546, 0.3, 0.7, 0.362733
0.95, 0.366238, 0.3, 0.7, 0.360518
0.95, 0.351195, 0.3, 0.7, 0.350984
0.95, 0.363125, 0.3, 0.7, 0.35518
0.95, 0.357576, 0.3, 0.7, 0.355255
0.95, 0.36246, 0.3, 0.7, 0.353626
0.95, 0.363826, 0.3, 0.7, 0.359371
0.95, 0.353441, 0.3, 0.7, 0.349761
0.95, 0.35418, 0.3, 0.7, 0.354985
0.95, 0.360165, 0.3, 0.7, 0.351491
0.95, 0.366687, 0.3, 0.7, 0.35196
0.95, 0.359524, 0.3, 0.7, 0.354038
0.95, 0.361091, 0.3, 0.7, 0.356914
0.95, 0.365007, 0.3, 0.7, 0.362077
0.95, 0.372557, 0.3, 0.7, 0.365017
0.95, 0.363604, 0.3, 0.7, 0.357687
1, 0.16165, 0.15, 0.85, 0.160676
1, 0.153972, 0.15, 0.85, 0.16023
1, 0.16427, 0.15, 0.85, 0.167207
1, 0.161766, 0.15, 0.85, 0.162278
1, 0.170522, 0.15, 0.85, 0.16779
1, 0.165253, 0.15, 0.85, 0.164737
1, 0.1659, 0.15, 0.85, 0.167585
1, 0.165277, 0.15, 0.85, 0.160974
1, 0.155871, 0.15, 0.85, 0.161618
1, 0.162654, 0.15, 0.85, 0.166415
1, 0.168478, 0.15, 0.85, 0.16757
1, 0.158199, 0.15, 0.85, 0.157582
1, 0.165677, 0.15, 0.85, 0.164977
1, 0.172896, 0.15, 0.85, 0.173124
1, 0.162361, 0.15, 0.85, 0.160349
1, 0.161139, 0.15, 0.85, 0.162225
1, 0.155864, 0.15, 0.85, 0.156454
1, 0.166467, 0.15, 0.85, 0.163071
1, 0.159179, 0.15, 0.85, 0.159126
1, 0.158437, 0.15, 0.85, 0.160276
1, 0.169677, 0.15, 0.85, 0.166161
1, 0.165449, 0.15, 0.85, 0.162879
1, 0.168032, 0.15, 0.85, 0.16747
1, 0.165404, 0.15, 0.85, 0.16534
1, 0.164835, 0.15, 0.85, 0.165726
1, 0.175405, 0.16, 0.84, 0.17662
1, 0.172832, 0.16, 0.84, 0.173481
1, 0.170381, 0.16, 0.84, 0.174733
1, 0.18175, 0.16, 0.84, 0.18003
1, 0.183083, 0.16, 0.84, 0.179491
1, 0.185563, 0.16, 0.84, 0.180075
1, 0.171239, 0.16, 0.84, 0.172079
1, 0.182255, 0.16, 0.84, 0.18029
1, 0.180748, 0.16, 0.84, 0.17821
1, 0.17352, 0.16, 0.84, 0.175244
1, 0.18409, 0.16, 0.84, 0.18523
1, 0.170427, 0.16, 0.84, 0.171993
1, 0.172412, 0.16, 0.84, 0.171421
1, 0.174238, 0.16, 0.84, 0.173472
1, 0.171773, 0.16, 0.84, 0.169582
1, 0.180091, 0.16, 0.84, 0.1781
1, 0.187464, 0.16, 0.84, 0.181205
1, 0.168318, 0.16, 0.84, 0.172114
1, 0.169739, 0.16, 0.84, 0.172707
1, 0.171725, 0.16, 0.84, 0.177823
1, 0.184156, 0.16, 0.84, 0.179466
1, 0.182243, 0.16, 0.84, 0.175741
1, 0.176932, 0.16, 0.84, 0.176052
1, 0.172069, 0.16, 0.84, 0.173048
1, 0.177232, 0.16, 0.84, 0.177652
1, 0.178597, 0.17, 0.83, 0.18389
1, 0.186517, 0.17, 0.83, 0.18336
1, 0.192034, 0.17, 0.83, 0.19357
1, 0.188696, 0.17, 0.83, 0.186974
1, 0.188278, 0.17, 0.83, 0.18601
1, 0.191946, 0.17, 0.83, 0.188507
1, 0.182548, 0.17, 0.83, 0.182668
1, 0.183443, 0.17, 0.83, 0.184017
1, 0.186636, 0.17, 0.83, 0.187251
1, 0.187701, 0.17, 0.83, 0.187854
1, 0.186612, 0.17, 0.83, 0.186442
1, 0.197389, 0.17, 0.83, 0.192774
1, 0.1965, 0.17, 0.83, 0.194571
1, 0.193517, 0.17, 0.83, 0.191053
1, 0.19031, 0.17, 0.83, 0.188854
1, 0.186002, 0.17, 0.83, 0.182261
1, 0.194819, 0.17, 0.83, 0.18861
1, 0.184639, 0.17, 0.83, 0.187013
1, 0.191019, 0.17, 0.83, 0.187144
1, 0.179597, 0.17, 0.83, 0.184589
1, 0.19304, 0.17, 0.83, 0.188854
1, 0.185177, 0.17, 0.83, 0.187455
1, 0.193714, 0.17, 0.83, 0.190216
1, 0.187755, 0.17, 0.83, 0.187848
1, 0.180006, 0.17, 0.83, 0.183184
1, 0.196992, 0.18, 0.82, 0.197825
1, 0.203549, 0.18, 0.82, 0.200989
1, 0.200417, 0.18, 0.82, 0.202156
1, 0.207993, 0.18, 0.82, 0.206505
1, 0.201018, 0.18, 0.82, 0.19643
1, 0.201595, 0.18, 0.82, 0.202233
1, 0.204928, 0.18, 0.82, 0.201081
1, 0.197783, 0.18, 0.82, 0.20039
1, 0.200731, 0.18, 0.82, 0.200112
1, 0.200189, 0.18, 0.82, 0.205147
1, 0.201958, 0.18, 0.82, 0.203084
1, 0.199909, 0.18, 0.82, 0.196679
1, 0.200336, 0.18, 0.82, 0.199888
1, 0.203197, 0.18, 0.82, 0.201308
1, 0.198565, 0.18, 0.82, 0.200192
1, 0.198229, 0.18, 0.82, 0.201069
1, 0.199964, 0.18, 0.82, 0.200972
1, 0.210412, 0.18, 0.82, 0.206925
1, 0.197314, 0.18, 0.82, 0.198637
1, 0.189121, 0.18, 0.82, 0.192822
1, 0.194206, 0.18, 0.82, 0.202001
1, 0.193422, 0.18, 0.82, 0.195051
1, 0.20314, 0.18, 0.82, 0.205369
1, 0.206413, 0.18, 0.82, 0.203955
1, 0.205205, 0.18, 0.82, 0.20389
1, 0.208455, 0.19, 0.81, 0.212203
1, 0.219863, 0.19, 0.81, 0.217504
1, 0.217185, 0.19, 0.81, 0.216437
1, 0.212817, 0.19, 0.81, 0.214821
1, 0.206701, 0.19, 0.81, 0.210385
1, 0.206292, 0.19, 0.81, 0.209702
1, 0.2079, 0.19, 0.81, 0.212396
1, 0.208007, 0.19, 0.81, 0.213891
1, 0.219242, 0.19, 0.81, 0.214891
1, 0.214735, 0.19, 0.81, 0.212143
1, 0.213007, 0.19, 0.81, 0.214452
1, 0.204347, 0.19, 0.81, 0.206085
1, 0.211128, 0.19, 0.81, 0.214399
1, 0.215035, 0.19, 0.81, 0.211849
1, 0.217769, 0.19, 0.81, 0.217122
1, 0.224329, 0.19, 0.81, 0.217283
1, 0.209969, 0.19, 0.81, 0.208579
1, 0.214219, 0.19, 0.81, 0.213328
1, 0.210453, 0.19, 0.81, 0.213431
1, 0.212878, 0.19, 0.81, 0.212833
1, 0.22853, 0.19, 0.81, 0.220408
1, 0.208727, 0.19, 0.81, 0.210434
1, 0.216964, 0.19, 0.81, 0.215407
1, 0.214148, 0.19, 0.81, 0.21476
1, 0.210854, 0.19, 0.81, 0.211066
1, 0.228528, 0.2, 0.8, 0.227446
1, 0.227052, 0.2, 0.8, 0.22361
1, 0.232604, 0.2, 0.8, 0.226335
1, 0.22569, 0.2, 0.8, 0.22293
1, 0.226076, 0.2, 0.8, 0.223831
1, 0.230644, 0.2, 0.8, 0.224879
1, 0.228808, 0.2, 0.8, 0.227109
1, 0.22582, 0.2, 0.8, 0.225825
1, 0.24115, 0.2, 0.8, 0.230782
1, 0.226773, 0.2, 0.8, 0.220168
1, 0.22911, 0.2, 0.8, 0.230203
1, 0.223391, 0.2, 0.8, 0.227486
1, 0.234189, 0.2, 0.8, 0.230348
1, 0.225725, 0.2, 0.8, 0.228975
1, 0.240039, 0.2, 0.8, 0.232158
1, 0.215748, 0.2, 0.8, 0.216592
1, 0.221106, 0.2, 0.8, 0.222053
1, 0.235439, 0.2, 0.8, 0.231821
1, 0.224728, 0.2, 0.8, 0.223269
1, 0.225101, 0.2, 0.8, 0.223864
1, 0.223968, 0.2, 0.8, 0.223186
1, 0.228904, 0.2, 0.8, 0.22998
1, 0.226464, 0.2, 0.8, 0.22624
1, 0.231834, 0.2, 0.8, 0.23183
1, 0.225836, 0.2, 0.8, 0.224976
1, 0.239295, 0.21, 0.79, 0.236264
1, 0.236037, 0.21, 0.79, 0.238784
1, 0.235191, 0.21, 0.79, 0.234879
1, 0.243471, 0.21, 0.79, 0.237624
1, 0.238933, 0.21, 0.79, 0.238564
1, 0.24578, 0.21, 0.79, 0.243182
1, 0.229168, 0.21, 0.79, 0.230835
1, 0.246678, 0.21, 0.79, 0.239927
1, 0.234945, 0.21, 0.79, 0.232248
1, 0.245285, 0.21, 0.79, 0.234996
1, 0.24132, 0.21, 0.79, 0.239155
1, 0.239157, 0.21, 0.79, 0.239445
1, 0.246698, 0.21, 0.79, 0.244998
1, 0.237743, 0.21, 0.79, 0.234032
1, 0.239202, 0.21, 0.79, 0.238315
1, 0.240304, 0.21, 0.79, 0.24309
1, 0.239678, 0.21, 0.79, 0.238957
1, 0.240435, 0.21, 0.79, 0.240904
1, 0.238605, 0.21, 0.79, 0.236248
1, 0.236026, 0.21, 0.79, 0.230734
1, 0.232266, 0.21, 0.79, 0.234985
1, 0.234523, 0.21, 0.79, 0.237223
1, 0.236571, 0.21, 0.79, 0.237509
1, 0.231448, 0.21, 0.79, 0.235511
1, 0.241196, 0.21, 0.79, 0.242702
1, 0.258841, 0.22, 0.78, 0.254643
1, 0.252929, 0.22, 0.78, 0.25379
1, 0.258454, 0.22, 0.78, 0.254179
1, 0.251376, 0.22, 0.78, 0.253931
1, 0.251324, 0.22, 0.78, 0.250937
1, 0.261044, 0.22, 0.78, 0.257467
1, 0.25514, 0.22, 0.78, 0.25092
1, 0.250654, 0.22, 0.78, 0.249333
1, 0.260159, 0.22, 0.78, 0.254435
1, 0.251648, 0.22, 0.78, 0.253562
1, 0.253805, 0.22, 0.78, 0.250255
1, 0.254845, 0.22, 0.78, 0.254017
1, 0.248067, 0.22, 0.78, 0.248038
1, 0.250947, 0.22, 0.78, 0.252106
1, 0.249369, 0.22, 0.78, 0.248587
1, 0.250252, 0.22, 0.78, 0.24868
1, 0.25765, 0.22, 0.78, 0.255388
1, 0.252934, 0.22, 0.78, 0.254465
1, 0.25897, 0.22, 0.78, 0.246256
1, 0.251238, 0.22, 0.78, 0.251965
1, 0.248451, 0.22, 0.78, 0.247734
1, 0.253349, 0.22, 0.78, 0.255533
1, 0.259176, 0.22, 0.78, 0.257943
1, 0.249201, 0.22, 0.78, 0.244475
1, 0.251858, 0.22, 0.78, 0.246748
1, 0.268416, 0.23, 0.77, 0.269647
1, 0.262683, 0.23, 0.77, 0.258068
1, 0.263193, 0.23, 0.77, 0.262873
1, 0.25548, 0.23, 0.77, 0.257387
1, 0.262493, 0.23, 0.77, 0.263642
1, 0.263911, 0.23, 0.77, 0.263361
1, 0.259146, 0.23, 0.77, 0.259593
1, 0.268834, 0.23, 0.77, 0.267248
1, 0.257644, 0.23, 0.77, 0.257146
1, 0.266497, 0.23, 0.77, 0.268269
1, 0.265941, 0.23, 0.77, 0.265207
1, 0.265004, 0.23, 0.77, 0.262837
1, 0.263584, 0.23, 0.77, 0.262765
1, 0.270535, 0.23, 0.77, 0.268018
1, 0.267071, 0.23, 0.77, 0.26473
1, 0.262797, 0.23, 0.77, 0.264052
1, 0.260119, 0.23, 0.77, 0.262598
1, 0.264056, 0.23, 0.77, 0.259751
1, 0.271776, 0.23, 0.77, 0.270836
1, 0.268103, 0.23, 0.77, 0.263149
1, 0.260441, 0.23, 0.77, 0.260542
1, 0.267463, 0.23, 0.77, 0.263311
1, 0.263075, 0.23, 0.77, 0.260932
1, 0.266438, 0.23, 0.77, 0.265827
1, 0.258887, 0.23, 0.77, 0.264313
1, 0.27964, 0.24, 0.76, 0.277527
1, 0.280684, 0.24, 0.76, 0.275783
1, 0.284183, 0.24, 0.76, 0.281503
1, 0.270889, 0.24, 0.76, 0.271621
1, 0.278892, 0.24, 0.76, 0.273299
1, 0.279037, 0.24, 0.76, 0.276466
1, 0.271882, 0.24, 0.76, 0.279503
1, 0.283615, 0.24, 0.76, 0.282421
1, 0.277732, 0.24, 0.76, 0.278938
1, 0.276453, 0.24, 0.76, 0.277322
1, 0.280392, 0.24, 0.76, 0.27258
1, 0.28046, 0.24, 0.76, 0.276427
1, 0.282722, 0.24, 0.76, 0.276188
1, 0.271566, 0.24, 0.76, 0.267207
1, 0.282406, 0.24, 0.76, 0.278517
1, 0.272056, 0.24, 0.76, 0.276045
1, 0.280071, 0.24, 0.76, 0.283543
1, 0.277091, 0.24, 0.76, 0.27727
1, 0.269972, 0.24, 0.76, 0.274415
1, 0.286907, 0.24, 0.76, 0.28374
1, 0.283323, 0.24, 0.76, 0.282979
1, 0.278743, 0.24, 0.76, 0.274497
1, 0.274335, 0.24, 0.76, 0.275351
1, 0.272259, 0.24, 0.76, 0.269353
1, 0.280486, 0.24, 0.76, 0.277121
1, 0.292862, 0.25, 0.75, 0.287261
1, 0.29495, 0.25, 0.75, 0.292514
1, 0.296474, 0.25, 0.75, 0.291414
1, 0.300018, 0.25, 0.75, 0.288331
1, 0.2836, 0.25, 0.75, 0.28522
1, 0.284711, 0.25, 0.75, 0.289523
1, 0.295168, 0.25, 0.75, 0.29109
1, 0.300117, 0.25, 0.75, 0.291399
1, 0.304069, 0.25, 0.75, 0.293797
1, 0.303307, 0.25, 0.75, 0.294874
1, 0.290914, 0.25, 0.75, 0.291413
1, 0.290094, 0.25, 0.75, 0.288656
1, 0.296504, 0.25, 0.75, 0.294326
1, 0.295553, 0.25, 0.75, 0.290805
1, 0.290566, 0.25, 0.75, 0.286598
1, 0.285949, 0.25, 0.75, 0.286565
1, 0.303249, 0.25, 0.75, 0.297286
1, 0.288832, 0.25, 0.75, 0.287085
1, 0.288816, 0.25, 0.75, 0.28797
1, 0.295744, 0.25, 0.75, 0.292735
1, 0.294063, 0.25, 0.75, 0.293011
1, 0.294485, 0.25, 0.75, 0.29114
1, 0.288584, 0.25, 0.75, 0.284303
1, 0.295793, 0.25, 0.75, 0.294111
1, 0.292629, 0.25, 0.75, 0.291083
1, 0.303986, 0.26, 0.74, 0.302871
1, 0.313269, 0.26, 0.74, 0.303324
1, 0.309397, 0.26, 0.74, 0.30599
1, 0.299395, 0.26, 0.74, 0.301328
1, 0.30529, 0.26, 0.74, 0.300806
1, 0.312177, 0.26, 0.74, 0.306479
1, 0.305152, 0.26, 0.74, 0.302993
1, 0.294963, 0.26, 0.74, 0.29937
1, 0.306283, 0.26, 0.74, 0.305057
1, 0.307457, 0.26, 0.74, 0.307728
1, 0.297237, 0.26, 0.74, 0.296404
1, 0.302905, 0.26, 0.74, 0.30245
1, 0.3032, 0.26, 0.74, 0.300306
1, 0.292309, 0.26, 0.74, 0.291404
1, 0.301337, 0.26, 0.74, 0.296524
1, 0.309408, 0.26, 0.74, 0.305348
1, 0.315153, 0.26, 0.74, 0.310656
1, 0.302556, 0.26, 0.74, 0.302805
1, 0.300079, 0.26, 0.74, 0.295858
1, 0.316103, 0.26, 0.74, 0.30918
1, 0.307678, 0.26, 0.74, 0.304373
1, 0.293004, 0.26, 0.74, 0.298481
1, 0.305644, 0.26, 0.74, 0.303524
1, 0.304414, 0.26, 0.74, 0.306229
1, 0.30214, 0.26, 0.74, 0.301528
1, 0.319802, 0.27, 0.73, 0.324239
1, 0.3297, 0.27, 0.73, 0.320856
1, 0.323388, 0.27, 0.73, 0.320966
1, 0.322007, 0.27, 0.73, 0.318945
1, 0.327087, 0.27, 0.73, 0.317811
1, 0.319613, 0.27, 0.73, 0.316647
1, 0.31716, 0.27, 0.73, 0.317269
1, 0.319151, 0.27, 0.73, 0.315805
1, 0.323394, 0.27, 0.73, 0.31716
1, 0.312627, 0.27, 0.73, 0.314634
1, 0.326189, 0.27, 0.73, 0.326144
1, 0.329568, 0.27, 0.73, 0.322448
1, 0.318479, 0.27, 0.73, 0.315931
1, 0.320751, 0.27, 0.73, 0.321083
1, 0.317917, 0.27, 0.73, 0.315019
1, 0.319836, 0.27, 0.73, 0.311845
1, 0.319661, 0.27, 0.73, 0.315891
1, 0.313982, 0.27, 0.73, 0.315886
1, 0.328393, 0.27, 0.73, 0.321391
1, 0.320333, 0.27, 0.73, 0.312621
1, 0.321399, 0.27, 0.73, 0.320739
1, 0.314332, 0.27, 0.73, 0.318055
1, 0.331069, 0.27, 0.73, 0.318577
1, 0.318351, 0.27, 0.73, 0.31619
1, 0.327564, 0.27, 0.73, 0.319478
1, 0.327457, 0.28, 0.72, 0.3242
1, 0.341465, 0.28, 0.72, 0.335423
1, 0.345895, 0.28, 0.72, 0.339122
1, 0.337764, 0.28, 0.72, 0.332261
1, 0.343058, 0.28, 0.72, 0.335956
1, 0.337334, 0.28, 0.72, 0.334912
1, 0.331675, 0.28, 0.72, 0.331266
1, 0.344265, 0.28, 0.72, 0.336037
1, 0.322565, 0.28, 0.72, 0.325324
1, 0.340116, 0.28, 0.72, 0.332588
1, 0.335375, 0.28, 0.72, 0.330848
1, 0.325903, 0.28, 0.72, 0.329769
1, 0.337902, 0.28, 0.72, 0.33367
1, 0.329759, 0.28, 0.72, 0.330474
1, 0.327567, 0.28, 0.72, 0.32466
1, 0.333124, 0.28, 0.72, 0.328598
1, 0.325876, 0.28, 0.72, 0.324515
1, 0.339144, 0.28, 0.72, 0.330917
1, 0.335835, 0.28, 0.72, 0.332307
1, 0.340706, 0.28, 0.72, 0.333939
1, 0.338152, 0.28, 0.72, 0.330475
1, 0.340735, 0.28, 0.72, 0.336182
1, 0.332148, 0.28, 0.72, 0.33174
1, 0.336106, 0.28, 0.72, 0.331096
1, 0.325546, 0.28, 0.72, 0.328444
1, 0.35558, 0.29, 0.71, 0.349019
1, 0.335654, 0.29, 0.71, 0.33588
1, 0.342212, 0.29, 0.71, 0.342741
1, 0.341251, 0.29, 0.71, 0.335866
1, 0.341187, 0.29, 0.71, 0.338551
1, 0.35562, 0.29, 0.71, 0.347673
1, 0.344363, 0.29, 0.71, 0.341334
1, 0.352923, 0.29, 0.71, 0.348415
1, 0.346811, 0.29, 0.71, 0.343449
1, 0.337369, 0.29, 0.71, 0.339868
1, 0.342816, 0.29, 0.71, 0.337222
1, 0.352007, 0.29, 0.71, 0.345082
1, 0.356837, 0.29, 0.71, 0.349329
1, 0.350934, 0.29, 0.71, 0.345779
1, 0.338641, 0.29, 0.71, 0.336824
1, 0.339304, 0.29, 0.71, 0.339127
1, 0.345488, 0.29, 0.71, 0.338709
1, 0.348003, 0.29, 0.71, 0.344279
1, 0.340404, 0.29, 0.71, 0.338178
1, 0.342786, 0.29, 0.71, 0.343287
1, 0.345418, 0.29, 0.71, 0.338877
1, 0.357684, 0.29, 0.71, 0.348645
1, 0.341007, 0.29, 0.71, 0.344321
1, 0.343483, 0.29, 0.71, 0.345366
1, 0.34664, 0.29, 0.71, 0.340785
1, 0.372743, 0.3, 0.7, 0.366473
1, 0.36875, 0.3, 0.7, 0.364746
1, 0.364079, 0.3, 0.7, 0.360527
1, 0.371534, 0.3, 0.7, 0.362995
1, 0.366641, 0.3, 0.7, 0.356511
1, 0.374664, 0.3, 0.7, 0.364692
1, 0.361172, 0.3, 0.7, 0.355361
1, 0.362839, 0.3, 0.7, 0.355662
1, 0.360653, 0.3, 0.7, 0.353765
1, 0.369594, 0.3, 0.7, 0.363571
1, 0.361242, 0.3, 0.7, 0.354674
1, 0.364362, 0.3, 0.7, 0.356897
1, 0.364158, 0.3, 0.7, 0.359632
1, 0.36065, 0.3, 0.7, 0.352755
1, 0.365758, 0.3, 0.7, 0.360089
1, 0.357098, 0.3, 0.7, 0.355894
1, 0.355994, 0.3, 0.7, 0.357906
1, 0.369598, 0.3, 0.7, 0.361398
1, 0.359969, 0.3, 0.7, 0.355732
1, 0.355516, 0.3, 0.7, 0.350401
1, 0.352827, 0.3, 0.7, 0.344736
1, 0.367608, 0.3, 0.7, 0.363031
1, 0.38428, 0.3, 0.7, 0.372535
1, 0.370788, 0.3, 0.7, 0.357042
1, 0.364826, 0.3, 0.7, 0.353109
