# B5 Focused Dynamic Strategy Switching Simulation Results
# Schedule file: schedule_b5_honest_selfish_1000.txt
# Gamma (connectivity) range: 0.8 - 1.0 in 0.05 increments
# Hash rate range: 0.15 - 0.3 (15% - 30%) in 0.01 increments
Gamma, Miner0_ProfitFraction, Miner0_HashRate, Miner1_HashRate, Miner0_BlockFraction
0.8, 0.148574, 0.15, 0.85, 0.149709
0.8, 0.144502, 0.15, 0.85, 0.148359
0.8, 0.144542, 0.15, 0.85, 0.146781
0.8, 0.150134, 0.15, 0.85, 0.152248
0.8, 0.149211, 0.15, 0.85, 0.151469
0.8, 0.160311, 0.15, 0.85, 0.154009
0.8, 0.152592, 0.15, 0.85, 0.149798
0.8, 0.149503, 0.15, 0.85, 0.150622
0.8, 0.14498, 0.15, 0.85, 0.149061
0.8, 0.150176, 0.15, 0.85, 0.153662
0.8, 0.154601, 0.15, 0.85, 0.151829
0.8, 0.148558, 0.15, 0.85, 0.150792
0.8, 0.154536, 0.15, 0.85, 0.151974
0.8, 0.152664, 0.15, 0.85, 0.15431
0.8, 0.156508, 0.15, 0.85, 0.155342
0.8, 0.147068, 0.15, 0.85, 0.147568
0.8, 0.152382, 0.15, 0.85, 0.153781
0.8, 0.150102, 0.15, 0.85, 0.148959
0.8, 0.14805, 0.15, 0.85, 0.147063
0.8, 0.157427, 0.15, 0.85, 0.152061
0.8, 0.154533, 0.15, 0.85, 0.149296
0.8, 0.152753, 0.15, 0.85, 0.15648
0.8, 0.144917, 0.15, 0.85, 0.147973
0.8, 0.151839, 0.15, 0.85, 0.150462
0.8, 0.155513, 0.15, 0.85, 0.151118
0.8, 0.161118, 0.16, 0.84, 0.160773
0.8, 0.16655, 0.16, 0.84, 0.163541
0.8, 0.162522, 0.16, 0.84, 0.161132
0.8, 0.173092, 0.16, 0.84, 0.169121
0.8, 0.153661, 0.16, 0.84, 0.160278
0.8, 0.162517, 0.16, 0.84, 0.160563
0.8, 0.159589, 0.16, 0.84, 0.160842
0.8, 0.16494, 0.16, 0.84, 0.165132
0.8, 0.15347, 0.16, 0.84, 0.156186
0.8, 0.164898, 0.16, 0.84, 0.164112
0.8, 0.161023, 0.16, 0.84, 0.16223
0.8, 0.168983, 0.16, 0.84, 0.16695
0.8, 0.16358, 0.16, 0.84, 0.162684
0.8, 0.166963, 0.16, 0.84, 0.165513
0.8, 0.161077, 0.16, 0.84, 0.159846
0.8, 0.16734, 0.16, 0.84, 0.168246
0.8, 0.155286, 0.16, 0.84, 0.15685
0.8, 0.159474, 0.16, 0.84, 0.159569
0.8, 0.159907, 0.16, 0.84, 0.159688
0.8, 0.162073, 0.16, 0.84, 0.161127
0.8, 0.163722, 0.16, 0.84, 0.160683
0.8, 0.163665, 0.16, 0.84, 0.159364
0.8, 0.164416, 0.16, 0.84, 0.162473
0.8, 0.159834, 0.16, 0.84, 0.163065
0.8, 0.164978, 0.16, 0.84, 0.16476
0.8, 0.173091, 0.17, 0.83, 0.173163
0.8, 0.1713, 0.17, 0.83, 0.170843
0.8, 0.171663, 0.17, 0.83, 0.171467
0.8, 0.176483, 0.17, 0.83, 0.17189
0.8, 0.173198, 0.17, 0.83, 0.173516
0.8, 0.170292, 0.17, 0.83, 0.170001
0.8, 0.175906, 0.17, 0.83, 0.172766
0.8, 0.180999, 0.17, 0.83, 0.176063
0.8, 0.17355, 0.17, 0.83, 0.174548
0.8, 0.176695, 0.17, 0.83, 0.177827
0.8, 0.183021, 0.17, 0.83, 0.181303
0.8, 0.167933, 0.17, 0.83, 0.169678
0.8, 0.177647, 0.17, 0.83, 0.173757
0.8, 0.172686, 0.17, 0.83, 0.172434
0.8, 0.173616, 0.17, 0.83, 0.173629
0.8, 0.175242, 0.17, 0.83, 0.172403
0.8, 0.170571, 0.17, 0.83, 0.176144
0.8, 0.165435, 0.17, 0.83, 0.166895
0.8, 0.176756, 0.17, 0.83, 0.171255
0.8, 0.168163, 0.17, 0.83, 0.172712
0.8, 0.17483, 0.17, 0.83, 0.173548
0.8, 0.171471, 0.17, 0.83, 0.1694
0.8, 0.179566, 0.17, 0.83, 0.178321
0.8, 0.173863, 0.17, 0.83, 0.171687
0.8, 0.169734, 0.17, 0.83, 0.172384
0.8, 0.184994, 0.18, 0.82, 0.185865
0.8, 0.181222, 0.18, 0.82, 0.185638
0.8, 0.189498, 0.18, 0.82, 0.186494
0.8, 0.180591, 0.18, 0.82, 0.180869
0.8, 0.182984, 0.18, 0.82, 0.182998
0.8, 0.178158, 0.18, 0.82, 0.179208
0.8, 0.185017, 0.18, 0.82, 0.184872
0.8, 0.18675, 0.18, 0.82, 0.188095
0.8, 0.187423, 0.18, 0.82, 0.187703
0.8, 0.175632, 0.18, 0.82, 0.181495
0.8, 0.190288, 0.18, 0.82, 0.189725
0.8, 0.179723, 0.18, 0.82, 0.183404
0.8, 0.184712, 0.18, 0.82, 0.18324
0.8, 0.194456, 0.18, 0.82, 0.185756
0.8, 0.18674, 0.18, 0.82, 0.183138
0.8, 0.175891, 0.18, 0.82, 0.181744
0.8, 0.192355, 0.18, 0.82, 0.187849
0.8, 0.191878, 0.18, 0.82, 0.187667
0.8, 0.182154, 0.18, 0.82, 0.182173
0.8, 0.189658, 0.18, 0.82, 0.188286
0.8, 0.179153, 0.18, 0.82, 0.181701
0.8, 0.188352, 0.18, 0.82, 0.189085
0.8, 0.182734, 0.18, 0.82, 0.184516
0.8, 0.184069, 0.18, 0.82, 0.182518
0.8, 0.181722, 0.18, 0.82, 0.180722
0.8, 0.193212, 0.19, 0.81, 0.194821
0.8, 0.197142, 0.19, 0.81, 0.194006
0.8, 0.196906, 0.19, 0.81, 0.196181
0.8, 0.1957, 0.19, 0.81, 0.198618
0.8, 0.199751, 0.19, 0.81, 0.2038
0.8, 0.191536, 0.19, 0.81, 0.191157
0.8, 0.196483, 0.19, 0.81, 0.196342
0.8, 0.203275, 0.19, 0.81, 0.201984
0.8, 0.202951, 0.19, 0.81, 0.200682
0.8, 0.201194, 0.19, 0.81, 0.196779
0.8, 0.193965, 0.19, 0.81, 0.194663
0.8, 0.192825, 0.19, 0.81, 0.193053
0.8, 0.196589, 0.19, 0.81, 0.192301
0.8, 0.197697, 0.19, 0.81, 0.197772
0.8, 0.193801, 0.19, 0.81, 0.196124
0.8, 0.185706, 0.19, 0.81, 0.189406
0.8, 0.197621, 0.19, 0.81, 0.194923
0.8, 0.20636, 0.19, 0.81, 0.200645
0.8, 0.195268, 0.19, 0.81, 0.197534
0.8, 0.196951, 0.19, 0.81, 0.198572
0.8, 0.195357, 0.19, 0.81, 0.198014
0.8, 0.192896, 0.19, 0.81, 0.193951
0.8, 0.200851, 0.19, 0.81, 0.200494
0.8, 0.186206, 0.19, 0.81, 0.190343
0.8, 0.189301, 0.19, 0.81, 0.193148
0.8, 0.205055, 0.2, 0.8, 0.207932
0.8, 0.209199, 0.2, 0.8, 0.207594
0.8, 0.212523, 0.2, 0.8, 0.209585
0.8, 0.203263, 0.2, 0.8, 0.202313
0.8, 0.204902, 0.2, 0.8, 0.205664
0.8, 0.200566, 0.2, 0.8, 0.200561
0.8, 0.200498, 0.2, 0.8, 0.201408
0.8, 0.201492, 0.2, 0.8, 0.202916
0.8, 0.198164, 0.2, 0.8, 0.199968
0.8, 0.200977, 0.2, 0.8, 0.201572
0.8, 0.207379, 0.2, 0.8, 0.207575
0.8, 0.211114, 0.2, 0.8, 0.211122
0.8, 0.210882, 0.2, 0.8, 0.209552
0.8, 0.203456, 0.2, 0.8, 0.208482
0.8, 0.203709, 0.2, 0.8, 0.204861
0.8, 0.204615, 0.2, 0.8, 0.206028
0.8, 0.204532, 0.2, 0.8, 0.205228
0.8, 0.205761, 0.2, 0.8, 0.208784
0.8, 0.205019, 0.2, 0.8, 0.203351
0.8, 0.210948, 0.2, 0.8, 0.208134
0.8, 0.20909, 0.2, 0.8, 0.212373
0.8, 0.201835, 0.2, 0.8, 0.204452
0.8, 0.204939, 0.2, 0.8, 0.205459
0.8, 0.200353, 0.2, 0.8, 0.201871
0.8, 0.209597, 0.2, 0.8, 0.209581
0.8, 0.217073, 0.21, 0.79, 0.216138
0.8, 0.217918, 0.21, 0.79, 0.215527
0.8, 0.217477, 0.21, 0.79, 0.216116
0.8, 0.214208, 0.21, 0.79, 0.215745
0.8, 0.216998, 0.21, 0.79, 0.218779
0.8, 0.220178, 0.21, 0.79, 0.218638
0.8, 0.226919, 0.21, 0.79, 0.220436
0.8, 0.223291, 0.21, 0.79, 0.221376
0.8, 0.222859, 0.21, 0.79, 0.215497
0.8, 0.227233, 0.21, 0.79, 0.221748
0.8, 0.222237, 0.21, 0.79, 0.224692
0.8, 0.218752, 0.21, 0.79, 0.21638
0.8, 0.219466, 0.21, 0.79, 0.223073
0.8, 0.224849, 0.21, 0.79, 0.226052
0.8, 0.223097, 0.21, 0.79, 0.220821
0.8, 0.223639, 0.21, 0.79, 0.21973
0.8, 0.222286, 0.21, 0.79, 0.219666
0.8, 0.22217, 0.21, 0.79, 0.223128
0.8, 0.219242, 0.21, 0.79, 0.222216
0.8, 0.213887, 0.21, 0.79, 0.217398
0.8, 0.21853, 0.21, 0.79, 0.217874
0.8, 0.228205, 0.21, 0.79, 0.222192
0.8, 0.213728, 0.21, 0.79, 0.2158
0.8, 0.220946, 0.21, 0.79, 0.220993
0.8, 0.221664, 0.21, 0.79, 0.218567
0.8, 0.227101, 0.22, 0.78, 0.224019
0.8, 0.226057, 0.22, 0.78, 0.227421
0.8, 0.23261, 0.22, 0.78, 0.237342
0.8, 0.233848, 0.22, 0.78, 0.23118
0.8, 0.234172, 0.22, 0.78, 0.234032
0.8, 0.216716, 0.22, 0.78, 0.226398
0.8, 0.225095, 0.22, 0.78, 0.226759
0.8, 0.233769, 0.22, 0.78, 0.234354
0.8, 0.226847, 0.22, 0.78, 0.225605
0.8, 0.227595, 0.22, 0.78, 0.227223
0.8, 0.224904, 0.22, 0.78, 0.225264
0.8, 0.229736, 0.22, 0.78, 0.228116
0.8, 0.22821, 0.22, 0.78, 0.226527
0.8, 0.227501, 0.22, 0.78, 0.23189
0.8, 0.228688, 0.22, 0.78, 0.226472
0.8, 0.228026, 0.22, 0.78, 0.232277
0.8, 0.230767, 0.22, 0.78, 0.233029
0.8, 0.23651, 0.22, 0.78, 0.228411
0.8, 0.230049, 0.22, 0.78, 0.22758
0.8, 0.227593, 0.22, 0.78, 0.227552
0.8, 0.233643, 0.22, 0.78, 0.234995
0.8, 0.226192, 0.22, 0.78, 0.224263
0.8, 0.221765, 0.22, 0.78, 0.227868
0.8, 0.234548, 0.22, 0.78, 0.234664
0.8, 0.230577, 0.22, 0.78, 0.229253
0.8, 0.236067, 0.23, 0.77, 0.237523
0.8, 0.244836, 0.23, 0.77, 0.243099
0.8, 0.243295, 0.23, 0.77, 0.243663
0.8, 0.244472, 0.23, 0.77, 0.242278
0.8, 0.244138, 0.23, 0.77, 0.241548
0.8, 0.248394, 0.23, 0.77, 0.247528
0.8, 0.241734, 0.23, 0.77, 0.242821
0.8, 0.237944, 0.23, 0.77, 0.23887
0.8, 0.246495, 0.23, 0.77, 0.246626
0.8, 0.242975, 0.23, 0.77, 0.243208
0.8, 0.236115, 0.23, 0.77, 0.23818
0.8, 0.23982, 0.23, 0.77, 0.239894
0.8, 0.245325, 0.23, 0.77, 0.245691
0.8, 0.236087, 0.23, 0.77, 0.236087
0.8, 0.237791, 0.23, 0.77, 0.238793
0.8, 0.242362, 0.23, 0.77, 0.244411
0.8, 0.238346, 0.23, 0.77, 0.24471
0.8, 0.248403, 0.23, 0.77, 0.243003
0.8, 0.248892, 0.23, 0.77, 0.246239
0.8, 0.24457, 0.23, 0.77, 0.244295
0.8, 0.241226, 0.23, 0.77, 0.241762
0.8, 0.237248, 0.23, 0.77, 0.240803
0.8, 0.242028, 0.23, 0.77, 0.237912
0.8, 0.248467, 0.23, 0.77, 0.244506
0.8, 0.243542, 0.23, 0.77, 0.243218
0.8, 0.246499, 0.24, 0.76, 0.251722
0.8, 0.256009, 0.24, 0.76, 0.253361
0.8, 0.25728, 0.24, 0.76, 0.257952
0.8, 0.244005, 0.24, 0.76, 0.250306
0.8, 0.253777, 0.24, 0.76, 0.252333
0.8, 0.254596, 0.24, 0.76, 0.252295
0.8, 0.246272, 0.24, 0.76, 0.252732
0.8, 0.246134, 0.24, 0.76, 0.248949
0.8, 0.249826, 0.24, 0.76, 0.253993
0.8, 0.257994, 0.24, 0.76, 0.251259
0.8, 0.259929, 0.24, 0.76, 0.255734
0.8, 0.249007, 0.24, 0.76, 0.2537
0.8, 0.257778, 0.24, 0.76, 0.25689
0.8, 0.25136, 0.24, 0.76, 0.252157
0.8, 0.246005, 0.24, 0.76, 0.249779
0.8, 0.258118, 0.24, 0.76, 0.260302
0.8, 0.250444, 0.24, 0.76, 0.250525
0.8, 0.253106, 0.24, 0.76, 0.253048
0.8, 0.265351, 0.24, 0.76, 0.261946
0.8, 0.250236, 0.24, 0.76, 0.248334
0.8, 0.261109, 0.24, 0.76, 0.263741
0.8, 0.256484, 0.24, 0.76, 0.257315
0.8, 0.256151, 0.24, 0.76, 0.256171
0.8, 0.250512, 0.24, 0.76, 0.249819
0.8, 0.25361, 0.24, 0.76, 0.253827
0.8, 0.283624, 0.25, 0.75, 0.271643
0.8, 0.271032, 0.25, 0.75, 0.272864
0.8, 0.26248, 0.25, 0.75, 0.262314
0.8, 0.264764, 0.25, 0.75, 0.266117
0.8, 0.262812, 0.25, 0.75, 0.264446
0.8, 0.270321, 0.25, 0.75, 0.269791
0.8, 0.264593, 0.25, 0.75, 0.270066
0.8, 0.259977, 0.25, 0.75, 0.260903
0.8, 0.267131, 0.25, 0.75, 0.26223
0.8, 0.266746, 0.25, 0.75, 0.267223
0.8, 0.269446, 0.25, 0.75, 0.268052
0.8, 0.259606, 0.25, 0.75, 0.264783
0.8, 0.272782, 0.25, 0.75, 0.26989
0.8, 0.266489, 0.25, 0.75, 0.268438
0.8, 0.270129, 0.25, 0.75, 0.270506
0.8, 0.270011, 0.25, 0.75, 0.267972
0.8, 0.257337, 0.25, 0.75, 0.263261
0.8, 0.265382, 0.25, 0.75, 0.263628
0.8, 0.263471, 0.25, 0.75, 0.266552
0.8, 0.265004, 0.25, 0.75, 0.264086
0.8, 0.265763, 0.25, 0.75, 0.263652
0.8, 0.265497, 0.25, 0.75, 0.265539
0.8, 0.260996, 0.25, 0.75, 0.266778
0.8, 0.260222, 0.25, 0.75, 0.26421
0.8, 0.267696, 0.25, 0.75, 0.26657
0.8, 0.268649, 0.26, 0.74, 0.271564
0.8, 0.278416, 0.26, 0.74, 0.277951
0.8, 0.279744, 0.26, 0.74, 0.281128
0.8, 0.277339, 0.26, 0.74, 0.275843
0.8, 0.279209, 0.26, 0.74, 0.281887
0.8, 0.27411, 0.26, 0.74, 0.270273
0.8, 0.270847, 0.26, 0.74, 0.269839
0.8, 0.285217, 0.26, 0.74, 0.280919
0.8, 0.276684, 0.26, 0.74, 0.274668
0.8, 0.281025, 0.26, 0.74, 0.280359
0.8, 0.286918, 0.26, 0.74, 0.285014
0.8, 0.27705, 0.26, 0.74, 0.275181
0.8, 0.282795, 0.26, 0.74, 0.282759
0.8, 0.277917, 0.26, 0.74, 0.277168
0.8, 0.27341, 0.26, 0.74, 0.274624
0.8, 0.285625, 0.26, 0.74, 0.281773
0.8, 0.285866, 0.26, 0.74, 0.28075
0.8, 0.283471, 0.26, 0.74, 0.28021
0.8, 0.277837, 0.26, 0.74, 0.28062
0.8, 0.279576, 0.26, 0.74, 0.279049
0.8, 0.273634, 0.26, 0.74, 0.277564
0.8, 0.270985, 0.26, 0.74, 0.274294
0.8, 0.28386, 0.26, 0.74, 0.280766
0.8, 0.277632, 0.26, 0.74, 0.279857
0.8, 0.273292, 0.26, 0.74, 0.282469
0.8, 0.283848, 0.27, 0.73, 0.286725
0.8, 0.283292, 0.27, 0.73, 0.282816
0.8, 0.293191, 0.27, 0.73, 0.288009
0.8, 0.295588, 0.27, 0.73, 0.290161
0.8, 0.291859, 0.27, 0.73, 0.28847
0.8, 0.295219, 0.27, 0.73, 0.291338
0.8, 0.303921, 0.27, 0.73, 0.298269
0.8, 0.29268, 0.27, 0.73, 0.290353
0.8, 0.296371, 0.27, 0.73, 0.293704
0.8, 0.296619, 0.27, 0.73, 0.294513
0.8, 0.289703, 0.27, 0.73, 0.288809
0.8, 0.282994, 0.27, 0.73, 0.283102
0.8, 0.29331, 0.27, 0.73, 0.2944
0.8, 0.287277, 0.27, 0.73, 0.28646
0.8, 0.291481, 0.27, 0.73, 0.2917
0.8, 0.290031, 0.27, 0.73, 0.286651
0.8, 0.285283, 0.27, 0.73, 0.288325
0.8, 0.288293, 0.27, 0.73, 0.293833
0.8, 0.289665, 0.27, 0.73, 0.28719
0.8, 0.285337, 0.27, 0.73, 0.28597
0.8, 0.296107, 0.27, 0.73, 0.293781
0.8, 0.292474, 0.27, 0.73, 0.291751
0.8, 0.283558, 0.27, 0.73, 0.285898
0.8, 0.301708, 0.27, 0.73, 0.297127
0.8, 0.28371, 0.27, 0.73, 0.283974
0.8, 0.307768, 0.28, 0.72, 0.307498
0.8, 0.305883, 0.28, 0.72, 0.303836
0.8, 0.312314, 0.28, 0.72, 0.312954
0.8, 0.307114, 0.28, 0.72, 0.302298
0.8, 0.317469, 0.28, 0.72, 0.315641
0.8, 0.310263, 0.28, 0.72, 0.303571
0.8, 0.312243, 0.28, 0.72, 0.307944
0.8, 0.312426, 0.28, 0.72, 0.310604
0.8, 0.309956, 0.28, 0.72, 0.308157
0.8, 0.300294, 0.28, 0.72, 0.299176
0.8, 0.302221, 0.28, 0.72, 0.303381
0.8, 0.307321, 0.28, 0.72, 0.302633
0.8, 0.306553, 0.28, 0.72, 0.304589
0.8, 0.306179, 0.28, 0.72, 0.306721
0.8, 0.311915, 0.28, 0.72, 0.302968
0.8, 0.311553, 0.28, 0.72, 0.308828
0.8, 0.307747, 0.28, 0.72, 0.303356
0.8, 0.303252, 0.28, 0.72, 0.296338
0.8, 0.307427, 0.28, 0.72, 0.306298
0.8, 0.307947, 0.28, 0.72, 0.312937
0.8, 0.302834, 0.28, 0.72, 0.303788
0.8, 0.306702, 0.28, 0.72, 0.302833
0.8, 0.306509, 0.28, 0.72, 0.30545
0.8, 0.305281, 0.28, 0.72, 0.302179
0.8, 0.30249, 0.28, 0.72, 0.303504
0.8, 0.31705, 0.29, 0.71, 0.315567
0.8, 0.319604, 0.29, 0.71, 0.314299
0.8, 0.313799, 0.29, 0.71, 0.313126
0.8, 0.318724, 0.29, 0.71, 0.312759
0.8, 0.311536, 0.29, 0.71, 0.31185
0.8, 0.318178, 0.29, 0.71, 0.317971
0.8, 0.318153, 0.29, 0.71, 0.315629
0.8, 0.311734, 0.29, 0.71, 0.309779
0.8, 0.315302, 0.29, 0.71, 0.311796
0.8, 0.315539, 0.29, 0.71, 0.312876
0.8, 0.321863, 0.29, 0.71, 0.316328
0.8, 0.310433, 0.29, 0.71, 0.314219
0.8, 0.314087, 0.29, 0.71, 0.311956
0.8, 0.329199, 0.29, 0.71, 0.324208
0.8, 0.314567, 0.29, 0.71, 0.313093
0.8, 0.317839, 0.29, 0.71, 0.319435
0.8, 0.317713, 0.29, 0.71, 0.31656
0.8, 0.313781, 0.29, 0.71, 0.311982
0.8, 0.311719, 0.29, 0.71, 0.308458
0.8, 0.322423, 0.29, 0.71, 0.322108
0.8, 0.318586, 0.29, 0.71, 0.316208
0.8, 0.312011, 0.29, 0.71, 0.31055
0.8, 0.316392, 0.29, 0.71, 0.317417
0.8, 0.317407, 0.29, 0.71, 0.316644
0.8, 0.316276, 0.29, 0.71, 0.314621
0.8, 0.331284, 0.3, 0.7, 0.332057
0.8, 0.324702, 0.3, 0.7, 0.329535
0.8, 0.323728, 0.3, 0.7, 0.326517
0.8, 0.336191, 0.3, 0.7, 0.330837
0.8, 0.322439, 0.3, 0.7, 0.326617
0.8, 0.315556, 0.3, 0.7, 0.319539
0.8, 0.327046, 0.3, 0.7, 0.332544
0.8, 0.332114, 0.3, 0.7, 0.328076
0.8, 0.328368, 0.3, 0.7, 0.326113
0.8, 0.332292, 0.3, 0.7, 0.329564
0.8, 0.332004, 0.3, 0.7, 0.326199
0.8, 0.322716, 0.3, 0.7, 0.323491
0.8, 0.338757, 0.3, 0.7, 0.334627
0.8, 0.343099, 0.3, 0.7, 0.343479
0.8, 0.323562, 0.3, 0.7, 0.321094
0.8, 0.330546, 0.3, 0.7, 0.32718
0.8, 0.32084, 0.3, 0.7, 0.319054
0.8, 0.333756, 0.3, 0.7, 0.331208
0.8, 0.331926, 0.3, 0.7, 0.328831
0.8, 0.330148, 0.3, 0.7, 0.327572
0.8, 0.324198, 0.3, 0.7, 0.32407
0.8, 0.339639, 0.3, 0.7, 0.332506
0.8, 0.318721, 0.3, 0.7, 0.324919
0.8, 0.334753, 0.3, 0.7, 0.330842
0.8, 0.327578, 0.3, 0.7, 0.327427
0.85, 0.150734, 0.15, 0.85, 0.150982
0.85, 0.151964, 0.15, 0.85, 0.15155
0.85, 0.152054, 0.15, 0.85, 0.152255
0.85, 0.153265, 0.15, 0.85, 0.152543
0.85, 0.152876, 0.15, 0.85, 0.156402
0.85, 0.151034, 0.15, 0.85, 0.153412
0.85, 0.15402, 0.15, 0.85, 0.155926
0.85, 0.142815, 0.15, 0.85, 0.151032
0.85, 0.154992, 0.15, 0.85, 0.154447
0.85, 0.152691, 0.15, 0.85, 0.153731
0.85, 0.154955, 0.15, 0.85, 0.156333
0.85, 0.154268, 0.15, 0.85, 0.15049
0.85, 0.158294, 0.15, 0.85, 0.156681
0.85, 0.155519, 0.15, 0.85, 0.153903
0.85, 0.141627, 0.15, 0.85, 0.147935
0.85, 0.157314, 0.15, 0.85, 0.15751
0.85, 0.150932, 0.15, 0.85, 0.148813
0.85, 0.14884, 0.15, 0.85, 0.147049
0.85, 0.149856, 0.15, 0.85, 0.150319
0.85, 0.158941, 0.15, 0.85, 0.1562
0.85, 0.151042, 0.15, 0.85, 0.148284
0.85, 0.151482, 0.15, 0.85, 0.150179
0.85, 0.153242, 0.15, 0.85, 0.154272
0.85, 0.158581, 0.15, 0.85, 0.154609
0.85, 0.154509, 0.15, 0.85, 0.152874
0.85, 0.15487, 0.16, 0.84, 0.15875
0.85, 0.159408, 0.16, 0.84, 0.160936
0.85, 0.161781, 0.16, 0.84, 0.158907
0.85, 0.162339, 0.16, 0.84, 0.160602
0.85, 0.1672, 0.16, 0.84, 0.165562
0.85, 0.165824, 0.16, 0.84, 0.163455
0.85, 0.159837, 0.16, 0.84, 0.161466
0.85, 0.166081, 0.16, 0.84, 0.162483
0.85, 0.156803, 0.16, 0.84, 0.159222
0.85, 0.168774, 0.16, 0.84, 0.165087
0.85, 0.159, 0.16, 0.84, 0.160709
0.85, 0.166907, 0.16, 0.84, 0.166331
0.85, 0.159548, 0.16, 0.84, 0.163104
0.85, 0.17312, 0.16, 0.84, 0.171479
0.85, 0.161475, 0.16, 0.84, 0.161585
0.85, 0.161681, 0.16, 0.84, 0.163715
0.85, 0.160023, 0.16, 0.84, 0.161833
0.85, 0.162311, 0.16, 0.84, 0.162317
0.85, 0.170254, 0.16, 0.84, 0.16703
0.85, 0.169774, 0.16, 0.84, 0.165521
0.85, 0.165188, 0.16, 0.84, 0.164815
0.85, 0.161926, 0.16, 0.84, 0.162772
0.85, 0.165144, 0.16, 0.84, 0.165864
0.85, 0.167071, 0.16, 0.84, 0.164197
0.85, 0.163119, 0.16, 0.84, 0.160365
0.85, 0.173997, 0.17, 0.83, 0.175586
0.85, 0.183282, 0.17, 0.83, 0.18062
0.85, 0.17283, 0.17, 0.83, 0.173651
0.85, 0.172798, 0.17, 0.83, 0.17408
0.85, 0.16884, 0.17, 0.83, 0.170941
0.85, 0.179059, 0.17, 0.83, 0.178829
0.85, 0.171422, 0.17, 0.83, 0.170291
0.85, 0.17829, 0.17, 0.83, 0.17991
0.85, 0.173326, 0.17, 0.83, 0.174894
0.85, 0.171781, 0.17, 0.83, 0.171621
0.85, 0.173304, 0.17, 0.83, 0.173943
0.85, 0.186189, 0.17, 0.83, 0.180808
0.85, 0.182409, 0.17, 0.83, 0.179279
0.85, 0.179237, 0.17, 0.83, 0.177083
0.85, 0.174032, 0.17, 0.83, 0.175544
0.85, 0.16937, 0.17, 0.83, 0.173738
0.85, 0.175459, 0.17, 0.83, 0.176837
0.85, 0.17772, 0.17, 0.83, 0.172734
0.85, 0.176792, 0.17, 0.83, 0.17329
0.85, 0.1757, 0.17, 0.83, 0.174099
0.85, 0.177738, 0.17, 0.83, 0.176913
0.85, 0.171509, 0.17, 0.83, 0.170283
0.85, 0.17538, 0.17, 0.83, 0.178761
0.85, 0.184544, 0.17, 0.83, 0.182523
0.85, 0.17625, 0.17, 0.83, 0.178964
0.85, 0.194682, 0.18, 0.82, 0.192098
0.85, 0.189281, 0.18, 0.82, 0.187619
0.85, 0.192826, 0.18, 0.82, 0.19464
0.85, 0.187897, 0.18, 0.82, 0.191138
0.85, 0.181761, 0.18, 0.82, 0.183398
0.85, 0.18061, 0.18, 0.82, 0.186568
0.85, 0.189288, 0.18, 0.82, 0.18721
0.85, 0.188947, 0.18, 0.82, 0.188465
0.85, 0.188803, 0.18, 0.82, 0.187237
0.85, 0.189595, 0.18, 0.82, 0.18752
0.85, 0.187188, 0.18, 0.82, 0.189699
0.85, 0.182081, 0.18, 0.82, 0.184725
0.85, 0.187669, 0.18, 0.82, 0.186091
0.85, 0.190728, 0.18, 0.82, 0.190143
0.85, 0.192269, 0.18, 0.82, 0.191056
0.85, 0.182947, 0.18, 0.82, 0.183612
0.85, 0.189269, 0.18, 0.82, 0.185598
0.85, 0.184149, 0.18, 0.82, 0.184213
0.85, 0.194705, 0.18, 0.82, 0.189377
0.85, 0.181662, 0.18, 0.82, 0.183539
0.85, 0.188906, 0.18, 0.82, 0.186616
0.85, 0.184717, 0.18, 0.82, 0.18497
0.85, 0.188971, 0.18, 0.82, 0.190144
0.85, 0.193466, 0.18, 0.82, 0.194997
0.85, 0.180785, 0.18, 0.82, 0.183692
0.85, 0.195979, 0.19, 0.81, 0.199957
0.85, 0.193637, 0.19, 0.81, 0.19961
0.85, 0.197489, 0.19, 0.81, 0.198162
0.85, 0.200088, 0.19, 0.81, 0.200483
0.85, 0.195312, 0.19, 0.81, 0.196944
0.85, 0.198678, 0.19, 0.81, 0.201837
0.85, 0.19717, 0.19, 0.81, 0.201769
0.85, 0.200365, 0.19, 0.81, 0.198996
0.85, 0.19653, 0.19, 0.81, 0.196243
0.85, 0.198935, 0.19, 0.81, 0.199398
0.85, 0.193796, 0.19, 0.81, 0.199296
0.85, 0.20493, 0.19, 0.81, 0.202671
0.85, 0.193405, 0.19, 0.81, 0.198343
0.85, 0.195464, 0.19, 0.81, 0.197457
0.85, 0.198368, 0.19, 0.81, 0.200684
0.85, 0.194762, 0.19, 0.81, 0.197233
0.85, 0.204482, 0.19, 0.81, 0.199069
0.85, 0.192541, 0.19, 0.81, 0.195409
0.85, 0.203187, 0.19, 0.81, 0.200901
0.85, 0.198548, 0.19, 0.81, 0.197812
0.85, 0.20769, 0.19, 0.81, 0.201904
0.85, 0.200502, 0.19, 0.81, 0.198584
0.85, 0.201049, 0.19, 0.81, 0.199395
0.85, 0.200187, 0.19, 0.81, 0.198059
0.85, 0.196707, 0.19, 0.81, 0.19915
0.85, 0.208781, 0.2, 0.8, 0.210251
0.85, 0.215101, 0.2, 0.8, 0.210151
0.85, 0.214502, 0.2, 0.8, 0.212779
0.85, 0.208015, 0.2, 0.8, 0.204017
0.85, 0.207607, 0.2, 0.8, 0.208492
0.85, 0.212494, 0.2, 0.8, 0.209179
0.85, 0.2072, 0.2, 0.8, 0.20597
0.85, 0.209668, 0.2, 0.8, 0.210088
0.85, 0.211174, 0.2, 0.8, 0.212416
0.85, 0.212966, 0.2, 0.8, 0.209903
0.85, 0.204543, 0.2, 0.8, 0.208144
0.85, 0.207603, 0.2, 0.8, 0.205251
0.85, 0.209219, 0.2, 0.8, 0.208696
0.85, 0.217814, 0.2, 0.8, 0.215771
0.85, 0.20176, 0.2, 0.8, 0.201286
0.85, 0.208434, 0.2, 0.8, 0.208827
0.85, 0.206806, 0.2, 0.8, 0.211481
0.85, 0.210068, 0.2, 0.8, 0.206874
0.85, 0.217678, 0.2, 0.8, 0.215333
0.85, 0.213411, 0.2, 0.8, 0.212716
0.85, 0.21372, 0.2, 0.8, 0.213659
0.85, 0.212942, 0.2, 0.8, 0.21078
0.85, 0.208382, 0.2, 0.8, 0.210937
0.85, 0.206273, 0.2, 0.8, 0.210179
0.85, 0.21035, 0.2, 0.8, 0.207866
0.85, 0.221841, 0.21, 0.79, 0.224025
0.85, 0.225728, 0.21, 0.79, 0.222751
0.85, 0.216901, 0.21, 0.79, 0.217912
0.85, 0.220103, 0.21, 0.79, 0.220667
0.85, 0.21522, 0.21, 0.79, 0.219101
0.85, 0.222965, 0.21, 0.79, 0.220854
0.85, 0.223132, 0.21, 0.79, 0.220978
0.85, 0.225056, 0.21, 0.79, 0.227602
0.85, 0.223419, 0.21, 0.79, 0.222952
0.85, 0.21891, 0.21, 0.79, 0.216504
0.85, 0.232353, 0.21, 0.79, 0.226629
0.85, 0.223327, 0.21, 0.79, 0.222107
0.85, 0.215658, 0.21, 0.79, 0.215071
0.85, 0.226086, 0.21, 0.79, 0.223287
0.85, 0.217822, 0.21, 0.79, 0.219368
0.85, 0.222528, 0.21, 0.79, 0.222621
0.85, 0.219539, 0.21, 0.79, 0.220841
0.85, 0.224095, 0.21, 0.79, 0.219558
0.85, 0.222414, 0.21, 0.79, 0.219349
0.85, 0.221669, 0.21, 0.79, 0.217377
0.85, 0.223934, 0.21, 0.79, 0.220881
0.85, 0.229147, 0.21, 0.79, 0.227974
0.85, 0.216822, 0.21, 0.79, 0.216713
0.85, 0.219751, 0.21, 0.79, 0.217094
0.85, 0.220916, 0.21, 0.79, 0.22652
0.85, 0.23678, 0.22, 0.78, 0.230512
0.85, 0.228857, 0.22, 0.78, 0.232098
0.85, 0.229611, 0.22, 0.78, 0.232003
0.85, 0.235801, 0.22, 0.78, 0.23515
0.85, 0.236435, 0.22, 0.78, 0.23261
0.85, 0.232839, 0.22, 0.78, 0.233722
0.85, 0.229663, 0.22, 0.78, 0.228836
0.85, 0.232984, 0.22, 0.78, 0.234158
0.85, 0.228863, 0.22, 0.78, 0.234541
0.85, 0.223619, 0.22, 0.78, 0.228768
0.85, 0.23781, 0.22, 0.78, 0.229839
0.85, 0.232913, 0.22, 0.78, 0.233122
0.85, 0.236066, 0.22, 0.78, 0.235043
0.85, 0.231219, 0.22, 0.78, 0.230468
0.85, 0.238792, 0.22, 0.78, 0.237648
0.85, 0.231105, 0.22, 0.78, 0.225144
0.85, 0.228635, 0.22, 0.78, 0.232525
0.85, 0.23441, 0.22, 0.78, 0.230689
0.85, 0.226923, 0.22, 0.78, 0.227482
0.85, 0.238541, 0.22, 0.78, 0.239811
0.85, 0.233709, 0.22, 0.78, 0.23082
0.85, 0.238526, 0.22, 0.78, 0.236982
0.85, 0.226965, 0.22, 0.78, 0.23107
0.85, 0.235644, 0.22, 0.78, 0.233754
0.85, 0.228004, 0.22, 0.78, 0.225011
0.85, 0.239505, 0.23, 0.77, 0.243721
0.85, 0.254445, 0.23, 0.77, 0.248065
0.85, 0.246952, 0.23, 0.77, 0.243871
0.85, 0.247096, 0.23, 0.77, 0.245692
0.85, 0.249837, 0.23, 0.77, 0.244369
0.85, 0.251683, 0.23, 0.77, 0.246612
0.85, 0.241823, 0.23, 0.77, 0.241647
0.85, 0.248184, 0.23, 0.77, 0.248275
0.85, 0.245271, 0.23, 0.77, 0.243886
0.85, 0.245854, 0.23, 0.77, 0.245503
0.85, 0.238686, 0.23, 0.77, 0.23876
0.85, 0.241603, 0.23, 0.77, 0.240455
0.85, 0.244667, 0.23, 0.77, 0.24319
0.85, 0.248761, 0.23, 0.77, 0.249904
0.85, 0.241014, 0.23, 0.77, 0.243855
0.85, 0.247318, 0.23, 0.77, 0.247649
0.85, 0.24357, 0.23, 0.77, 0.245844
0.85, 0.245528, 0.23, 0.77, 0.246173
0.85, 0.246532, 0.23, 0.77, 0.242634
0.85, 0.247765, 0.23, 0.77, 0.247336
0.85, 0.247176, 0.23, 0.77, 0.245723
0.85, 0.245748, 0.23, 0.77, 0.249489
0.85, 0.246549, 0.23, 0.77, 0.241771
0.85, 0.244898, 0.23, 0.77, 0.244442
0.85, 0.244754, 0.23, 0.77, 0.243038
0.85, 0.251964, 0.24, 0.76, 0.255572
0.85, 0.250964, 0.24, 0.76, 0.252918
0.85, 0.255139, 0.24, 0.76, 0.256426
0.85, 0.253063, 0.24, 0.76, 0.251943
0.85, 0.257186, 0.24, 0.76, 0.257365
0.85, 0.25189, 0.24, 0.76, 0.258963
0.85, 0.265354, 0.24, 0.76, 0.26344
0.85, 0.253975, 0.24, 0.76, 0.252944
0.85, 0.257664, 0.24, 0.76, 0.255938
0.85, 0.252533, 0.24, 0.76, 0.255356
0.85, 0.261532, 0.24, 0.76, 0.259622
0.85, 0.252302, 0.24, 0.76, 0.255534
0.85, 0.247748, 0.24, 0.76, 0.251826
0.85, 0.259032, 0.24, 0.76, 0.255554
0.85, 0.247105, 0.24, 0.76, 0.25188
0.85, 0.266288, 0.24, 0.76, 0.270132
0.85, 0.25764, 0.24, 0.76, 0.257751
0.85, 0.255566, 0.24, 0.76, 0.254427
0.85, 0.25828, 0.24, 0.76, 0.258217
0.85, 0.249722, 0.24, 0.76, 0.252809
0.85, 0.25578, 0.24, 0.76, 0.25583
0.85, 0.253909, 0.24, 0.76, 0.251482
0.85, 0.253836, 0.24, 0.76, 0.255792
0.85, 0.260234, 0.24, 0.76, 0.263161
0.85, 0.26117, 0.24, 0.76, 0.258091
0.85, 0.274198, 0.25, 0.75, 0.269643
0.85, 0.270462, 0.25, 0.75, 0.268319
0.85, 0.268366, 0.25, 0.75, 0.267999
0.85, 0.271618, 0.25, 0.75, 0.270698
0.85, 0.260998, 0.25, 0.75, 0.263057
0.85, 0.262295, 0.25, 0.75, 0.263591
0.85, 0.269866, 0.25, 0.75, 0.268275
0.85, 0.276057, 0.25, 0.75, 0.269295
0.85, 0.26862, 0.25, 0.75, 0.264499
0.85, 0.261868, 0.25, 0.75, 0.266182
0.85, 0.259558, 0.25, 0.75, 0.267903
0.85, 0.262734, 0.25, 0.75, 0.266259
0.85, 0.264524, 0.25, 0.75, 0.265546
0.85, 0.257103, 0.25, 0.75, 0.262503
0.85, 0.268301, 0.25, 0.75, 0.272206
0.85, 0.270111, 0.25, 0.75, 0.270115
0.85, 0.267799, 0.25, 0.75, 0.268008
0.85, 0.270689, 0.25, 0.75, 0.273038
0.85, 0.267031, 0.25, 0.75, 0.269304
0.85, 0.278829, 0.25, 0.75, 0.277904
0.85, 0.266363, 0.25, 0.75, 0.266267
0.85, 0.2575, 0.25, 0.75, 0.263476
0.85, 0.274263, 0.25, 0.75, 0.271544
0.85, 0.270313, 0.25, 0.75, 0.271159
0.85, 0.267859, 0.25, 0.75, 0.268312
0.85, 0.287401, 0.26, 0.74, 0.288338
0.85, 0.263992, 0.26, 0.74, 0.272393
0.85, 0.278086, 0.26, 0.74, 0.281017
0.85, 0.280307, 0.26, 0.74, 0.276408
0.85, 0.284892, 0.26, 0.74, 0.285294
0.85, 0.278513, 0.26, 0.74, 0.279658
0.85, 0.274781, 0.26, 0.74, 0.276796
0.85, 0.273521, 0.26, 0.74, 0.275778
0.85, 0.271524, 0.26, 0.74, 0.274508
0.85, 0.283093, 0.26, 0.74, 0.284841
0.85, 0.280109, 0.26, 0.74, 0.2807
0.85, 0.28116, 0.26, 0.74, 0.280541
0.85, 0.2823, 0.26, 0.74, 0.279775
0.85, 0.287296, 0.26, 0.74, 0.286804
0.85, 0.277314, 0.26, 0.74, 0.274624
0.85, 0.270797, 0.26, 0.74, 0.270001
0.85, 0.283986, 0.26, 0.74, 0.285945
0.85, 0.289014, 0.26, 0.74, 0.287636
0.85, 0.270892, 0.26, 0.74, 0.277756
0.85, 0.275688, 0.26, 0.74, 0.275947
0.85, 0.28044, 0.26, 0.74, 0.281632
0.85, 0.279729, 0.26, 0.74, 0.280084
0.85, 0.278888, 0.26, 0.74, 0.276405
0.85, 0.279746, 0.26, 0.74, 0.282027
0.85, 0.279643, 0.26, 0.74, 0.28468
0.85, 0.279436, 0.27, 0.73, 0.286324
0.85, 0.293229, 0.27, 0.73, 0.288408
0.85, 0.301389, 0.27, 0.73, 0.300224
0.85, 0.293839, 0.27, 0.73, 0.294227
0.85, 0.29388, 0.27, 0.73, 0.296495
0.85, 0.287872, 0.27, 0.73, 0.288146
0.85, 0.298609, 0.27, 0.73, 0.293467
0.85, 0.288671, 0.27, 0.73, 0.294862
0.85, 0.291356, 0.27, 0.73, 0.291653
0.85, 0.301195, 0.27, 0.73, 0.296533
0.85, 0.285603, 0.27, 0.73, 0.287677
0.85, 0.299906, 0.27, 0.73, 0.299817
0.85, 0.298373, 0.27, 0.73, 0.297763
0.85, 0.300608, 0.27, 0.73, 0.296908
0.85, 0.293135, 0.27, 0.73, 0.292387
0.85, 0.290205, 0.27, 0.73, 0.292924
0.85, 0.286273, 0.27, 0.73, 0.286639
0.85, 0.289176, 0.27, 0.73, 0.28961
0.85, 0.283905, 0.27, 0.73, 0.286501
0.85, 0.28957, 0.27, 0.73, 0.292984
0.85, 0.293704, 0.27, 0.73, 0.293236
0.85, 0.287853, 0.27, 0.73, 0.286365
0.85, 0.295253, 0.27, 0.73, 0.287835
0.85, 0.295448, 0.27, 0.73, 0.295697
0.85, 0.296292, 0.27, 0.73, 0.295252
0.85, 0.301803, 0.28, 0.72, 0.301613
0.85, 0.307085, 0.28, 0.72, 0.300917
0.85, 0.30272, 0.28, 0.72, 0.305869
0.85, 0.311028, 0.28, 0.72, 0.307161
0.85, 0.309319, 0.28, 0.72, 0.309012
0.85, 0.296478, 0.28, 0.72, 0.301153
0.85, 0.310838, 0.28, 0.72, 0.30771
0.85, 0.309934, 0.28, 0.72, 0.309618
0.85, 0.304625, 0.28, 0.72, 0.307278
0.85, 0.297577, 0.28, 0.72, 0.298541
0.85, 0.309629, 0.28, 0.72, 0.309612
0.85, 0.302769, 0.28, 0.72, 0.305781
0.85, 0.309584, 0.28, 0.72, 0.310847
0.85, 0.311025, 0.28, 0.72, 0.31175
0.85, 0.302989, 0.28, 0.72, 0.298906
0.85, 0.310285, 0.28, 0.72, 0.305751
0.85, 0.310593, 0.28, 0.72, 0.312584
0.85, 0.300387, 0.28, 0.72, 0.301855
0.85, 0.30621, 0.28, 0.72, 0.304225
0.85, 0.317101, 0.28, 0.72, 0.311085
0.85, 0.310571, 0.28, 0.72, 0.310337
0.85, 0.302693, 0.28, 0.72, 0.306036
0.85, 0.300988, 0.28, 0.72, 0.301851
0.85, 0.303155, 0.28, 0.72, 0.305352
0.85, 0.305975, 0.28, 0.72, 0.30633
0.85, 0.323065, 0.29, 0.71, 0.319973
0.85, 0.31995, 0.29, 0.71, 0.317856
0.85, 0.315815, 0.29, 0.71, 0.318414
0.85, 0.313152, 0.29, 0.71, 0.315995
0.85, 0.318594, 0.29, 0.71, 0.321271
0.85, 0.311142, 0.29, 0.71, 0.313953
0.85, 0.325001, 0.29, 0.71, 0.32099
0.85, 0.317925, 0.29, 0.71, 0.323186
0.85, 0.31803, 0.29, 0.71, 0.314077
0.85, 0.315429, 0.29, 0.71, 0.316481
0.85, 0.31396, 0.29, 0.71, 0.316751
0.85, 0.322459, 0.29, 0.71, 0.32257
0.85, 0.322279, 0.29, 0.71, 0.323188
0.85, 0.317377, 0.29, 0.71, 0.319481
0.85, 0.321695, 0.29, 0.71, 0.315804
0.85, 0.317574, 0.29, 0.71, 0.317529
0.85, 0.31557, 0.29, 0.71, 0.313219
0.85, 0.328972, 0.29, 0.71, 0.32515
0.85, 0.319662, 0.29, 0.71, 0.316441
0.85, 0.311495, 0.29, 0.71, 0.313677
0.85, 0.313583, 0.29, 0.71, 0.315275
0.85, 0.325597, 0.29, 0.71, 0.32667
0.85, 0.318906, 0.29, 0.71, 0.314
0.85, 0.319997, 0.29, 0.71, 0.317002
0.85, 0.32807, 0.29, 0.71, 0.321896
0.85, 0.315929, 0.3, 0.7, 0.320738
0.85, 0.334104, 0.3, 0.7, 0.327377
0.85, 0.327252, 0.3, 0.7, 0.330338
0.85, 0.344671, 0.3, 0.7, 0.339952
0.85, 0.336629, 0.3, 0.7, 0.330468
0.85, 0.349478, 0.3, 0.7, 0.341685
0.85, 0.345876, 0.3, 0.7, 0.339986
0.85, 0.337695, 0.3, 0.7, 0.335656
0.85, 0.336064, 0.3, 0.7, 0.335056
0.85, 0.32484, 0.3, 0.7, 0.326434
0.85, 0.336753, 0.3, 0.7, 0.332147
0.85, 0.331488, 0.3, 0.7, 0.33242
0.85, 0.3329, 0.3, 0.7, 0.332484
0.85, 0.337241, 0.3, 0.7, 0.332824
0.85, 0.332065, 0.3, 0.7, 0.330798
0.85, 0.325735, 0.3, 0.7, 0.325409
0.85, 0.331195, 0.3, 0.7, 0.334324
0.85, 0.338582, 0.3, 0.7, 0.334182
0.85, 0.33416, 0.3, 0.7, 0.327672
0.85, 0.338708, 0.3, 0.7, 0.337759
0.85, 0.328032, 0.3, 0.7, 0.331248
0.85, 0.333751, 0.3, 0.7, 0.332915
0.85, 0.340258, 0.3, 0.7, 0.336859
0.85, 0.338644, 0.3, 0.7, 0.33577
0.85, 0.328159, 0.3, 0.7, 0.330812
0.9, 0.153592, 0.15, 0.85, 0.153269
0.9, 0.150382, 0.15, 0.85, 0.151835
0.9, 0.157096, 0.15, 0.85, 0.157797
0.9, 0.160939, 0.15, 0.85, 0.158601
0.9, 0.15422, 0.15, 0.85, 0.158728
0.9, 0.153142, 0.15, 0.85, 0.153711
0.9, 0.146586, 0.15, 0.85, 0.150932
0.9, 0.156701, 0.15, 0.85, 0.154599
0.9, 0.166793, 0.15, 0.85, 0.162244
0.9, 0.154184, 0.15, 0.85, 0.153119
0.9, 0.15788, 0.15, 0.85, 0.156394
0.9, 0.159843, 0.15, 0.85, 0.154613
0.9, 0.156046, 0.15, 0.85, 0.155941
0.9, 0.149532, 0.15, 0.85, 0.150085
0.9, 0.158291, 0.15, 0.85, 0.154404
0.9, 0.164322, 0.15, 0.85, 0.159757
0.9, 0.151715, 0.15, 0.85, 0.152881
0.9, 0.156325, 0.15, 0.85, 0.159777
0.9, 0.152139, 0.15, 0.85, 0.154986
0.9, 0.14887, 0.15, 0.85, 0.151953
0.9, 0.152676, 0.15, 0.85, 0.15302
0.9, 0.166926, 0.15, 0.85, 0.161302
0.9, 0.152333, 0.15, 0.85, 0.154726
0.9, 0.151233, 0.15, 0.85, 0.15127
0.9, 0.157978, 0.15, 0.85, 0.155006
0.9, 0.17324, 0.16, 0.84, 0.16971
0.9, 0.167154, 0.16, 0.84, 0.164209
0.9, 0.176796, 0.16, 0.84, 0.170614
0.9, 0.17191, 0.16, 0.84, 0.169758
0.9, 0.167025, 0.16, 0.84, 0.167346
0.9, 0.171127, 0.16, 0.84, 0.168967
0.9, 0.163606, 0.16, 0.84, 0.169227
0.9, 0.164455, 0.16, 0.84, 0.163961
0.9, 0.1685, 0.16, 0.84, 0.167173
0.9, 0.161468, 0.16, 0.84, 0.163034
0.9, 0.167486, 0.16, 0.84, 0.168362
0.9, 0.16675, 0.16, 0.84, 0.166951
0.9, 0.165286, 0.16, 0.84, 0.1685
0.9, 0.16514, 0.16, 0.84, 0.164906
0.9, 0.167716, 0.16, 0.84, 0.168248
0.9, 0.171268, 0.16, 0.84, 0.167248
0.9, 0.161819, 0.16, 0.84, 0.165074
0.9, 0.162384, 0.16, 0.84, 0.165592
0.9, 0.160153, 0.16, 0.84, 0.16336
0.9, 0.164246, 0.16, 0.84, 0.164348
0.9, 0.171029, 0.16, 0.84, 0.168381
0.9, 0.166991, 0.16, 0.84, 0.167501
0.9, 0.168341, 0.16, 0.84, 0.16857
0.9, 0.167167, 0.16, 0.84, 0.166311
0.9, 0.159455, 0.16, 0.84, 0.163245
0.9, 0.183251, 0.17, 0.83, 0.182616
0.9, 0.177003, 0.17, 0.83, 0.17866
0.9, 0.180731, 0.17, 0.83, 0.181261
0.9, 0.180917, 0.17, 0.83, 0.18322
0.9, 0.174542, 0.17, 0.83, 0.176712
0.9, 0.171503, 0.17, 0.83, 0.176442
0.9, 0.171062, 0.17, 0.83, 0.176861
0.9, 0.182818, 0.17, 0.83, 0.179843
0.9, 0.178254, 0.17, 0.83, 0.173143
0.9, 0.173343, 0.17, 0.83, 0.1758
0.9, 0.172375, 0.17, 0.83, 0.172115
0.9, 0.175299, 0.17, 0.83, 0.173507
0.9, 0.173511, 0.17, 0.83, 0.177747
0.9, 0.173128, 0.17, 0.83, 0.176395
0.9, 0.178623, 0.17, 0.83, 0.1776
0.9, 0.175988, 0.17, 0.83, 0.179156
0.9, 0.17658, 0.17, 0.83, 0.180232
0.9, 0.176173, 0.17, 0.83, 0.175136
0.9, 0.179828, 0.17, 0.83, 0.177955
0.9, 0.180333, 0.17, 0.83, 0.180857
0.9, 0.182397, 0.17, 0.83, 0.180878
0.9, 0.170379, 0.17, 0.83, 0.173799
0.9, 0.186215, 0.17, 0.83, 0.183816
0.9, 0.176001, 0.17, 0.83, 0.174987
0.9, 0.173383, 0.17, 0.83, 0.17355
0.9, 0.190962, 0.18, 0.82, 0.18922
0.9, 0.18999, 0.18, 0.82, 0.189378
0.9, 0.183213, 0.18, 0.82, 0.182654
0.9, 0.189714, 0.18, 0.82, 0.188734
0.9, 0.187064, 0.18, 0.82, 0.188456
0.9, 0.187729, 0.18, 0.82, 0.186955
0.9, 0.191664, 0.18, 0.82, 0.192322
0.9, 0.186283, 0.18, 0.82, 0.187984
0.9, 0.186615, 0.18, 0.82, 0.188243
0.9, 0.193803, 0.18, 0.82, 0.190175
0.9, 0.186667, 0.18, 0.82, 0.186594
0.9, 0.180135, 0.18, 0.82, 0.179478
0.9, 0.190783, 0.18, 0.82, 0.189311
0.9, 0.182579, 0.18, 0.82, 0.186754
0.9, 0.189642, 0.18, 0.82, 0.188555
0.9, 0.187947, 0.18, 0.82, 0.189595
0.9, 0.192345, 0.18, 0.82, 0.193489
0.9, 0.196824, 0.18, 0.82, 0.195879
0.9, 0.187931, 0.18, 0.82, 0.186456
0.9, 0.194238, 0.18, 0.82, 0.192972
0.9, 0.19545, 0.18, 0.82, 0.195814
0.9, 0.187608, 0.18, 0.82, 0.185211
0.9, 0.188769, 0.18, 0.82, 0.190847
0.9, 0.191505, 0.18, 0.82, 0.190972
0.9, 0.190849, 0.18, 0.82, 0.191676
0.9, 0.196743, 0.19, 0.81, 0.197748
0.9, 0.202931, 0.19, 0.81, 0.20278
0.9, 0.200166, 0.19, 0.81, 0.204646
0.9, 0.209907, 0.19, 0.81, 0.204781
0.9, 0.201076, 0.19, 0.81, 0.199636
0.9, 0.202646, 0.19, 0.81, 0.204155
0.9, 0.197661, 0.19, 0.81, 0.195537
0.9, 0.202407, 0.19, 0.81, 0.200263
0.9, 0.189872, 0.19, 0.81, 0.192865
0.9, 0.200126, 0.19, 0.81, 0.198653
0.9, 0.202133, 0.19, 0.81, 0.201831
0.9, 0.203513, 0.19, 0.81, 0.201143
0.9, 0.204841, 0.19, 0.81, 0.203981
0.9, 0.199271, 0.19, 0.81, 0.200171
0.9, 0.200162, 0.19, 0.81, 0.202636
0.9, 0.199981, 0.19, 0.81, 0.200976
0.9, 0.19475, 0.19, 0.81, 0.193073
0.9, 0.201206, 0.19, 0.81, 0.203148
0.9, 0.206065, 0.19, 0.81, 0.205747
0.9, 0.199822, 0.19, 0.81, 0.196212
0.9, 0.198634, 0.19, 0.81, 0.198329
0.9, 0.190917, 0.19, 0.81, 0.196108
0.9, 0.200213, 0.19, 0.81, 0.195461
0.9, 0.200796, 0.19, 0.81, 0.202764
0.9, 0.199567, 0.19, 0.81, 0.20397
0.9, 0.214893, 0.2, 0.8, 0.211212
0.9, 0.216583, 0.2, 0.8, 0.215223
0.9, 0.2073, 0.2, 0.8, 0.206574
0.9, 0.205733, 0.2, 0.8, 0.207374
0.9, 0.214211, 0.2, 0.8, 0.215074
0.9, 0.215695, 0.2, 0.8, 0.214584
0.9, 0.208968, 0.2, 0.8, 0.213145
0.9, 0.216854, 0.2, 0.8, 0.215854
0.9, 0.210315, 0.2, 0.8, 0.213114
0.9, 0.213135, 0.2, 0.8, 0.212963
0.9, 0.209096, 0.2, 0.8, 0.207384
0.9, 0.21507, 0.2, 0.8, 0.216209
0.9, 0.214581, 0.2, 0.8, 0.211416
0.9, 0.207001, 0.2, 0.8, 0.207152
0.9, 0.218715, 0.2, 0.8, 0.212468
0.9, 0.206096, 0.2, 0.8, 0.207422
0.9, 0.216523, 0.2, 0.8, 0.219073
0.9, 0.204524, 0.2, 0.8, 0.206482
0.9, 0.211043, 0.2, 0.8, 0.211653
0.9, 0.210388, 0.2, 0.8, 0.20935
0.9, 0.211911, 0.2, 0.8, 0.209366
0.9, 0.213046, 0.2, 0.8, 0.211891
0.9, 0.215354, 0.2, 0.8, 0.211543
0.9, 0.223215, 0.2, 0.8, 0.219895
0.9, 0.211929, 0.2, 0.8, 0.212223
0.9, 0.224978, 0.21, 0.79, 0.220906
0.9, 0.222563, 0.21, 0.79, 0.224848
0.9, 0.228688, 0.21, 0.79, 0.229335
0.9, 0.218727, 0.21, 0.79, 0.221373
0.9, 0.221458, 0.21, 0.79, 0.220638
0.9, 0.222987, 0.21, 0.79, 0.220867
0.9, 0.219521, 0.21, 0.79, 0.222174
0.9, 0.232942, 0.21, 0.79, 0.229775
0.9, 0.216741, 0.21, 0.79, 0.219082
0.9, 0.228477, 0.21, 0.79, 0.233119
0.9, 0.223485, 0.21, 0.79, 0.224896
0.9, 0.223126, 0.21, 0.79, 0.224694
0.9, 0.229509, 0.21, 0.79, 0.223403
0.9, 0.232165, 0.21, 0.79, 0.23044
0.9, 0.225936, 0.21, 0.79, 0.223677
0.9, 0.224186, 0.21, 0.79, 0.22692
0.9, 0.227053, 0.21, 0.79, 0.22399
0.9, 0.219104, 0.21, 0.79, 0.221111
0.9, 0.232055, 0.21, 0.79, 0.226484
0.9, 0.22426, 0.21, 0.79, 0.221675
0.9, 0.226134, 0.21, 0.79, 0.222595
0.9, 0.226154, 0.21, 0.79, 0.226053
0.9, 0.219199, 0.21, 0.79, 0.221083
0.9, 0.221599, 0.21, 0.79, 0.218435
0.9, 0.225301, 0.21, 0.79, 0.22101
0.9, 0.238052, 0.22, 0.78, 0.236515
0.9, 0.225812, 0.22, 0.78, 0.230516
0.9, 0.229914, 0.22, 0.78, 0.23309
0.9, 0.233963, 0.22, 0.78, 0.231395
0.9, 0.235524, 0.22, 0.78, 0.234653
0.9, 0.238149, 0.22, 0.78, 0.233804
0.9, 0.230378, 0.22, 0.78, 0.232249
0.9, 0.235715, 0.22, 0.78, 0.23921
0.9, 0.236085, 0.22, 0.78, 0.233744
0.9, 0.239153, 0.22, 0.78, 0.237208
0.9, 0.235356, 0.22, 0.78, 0.236211
0.9, 0.233755, 0.22, 0.78, 0.235897
0.9, 0.238297, 0.22, 0.78, 0.235326
0.9, 0.227258, 0.22, 0.78, 0.230427
0.9, 0.240145, 0.22, 0.78, 0.237747
0.9, 0.233531, 0.22, 0.78, 0.234479
0.9, 0.242496, 0.22, 0.78, 0.237578
0.9, 0.237225, 0.22, 0.78, 0.234902
0.9, 0.228992, 0.22, 0.78, 0.228936
0.9, 0.238283, 0.22, 0.78, 0.235159
0.9, 0.235797, 0.22, 0.78, 0.232065
0.9, 0.239601, 0.22, 0.78, 0.235648
0.9, 0.229783, 0.22, 0.78, 0.231092
0.9, 0.234318, 0.22, 0.78, 0.237466
0.9, 0.232433, 0.22, 0.78, 0.238672
0.9, 0.254206, 0.23, 0.77, 0.250386
0.9, 0.251263, 0.23, 0.77, 0.248429
0.9, 0.247073, 0.23, 0.77, 0.246063
0.9, 0.255058, 0.23, 0.77, 0.252705
0.9, 0.252418, 0.23, 0.77, 0.247363
0.9, 0.242148, 0.23, 0.77, 0.242725
0.9, 0.254843, 0.23, 0.77, 0.251832
0.9, 0.255409, 0.23, 0.77, 0.251111
0.9, 0.24868, 0.23, 0.77, 0.249191
0.9, 0.256223, 0.23, 0.77, 0.25327
0.9, 0.248744, 0.23, 0.77, 0.248497
0.9, 0.239315, 0.23, 0.77, 0.243038
0.9, 0.247551, 0.23, 0.77, 0.246509
0.9, 0.247871, 0.23, 0.77, 0.247392
0.9, 0.248927, 0.23, 0.77, 0.248457
0.9, 0.245813, 0.23, 0.77, 0.251308
0.9, 0.248009, 0.23, 0.77, 0.247328
0.9, 0.246727, 0.23, 0.77, 0.246288
0.9, 0.240521, 0.23, 0.77, 0.245248
0.9, 0.249036, 0.23, 0.77, 0.246108
0.9, 0.239758, 0.23, 0.77, 0.243188
0.9, 0.251355, 0.23, 0.77, 0.25
0.9, 0.249813, 0.23, 0.77, 0.249332
0.9, 0.246788, 0.23, 0.77, 0.249986
0.9, 0.258626, 0.23, 0.77, 0.255972
0.9, 0.267114, 0.24, 0.76, 0.26522
0.9, 0.256183, 0.24, 0.76, 0.256656
0.9, 0.260316, 0.24, 0.76, 0.258415
0.9, 0.258659, 0.24, 0.76, 0.261331
0.9, 0.265058, 0.24, 0.76, 0.25871
0.9, 0.258694, 0.24, 0.76, 0.258723
0.9, 0.260723, 0.24, 0.76, 0.263161
0.9, 0.257633, 0.24, 0.76, 0.257235
0.9, 0.249898, 0.24, 0.76, 0.251985
0.9, 0.253241, 0.24, 0.76, 0.252794
0.9, 0.263167, 0.24, 0.76, 0.260351
0.9, 0.262698, 0.24, 0.76, 0.264001
0.9, 0.256966, 0.24, 0.76, 0.253981
0.9, 0.256801, 0.24, 0.76, 0.256373
0.9, 0.271046, 0.24, 0.76, 0.267869
0.9, 0.25928, 0.24, 0.76, 0.259396
0.9, 0.254532, 0.24, 0.76, 0.252016
0.9, 0.266082, 0.24, 0.76, 0.265079
0.9, 0.25968, 0.24, 0.76, 0.259214
0.9, 0.257791, 0.24, 0.76, 0.260242
0.9, 0.257764, 0.24, 0.76, 0.262045
0.9, 0.258416, 0.24, 0.76, 0.258353
0.9, 0.255189, 0.24, 0.76, 0.260065
0.9, 0.268486, 0.24, 0.76, 0.262746
0.9, 0.255071, 0.24, 0.76, 0.256259
0.9, 0.270422, 0.25, 0.75, 0.27333
0.9, 0.278023, 0.25, 0.75, 0.274536
0.9, 0.275965, 0.25, 0.75, 0.273522
0.9, 0.276444, 0.25, 0.75, 0.2762
0.9, 0.264873, 0.25, 0.75, 0.269288
0.9, 0.259172, 0.25, 0.75, 0.263155
0.9, 0.276833, 0.25, 0.75, 0.269035
0.9, 0.269396, 0.25, 0.75, 0.269008
0.9, 0.269647, 0.25, 0.75, 0.267989
0.9, 0.271927, 0.25, 0.75, 0.273549
0.9, 0.27093, 0.25, 0.75, 0.267597
0.9, 0.277476, 0.25, 0.75, 0.272691
0.9, 0.267214, 0.25, 0.75, 0.268888
0.9, 0.274396, 0.25, 0.75, 0.273117
0.9, 0.271432, 0.25, 0.75, 0.268051
0.9, 0.277688, 0.25, 0.75, 0.273904
0.9, 0.260285, 0.25, 0.75, 0.267261
0.9, 0.281096, 0.25, 0.75, 0.275758
0.9, 0.269645, 0.25, 0.75, 0.270161
0.9, 0.277837, 0.25, 0.75, 0.27116
0.9, 0.277849, 0.25, 0.75, 0.275101
0.9, 0.259143, 0.25, 0.75, 0.265934
0.9, 0.276604, 0.25, 0.75, 0.273269
0.9, 0.275936, 0.25, 0.75, 0.275237
0.9, 0.270146, 0.25, 0.75, 0.268521
0.9, 0.277711, 0.26, 0.74, 0.277506
0.9, 0.281296, 0.26, 0.74, 0.284753
0.9, 0.279546, 0.26, 0.74, 0.281441
0.9, 0.284773, 0.26, 0.74, 0.283517
0.9, 0.294369, 0.26, 0.74, 0.296597
0.9, 0.280594, 0.26, 0.74, 0.279696
0.9, 0.275593, 0.26, 0.74, 0.274748
0.9, 0.288856, 0.26, 0.74, 0.284581
0.9, 0.275953, 0.26, 0.74, 0.278974
0.9, 0.28352, 0.26, 0.74, 0.282135
0.9, 0.285378, 0.26, 0.74, 0.284414
0.9, 0.281018, 0.26, 0.74, 0.284139
0.9, 0.280805, 0.26, 0.74, 0.282372
0.9, 0.279719, 0.26, 0.74, 0.281264
0.9, 0.285781, 0.26, 0.74, 0.286123
0.9, 0.279317, 0.26, 0.74, 0.280394
0.9, 0.28728, 0.26, 0.74, 0.280483
0.9, 0.279661, 0.26, 0.74, 0.282976
0.9, 0.286448, 0.26, 0.74, 0.286683
0.9, 0.273299, 0.26, 0.74, 0.275774
0.9, 0.287003, 0.26, 0.74, 0.284597
0.9, 0.277471, 0.26, 0.74, 0.280988
0.9, 0.285901, 0.26, 0.74, 0.282024
0.9, 0.286586, 0.26, 0.74, 0.285228
0.9, 0.281247, 0.26, 0.74, 0.28377
0.9, 0.301049, 0.27, 0.73, 0.298639
0.9, 0.303043, 0.27, 0.73, 0.298408
0.9, 0.294334, 0.27, 0.73, 0.29793
0.9, 0.300068, 0.27, 0.73, 0.299917
0.9, 0.291813, 0.27, 0.73, 0.291068
0.9, 0.297971, 0.27, 0.73, 0.29176
0.9, 0.286354, 0.27, 0.73, 0.288888
0.9, 0.294324, 0.27, 0.73, 0.292927
0.9, 0.295905, 0.27, 0.73, 0.298891
0.9, 0.299752, 0.27, 0.73, 0.29881
0.9, 0.30175, 0.27, 0.73, 0.293281
0.9, 0.291912, 0.27, 0.73, 0.293202
0.9, 0.293344, 0.27, 0.73, 0.296197
0.9, 0.303254, 0.27, 0.73, 0.302042
0.9, 0.302778, 0.27, 0.73, 0.300789
0.9, 0.296615, 0.27, 0.73, 0.294539
0.9, 0.301615, 0.27, 0.73, 0.299698
0.9, 0.306002, 0.27, 0.73, 0.302187
0.9, 0.292927, 0.27, 0.73, 0.291414
0.9, 0.298369, 0.27, 0.73, 0.295268
0.9, 0.302132, 0.27, 0.73, 0.301649
0.9, 0.296196, 0.27, 0.73, 0.292132
0.9, 0.293487, 0.27, 0.73, 0.295041
0.9, 0.295636, 0.27, 0.73, 0.294954
0.9, 0.286375, 0.27, 0.73, 0.289808
0.9, 0.312496, 0.28, 0.72, 0.306514
0.9, 0.305764, 0.28, 0.72, 0.308712
0.9, 0.314849, 0.28, 0.72, 0.314158
0.9, 0.308165, 0.28, 0.72, 0.306653
0.9, 0.297799, 0.28, 0.72, 0.303735
0.9, 0.297045, 0.28, 0.72, 0.304574
0.9, 0.319398, 0.28, 0.72, 0.318762
0.9, 0.314831, 0.28, 0.72, 0.317621
0.9, 0.308483, 0.28, 0.72, 0.308872
0.9, 0.309638, 0.28, 0.72, 0.30801
0.9, 0.308711, 0.28, 0.72, 0.310983
0.9, 0.316291, 0.28, 0.72, 0.317524
0.9, 0.300166, 0.28, 0.72, 0.30343
0.9, 0.298862, 0.28, 0.72, 0.300806
0.9, 0.300817, 0.28, 0.72, 0.30377
0.9, 0.308635, 0.28, 0.72, 0.311705
0.9, 0.304605, 0.28, 0.72, 0.305504
0.9, 0.311466, 0.28, 0.72, 0.306731
0.9, 0.311347, 0.28, 0.72, 0.306352
0.9, 0.311795, 0.28, 0.72, 0.314176
0.9, 0.314497, 0.28, 0.72, 0.308096
0.9, 0.313137, 0.28, 0.72, 0.310081
0.9, 0.304267, 0.28, 0.72, 0.307268
0.9, 0.308735, 0.28, 0.72, 0.31336
0.9, 0.317179, 0.28, 0.72, 0.315489
0.9, 0.324801, 0.29, 0.71, 0.32277
0.9, 0.318164, 0.29, 0.71, 0.315778
0.9, 0.324295, 0.29, 0.71, 0.321712
0.9, 0.319064, 0.29, 0.71, 0.321702
0.9, 0.320567, 0.29, 0.71, 0.324259
0.9, 0.327801, 0.29, 0.71, 0.328219
0.9, 0.323629, 0.29, 0.71, 0.322384
0.9, 0.326333, 0.29, 0.71, 0.321084
0.9, 0.329127, 0.29, 0.71, 0.328525
0.9, 0.32665, 0.29, 0.71, 0.326325
0.9, 0.319869, 0.29, 0.71, 0.319633
0.9, 0.322676, 0.29, 0.71, 0.31603
0.9, 0.32621, 0.29, 0.71, 0.323256
0.9, 0.315495, 0.29, 0.71, 0.317193
0.9, 0.320306, 0.29, 0.71, 0.323024
0.9, 0.319243, 0.29, 0.71, 0.318228
0.9, 0.321923, 0.29, 0.71, 0.319412
0.9, 0.325194, 0.29, 0.71, 0.324417
0.9, 0.323878, 0.29, 0.71, 0.321554
0.9, 0.32304, 0.29, 0.71, 0.317473
0.9, 0.32632, 0.29, 0.71, 0.323107
0.9, 0.32249, 0.29, 0.71, 0.322063
0.9, 0.315982, 0.29, 0.71, 0.318205
0.9, 0.316567, 0.29, 0.71, 0.318192
0.9, 0.321372, 0.29, 0.71, 0.32381
0.9, 0.331102, 0.3, 0.7, 0.333352
0.9, 0.325869, 0.3, 0.7, 0.332017
0.9, 0.343374, 0.3, 0.7, 0.334997
0.9, 0.340273, 0.3, 0.7, 0.337304
0.9, 0.344745, 0.3, 0.7, 0.33818
0.9, 0.330274, 0.3, 0.7, 0.333315
0.9, 0.338672, 0.3, 0.7, 0.329932
0.9, 0.325299, 0.3, 0.7, 0.327783
0.9, 0.335127, 0.3, 0.7, 0.332752
0.9, 0.332869, 0.3, 0.7, 0.331695
0.9, 0.342028, 0.3, 0.7, 0.337371
0.9, 0.330624, 0.3, 0.7, 0.337028
0.9, 0.337183, 0.3, 0.7, 0.336815
0.9, 0.337514, 0.3, 0.7, 0.336794
0.9, 0.337726, 0.3, 0.7, 0.338186
0.9, 0.330835, 0.3, 0.7, 0.330868
0.9, 0.332877, 0.3, 0.7, 0.332539
0.9, 0.341149, 0.3, 0.7, 0.337565
0.9, 0.339521, 0.3, 0.7, 0.338803
0.9, 0.342577, 0.3, 0.7, 0.34163
0.9, 0.329396, 0.3, 0.7, 0.332041
0.9, 0.336647, 0.3, 0.7, 0.338196
0.9, 0.341245, 0.3, 0.7, 0.34061
0.9, 0.336257, 0.3, 0.7, 0.334312
0.9, 0.335427, 0.3, 0.7, 0.331002
0.95, 0.16013, 0.15, 0.85, 0.160358
0.95, 0.150959, 0.15, 0.85, 0.155591
0.95, 0.153453, 0.15, 0.85, 0.155378
0.95, 0.154879, 0.15, 0.85, 0.157098
0.95, 0.154802, 0.15, 0.85, 0.157584
0.95, 0.157184, 0.15, 0.85, 0.162812
0.95, 0.153669, 0.15, 0.85, 0.154573
0.95, 0.156368, 0.15, 0.85, 0.152143
0.95, 0.159196, 0.15, 0.85, 0.160746
0.95, 0.165307, 0.15, 0.85, 0.161227
0.95, 0.156699, 0.15, 0.85, 0.158138
0.95, 0.156185, 0.15, 0.85, 0.157287
0.95, 0.153752, 0.15, 0.85, 0.15672
0.95, 0.155839, 0.15, 0.85, 0.155575
0.95, 0.153705, 0.15, 0.85, 0.154304
0.95, 0.158125, 0.15, 0.85, 0.158878
0.95, 0.15019, 0.15, 0.85, 0.154412
0.95, 0.154065, 0.15, 0.85, 0.15613
0.95, 0.161686, 0.15, 0.85, 0.157003
0.95, 0.151792, 0.15, 0.85, 0.156061
0.95, 0.15705, 0.15, 0.85, 0.155343
0.95, 0.153886, 0.15, 0.85, 0.157771
0.95, 0.158228, 0.15, 0.85, 0.154043
0.95, 0.153679, 0.15, 0.85, 0.154071
0.95, 0.154658, 0.15, 0.85, 0.159233
0.95, 0.17174, 0.16, 0.84, 0.17059
0.95, 0.159621, 0.16, 0.84, 0.166275
0.95, 0.171758, 0.16, 0.84, 0.169316
0.95, 0.169632, 0.16, 0.84, 0.169884
0.95, 0.168212, 0.16, 0.84, 0.166818
0.95, 0.169913, 0.16, 0.84, 0.16693
0.95, 0.174387, 0.16, 0.84, 0.171396
0.95, 0.171053, 0.16, 0.84, 0.170738
0.95, 0.169121, 0.16, 0.84, 0.16905
0.95, 0.162014, 0.16, 0.84, 0.16625
0.95, 0.168371, 0.16, 0.84, 0.166595
0.95, 0.165862, 0.16, 0.84, 0.167994
0.95, 0.171962, 0.16, 0.84, 0.167998
0.95, 0.169801, 0.16, 0.84, 0.169798
0.95, 0.165387, 0.16, 0.84, 0.17077
0.95, 0.17232, 0.16, 0.84, 0.169162
0.95, 0.171495, 0.16, 0.84, 0.168164
0.95, 0.166225, 0.16, 0.84, 0.166614
0.95, 0.169899, 0.16, 0.84, 0.16877
0.95, 0.167608, 0.16, 0.84, 0.170179
0.95, 0.170343, 0.16, 0.84, 0.16988
0.95, 0.170534, 0.16, 0.84, 0.171357
0.95, 0.163642, 0.16, 0.84, 0.163871
0.95, 0.171281, 0.16, 0.84, 0.169587
0.95, 0.174252, 0.16, 0.84, 0.174595
0.95, 0.17073, 0.17, 0.83, 0.180262
0.95, 0.185305, 0.17, 0.83, 0.184608
0.95, 0.177305, 0.17, 0.83, 0.177488
0.95, 0.180779, 0.17, 0.83, 0.181164
0.95, 0.175125, 0.17, 0.83, 0.17981
0.95, 0.177444, 0.17, 0.83, 0.177513
0.95, 0.179339, 0.17, 0.83, 0.179811
0.95, 0.184291, 0.17, 0.83, 0.181586
0.95, 0.184965, 0.17, 0.83, 0.185356
0.95, 0.176801, 0.17, 0.83, 0.179793
0.95, 0.181292, 0.17, 0.83, 0.177607
0.95, 0.180975, 0.17, 0.83, 0.176618
0.95, 0.179733, 0.17, 0.83, 0.179776
0.95, 0.175178, 0.17, 0.83, 0.174346
0.95, 0.170577, 0.17, 0.83, 0.176527
0.95, 0.173722, 0.17, 0.83, 0.177268
0.95, 0.188919, 0.17, 0.83, 0.184382
0.95, 0.185334, 0.17, 0.83, 0.185179
0.95, 0.173496, 0.17, 0.83, 0.174914
0.95, 0.175797, 0.17, 0.83, 0.179493
0.95, 0.184704, 0.17, 0.83, 0.183005
0.95, 0.175438, 0.17, 0.83, 0.178564
0.95, 0.177337, 0.17, 0.83, 0.177518
0.95, 0.184093, 0.17, 0.83, 0.183056
0.95, 0.178462, 0.17, 0.83, 0.176367
0.95, 0.188223, 0.18, 0.82, 0.194068
0.95, 0.186438, 0.18, 0.82, 0.192856
0.95, 0.193006, 0.18, 0.82, 0.192329
0.95, 0.191917, 0.18, 0.82, 0.19162
0.95, 0.193837, 0.18, 0.82, 0.190553
0.95, 0.190957, 0.18, 0.82, 0.185302
0.95, 0.193538, 0.18, 0.82, 0.194971
0.95, 0.195214, 0.18, 0.82, 0.193002
0.95, 0.19269, 0.18, 0.82, 0.192628
0.95, 0.191978, 0.18, 0.82, 0.191796
0.95, 0.186286, 0.18, 0.82, 0.188087
0.95, 0.187861, 0.18, 0.82, 0.189703
0.95, 0.193314, 0.18, 0.82, 0.195947
0.95, 0.188554, 0.18, 0.82, 0.193122
0.95, 0.193811, 0.18, 0.82, 0.195525
0.95, 0.195761, 0.18, 0.82, 0.196036
0.95, 0.194968, 0.18, 0.82, 0.189678
0.95, 0.196649, 0.18, 0.82, 0.19301
0.95, 0.190308, 0.18, 0.82, 0.192295
0.95, 0.195055, 0.18, 0.82, 0.193256
0.95, 0.194194, 0.18, 0.82, 0.194635
0.95, 0.188578, 0.18, 0.82, 0.189975
0.95, 0.184086, 0.18, 0.82, 0.187249
0.95, 0.197248, 0.18, 0.82, 0.196896
0.95, 0.191725, 0.18, 0.82, 0.192536
0.95, 0.203686, 0.19, 0.81, 0.20042
0.95, 0.20007, 0.19, 0.81, 0.202106
0.95, 0.201358, 0.19, 0.81, 0.202011
0.95, 0.206087, 0.19, 0.81, 0.20965
0.95, 0.204506, 0.19, 0.81, 0.200213
0.95, 0.199809, 0.19, 0.81, 0.199783
0.95, 0.203805, 0.19, 0.81, 0.200522
0.95, 0.20111, 0.19, 0.81, 0.199286
0.95, 0.20347, 0.19, 0.81, 0.200541
0.95, 0.204128, 0.19, 0.81, 0.201562
0.95, 0.206429, 0.19, 0.81, 0.202708
0.95, 0.199037, 0.19, 0.81, 0.200429
0.95, 0.205727, 0.19, 0.81, 0.203211
0.95, 0.20118, 0.19, 0.81, 0.202947
0.95, 0.204932, 0.19, 0.81, 0.201288
0.95, 0.195348, 0.19, 0.81, 0.197521
0.95, 0.205199, 0.19, 0.81, 0.20982
0.95, 0.198448, 0.19, 0.81, 0.202587
0.95, 0.204351, 0.19, 0.81, 0.204767
0.95, 0.200793, 0.19, 0.81, 0.200732
0.95, 0.199807, 0.19, 0.81, 0.200856
0.95, 0.199043, 0.19, 0.81, 0.198636
0.95, 0.202691, 0.19, 0.81, 0.205371
0.95, 0.206057, 0.19, 0.81, 0.202674
0.95, 0.203139, 0.19, 0.81, 0.204743
0.95, 0.21301, 0.2, 0.8, 0.213207
0.95, 0.209144, 0.2, 0.8, 0.207984
0.95, 0.222112, 0.2, 0.8, 0.217118
0.95, 0.209184, 0.2, 0.8, 0.213273
0.95, 0.218311, 0.2, 0.8, 0.218755
0.95, 0.215682, 0.2, 0.8, 0.216765
0.95, 0.219291, 0.2, 0.8, 0.213417
0.95, 0.215066, 0.2, 0.8, 0.21451
0.95, 0.22315, 0.2, 0.8, 0.221146
0.95, 0.21995, 0.2, 0.8, 0.217761
0.95, 0.212874, 0.2, 0.8, 0.212752
0.95, 0.217348, 0.2, 0.8, 0.215963
0.95, 0.214524, 0.2, 0.8, 0.21419
0.95, 0.223745, 0.2, 0.8, 0.218578
0.95, 0.204832, 0.2, 0.8, 0.209888
0.95, 0.215781, 0.2, 0.8, 0.212904
0.95, 0.210666, 0.2, 0.8, 0.210245
0.95, 0.21093, 0.2, 0.8, 0.211737
0.95, 0.205742, 0.2, 0.8, 0.212448
0.95, 0.209786, 0.2, 0.8, 0.213043
0.95, 0.212478, 0.2, 0.8, 0.214542
0.95, 0.210774, 0.2, 0.8, 0.211305
0.95, 0.21019, 0.2, 0.8, 0.213055
0.95, 0.219832, 0.2, 0.8, 0.213152
0.95, 0.215426, 0.2, 0.8, 0.210004
0.95, 0.221055, 0.21, 0.79, 0.225674
0.95, 0.224447, 0.21, 0.79, 0.225007
0.95, 0.225411, 0.21, 0.79, 0.230845
0.95, 0.227352, 0.21, 0.79, 0.228325
0.95, 0.221455, 0.21, 0.79, 0.221
0.95, 0.226083, 0.21, 0.79, 0.224569
0.95, 0.228295, 0.21, 0.79, 0.226086
0.95, 0.223486, 0.21, 0.79, 0.222296
0.95, 0.230886, 0.21, 0.79, 0.227821
0.95, 0.226618, 0.21, 0.79, 0.225471
0.95, 0.228603, 0.21, 0.79, 0.231216
0.95, 0.222916, 0.21, 0.79, 0.2242
0.95, 0.230775, 0.21, 0.79, 0.227265
0.95, 0.222877, 0.21, 0.79, 0.226668
0.95, 0.230284, 0.21, 0.79, 0.231233
0.95, 0.226194, 0.21, 0.79, 0.230143
0.95, 0.226094, 0.21, 0.79, 0.223291
0.95, 0.222107, 0.21, 0.79, 0.222858
0.95, 0.22691, 0.21, 0.79, 0.225938
0.95, 0.224688, 0.21, 0.79, 0.226709
0.95, 0.226854, 0.21, 0.79, 0.22482
0.95, 0.219732, 0.21, 0.79, 0.223778
0.95, 0.222203, 0.21, 0.79, 0.2227
0.95, 0.22618, 0.21, 0.79, 0.226858
0.95, 0.21674, 0.21, 0.79, 0.220337
0.95, 0.238988, 0.22, 0.78, 0.239823
0.95, 0.234952, 0.22, 0.78, 0.235743
0.95, 0.229108, 0.22, 0.78, 0.229468
0.95, 0.236802, 0.22, 0.78, 0.237372
0.95, 0.236221, 0.22, 0.78, 0.236146
0.95, 0.236341, 0.22, 0.78, 0.236993
0.95, 0.228921, 0.22, 0.78, 0.231385
0.95, 0.241542, 0.22, 0.78, 0.241605
0.95, 0.239451, 0.22, 0.78, 0.239406
0.95, 0.244735, 0.22, 0.78, 0.243283
0.95, 0.236267, 0.22, 0.78, 0.237621
0.95, 0.238672, 0.22, 0.78, 0.246653
0.95, 0.236047, 0.22, 0.78, 0.235495
0.95, 0.235431, 0.22, 0.78, 0.238684
0.95, 0.235063, 0.22, 0.78, 0.236242
0.95, 0.244858, 0.22, 0.78, 0.244484
0.95, 0.240435, 0.22, 0.78, 0.237058
0.95, 0.236574, 0.22, 0.78, 0.238781
0.95, 0.244066, 0.22, 0.78, 0.239747
0.95, 0.240611, 0.22, 0.78, 0.243104
0.95, 0.243639, 0.22, 0.78, 0.237408
0.95, 0.24171, 0.22, 0.78, 0.240841
0.95, 0.239821, 0.22, 0.78, 0.236604
0.95, 0.250315, 0.22, 0.78, 0.246064
0.95, 0.23469, 0.22, 0.78, 0.236446
0.95, 0.243417, 0.23, 0.77, 0.243264
0.95, 0.255677, 0.23, 0.77, 0.251594
0.95, 0.246834, 0.23, 0.77, 0.247937
0.95, 0.257355, 0.23, 0.77, 0.251821
0.95, 0.249842, 0.23, 0.77, 0.251301
0.95, 0.247528, 0.23, 0.77, 0.246822
0.95, 0.253005, 0.23, 0.77, 0.253432
0.95, 0.246285, 0.23, 0.77, 0.246173
0.95, 0.255867, 0.23, 0.77, 0.253327
0.95, 0.261867, 0.23, 0.77, 0.25647
0.95, 0.248293, 0.23, 0.77, 0.247706
0.95, 0.246429, 0.23, 0.77, 0.249891
0.95, 0.248608, 0.23, 0.77, 0.249262
0.95, 0.24981, 0.23, 0.77, 0.24559
0.95, 0.259613, 0.23, 0.77, 0.253622
0.95, 0.25478, 0.23, 0.77, 0.256093
0.95, 0.243378, 0.23, 0.77, 0.247622
0.95, 0.247799, 0.23, 0.77, 0.248555
0.95, 0.258482, 0.23, 0.77, 0.252036
0.95, 0.253295, 0.23, 0.77, 0.25321
0.95, 0.245734, 0.23, 0.77, 0.246134
0.95, 0.251595, 0.23, 0.77, 0.254785
0.95, 0.248826, 0.23, 0.77, 0.247696
0.95, 0.249471, 0.23, 0.77, 0.258245
0.95, 0.259535, 0.23, 0.77, 0.253774
0.95, 0.257843, 0.24, 0.76, 0.255278
0.95, 0.255094, 0.24, 0.76, 0.259816
0.95, 0.26978, 0.24, 0.76, 0.268767
0.95, 0.267971, 0.24, 0.76, 0.261372
0.95, 0.256377, 0.24, 0.76, 0.258206
0.95, 0.264613, 0.24, 0.76, 0.265433
0.95, 0.261811, 0.24, 0.76, 0.258318
0.95, 0.252407, 0.24, 0.76, 0.254246
0.95, 0.265064, 0.24, 0.76, 0.261885
0.95, 0.259752, 0.24, 0.76, 0.264086
0.95, 0.264581, 0.24, 0.76, 0.263327
0.95, 0.255666, 0.24, 0.76, 0.256788
0.95, 0.267165, 0.24, 0.76, 0.264102
0.95, 0.26041, 0.24, 0.76, 0.256232
0.95, 0.266136, 0.24, 0.76, 0.267003
0.95, 0.265977, 0.24, 0.76, 0.270049
0.95, 0.262267, 0.24, 0.76, 0.257958
0.95, 0.258123, 0.24, 0.76, 0.25922
0.95, 0.261476, 0.24, 0.76, 0.263451
0.95, 0.260692, 0.24, 0.76, 0.260687
0.95, 0.260682, 0.24, 0.76, 0.261017
0.95, 0.261924, 0.24, 0.76, 0.259424
0.95, 0.263536, 0.24, 0.76, 0.261028
0.95, 0.265664, 0.24, 0.76, 0.264982
0.95, 0.251725, 0.24, 0.76, 0.253852
0.95, 0.277587, 0.25, 0.75, 0.27874
0.95, 0.270631, 0.25, 0.75, 0.26979
0.95, 0.261951, 0.25, 0.75, 0.264057
0.95, 0.271144, 0.25, 0.75, 0.275964
0.95, 0.271717, 0.25, 0.75, 0.276784
0.95, 0.27843, 0.25, 0.75, 0.273874
0.95, 0.275199, 0.25, 0.75, 0.273563
0.95, 0.281467, 0.25, 0.75, 0.277017
0.95, 0.274243, 0.25, 0.75, 0.271447
0.95, 0.284163, 0.25, 0.75, 0.280472
0.95, 0.275996, 0.25, 0.75, 0.278999
0.95, 0.27693, 0.25, 0.75, 0.27582
0.95, 0.278803, 0.25, 0.75, 0.276072
0.95, 0.282313, 0.25, 0.75, 0.276736
0.95, 0.280132, 0.25, 0.75, 0.275689
0.95, 0.270893, 0.25, 0.75, 0.274328
0.95, 0.268381, 0.25, 0.75, 0.26977
0.95, 0.276396, 0.25, 0.75, 0.280863
0.95, 0.27508, 0.25, 0.75, 0.274714
0.95, 0.285343, 0.25, 0.75, 0.278291
0.95, 0.273395, 0.25, 0.75, 0.268401
0.95, 0.273027, 0.25, 0.75, 0.275299
0.95, 0.282562, 0.25, 0.75, 0.276827
0.95, 0.271173, 0.25, 0.75, 0.270001
0.95, 0.276065, 0.25, 0.75, 0.274766
0.95, 0.291841, 0.26, 0.74, 0.289157
0.95, 0.282834, 0.26, 0.74, 0.282765
0.95, 0.290222, 0.26, 0.74, 0.291988
0.95, 0.294658, 0.26, 0.74, 0.288824
0.95, 0.28399, 0.26, 0.74, 0.28755
0.95, 0.282465, 0.26, 0.74, 0.288124
0.95, 0.281923, 0.26, 0.74, 0.284132
0.95, 0.289186, 0.26, 0.74, 0.286115
0.95, 0.276785, 0.26, 0.74, 0.279347
0.95, 0.287643, 0.26, 0.74, 0.284164
0.95, 0.281127, 0.26, 0.74, 0.282901
0.95, 0.290887, 0.26, 0.74, 0.291009
0.95, 0.298703, 0.26, 0.74, 0.2925
0.95, 0.289526, 0.26, 0.74, 0.285547
0.95, 0.286273, 0.26, 0.74, 0.286062
0.95, 0.281412, 0.26, 0.74, 0.283304
0.95, 0.276424, 0.26, 0.74, 0.284054
0.95, 0.288803, 0.26, 0.74, 0.289844
0.95, 0.297735, 0.26, 0.74, 0.294434
0.95, 0.288982, 0.26, 0.74, 0.287369
0.95, 0.288377, 0.26, 0.74, 0.283813
0.95, 0.290456, 0.26, 0.74, 0.287567
0.95, 0.29002, 0.26, 0.74, 0.282928
0.95, 0.284526, 0.26, 0.74, 0.286869
0.95, 0.287532, 0.26, 0.74, 0.286814
0.95, 0.300658, 0.27, 0.73, 0.303545
0.95, 0.299586, 0.27, 0.73, 0.300174
0.95, 0.297172, 0.27, 0.73, 0.298257
0.95, 0.292155, 0.27, 0.73, 0.296989
0.95, 0.299009, 0.27, 0.73, 0.297019
0.95, 0.294674, 0.27, 0.73, 0.295738
0.95, 0.297076, 0.27, 0.73, 0.298101
0.95, 0.300386, 0.27, 0.73, 0.303162
0.95, 0.30836, 0.27, 0.73, 0.310179
0.95, 0.301803, 0.27, 0.73, 0.297795
0.95, 0.298042, 0.27, 0.73, 0.301462
0.95, 0.299361, 0.27, 0.73, 0.299911
0.95, 0.290858, 0.27, 0.73, 0.295321
0.95, 0.306774, 0.27, 0.73, 0.30187
0.95, 0.302894, 0.27, 0.73, 0.302311
0.95, 0.297396, 0.27, 0.73, 0.298349
0.95, 0.30024, 0.27, 0.73, 0.298309
0.95, 0.296063, 0.27, 0.73, 0.30005
0.95, 0.301329, 0.27, 0.73, 0.30094
0.95, 0.305307, 0.27, 0.73, 0.303275
0.95, 0.307052, 0.27, 0.73, 0.301849
0.95, 0.300936, 0.27, 0.73, 0.296416
0.95, 0.296347, 0.27, 0.73, 0.297213
0.95, 0.302432, 0.27, 0.73, 0.297313
0.95, 0.290831, 0.27, 0.73, 0.291465
0.95, 0.30498, 0.28, 0.72, 0.305921
0.95, 0.309357, 0.28, 0.72, 0.308324
0.95, 0.307689, 0.28, 0.72, 0.305196
0.95, 0.32028, 0.28, 0.72, 0.314252
0.95, 0.315604, 0.28, 0.72, 0.313049
0.95, 0.322845, 0.28, 0.72, 0.31998
0.95, 0.31212, 0.28, 0.72, 0.313321
0.95, 0.310489, 0.28, 0.72, 0.309262
0.95, 0.309894, 0.28, 0.72, 0.313213
0.95, 0.307463, 0.28, 0.72, 0.311258
0.95, 0.302375, 0.28, 0.72, 0.306328
0.95, 0.313624, 0.28, 0.72, 0.315674
0.95, 0.309245, 0.28, 0.72, 0.308725
0.95, 0.316994, 0.28, 0.72, 0.317591
0.95, 0.31331, 0.28, 0.72, 0.308825
0.95, 0.314788, 0.28, 0.72, 0.316366
0.95, 0.314414, 0.28, 0.72, 0.313084
0.95, 0.312899, 0.28, 0.72, 0.314857
0.95, 0.320169, 0.28, 0.72, 0.315646
0.95, 0.297805, 0.28, 0.72, 0.304431
0.95, 0.313887, 0.28, 0.72, 0.310619
0.95, 0.312439, 0.28, 0.72, 0.311104
0.95, 0.308906, 0.28, 0.72, 0.310955
0.95, 0.313871, 0.28, 0.72, 0.311184
0.95, 0.308077, 0.28, 0.72, 0.310156
0.95, 0.326317, 0.29, 0.71, 0.326686
0.95, 0.328433, 0.29, 0.71, 0.326213
0.95, 0.333614, 0.29, 0.71, 0.324364
0.95, 0.325587, 0.29, 0.71, 0.322278
0.95, 0.320967, 0.29, 0.71, 0.324931
0.95, 0.321311, 0.29, 0.71, 0.326117
0.95, 0.319095, 0.29, 0.71, 0.320403
0.95, 0.322163, 0.29, 0.71, 0.324458
0.95, 0.32016, 0.29, 0.71, 0.319077
0.95, 0.317256, 0.29, 0.71, 0.318601
0.95, 0.323815, 0.29, 0.71, 0.321526
0.95, 0.32097, 0.29, 0.71, 0.320281
0.95, 0.330314, 0.29, 0.71, 0.323584
0.95, 0.321993, 0.29, 0.71, 0.31919
0.95, 0.323908, 0.29, 0.71, 0.322154
0.95, 0.317477, 0.29, 0.71, 0.320311
0.95, 0.31996, 0.29, 0.71, 0.318321
0.95, 0.32013, 0.29, 0.71, 0.315772
0.95, 0.326467, 0.29, 0.71, 0.328087
0.95, 0.326948, 0.29, 0.71, 0.330616
0.95, 0.317012, 0.29, 0.71, 0.318167
0.95, 0.33474, 0.29, 0.71, 0.324741
0.95, 0.314767, 0.29, 0.71, 0.319435
0.95, 0.322924, 0.29, 0.71, 0.321552
0.95, 0.3368, 0.29, 0.71, 0.326877
0.95, 0.342583, 0.3, 0.7, 0.338358
0.95, 0.332526, 0.3, 0.7, 0.333315
0.95, 0.347702, 0.3, 0.7, 0.343907
0.95, 0.347097, 0.3, 0.7, 0.34014
0.95, 0.335037, 0.3, 0.7, 0.33203
0.95, 0.341254, 0.3, 0.7, 0.339672
0.95, 0.333419, 0.3, 0.7, 0.337133
0.95, 0.33855, 0.3, 0.7, 0.335264
0.95, 0.341727, 0.3, 0.7, 0.33722
0.95, 0.331301, 0.3, 0.7, 0.33393
0.95, 0.334144, 0.3, 0.7, 0.331694
0.95, 0.332636, 0.3, 0.7, 0.333825
0.95, 0.336308, 0.3, 0.7, 0.336386
0.95, 0.336929, 0.3, 0.7, 0.336841
0.95, 0.348381, 0.3, 0.7, 0.339127
0.95, 0.352887, 0.3, 0.7, 0.344047
0.95, 0.333257, 0.3, 0.7, 0.331391
0.95, 0.339038, 0.3, 0.7, 0.339629
0.95, 0.342812, 0.3, 0.7, 0.338879
0.95, 0.33834, 0.3, 0.7, 0.333277
0.95, 0.335505, 0.3, 0.7, 0.337161
0.95, 0.352559, 0.3, 0.7, 0.342634
0.95, 0.339559, 0.3, 0.7, 0.337976
0.95, 0.337773, 0.3, 0.7, 0.335082
0.95, 0.335106, 0.3, 0.7, 0.333426
1, 0.166573, 0.15, 0.85, 0.165981
1, 0.148318, 0.15, 0.85, 0.155678
1, 0.15982, 0.15, 0.85, 0.161273
1, 0.154617, 0.15, 0.85, 0.158379
1, 0.153864, 0.15, 0.85, 0.157196
1, 0.164701, 0.15, 0.85, 0.164174
1, 0.16131, 0.15, 0.85, 0.162152
1, 0.161926, 0.15, 0.85, 0.163599
1, 0.153122, 0.15, 0.85, 0.157019
1, 0.161745, 0.15, 0.85, 0.161039
1, 0.154136, 0.15, 0.85, 0.155037
1, 0.166027, 0.15, 0.85, 0.161358
1, 0.154342, 0.15, 0.85, 0.157544
1, 0.164612, 0.15, 0.85, 0.158579
1, 0.162102, 0.15, 0.85, 0.160032
1, 0.153927, 0.15, 0.85, 0.155909
1, 0.159809, 0.15, 0.85, 0.15982
1, 0.149735, 0.15, 0.85, 0.153482
1, 0.157029, 0.15, 0.85, 0.157604
1, 0.157399, 0.15, 0.85, 0.159574
1, 0.160765, 0.15, 0.85, 0.160957
1, 0.155469, 0.15, 0.85, 0.156181
1, 0.16487, 0.15, 0.85, 0.164455
1, 0.165614, 0.15, 0.85, 0.164977
1, 0.160692, 0.15, 0.85, 0.159964
1, 0.167363, 0.16, 0.84, 0.17013
1, 0.171307, 0.16, 0.84, 0.171277
1, 0.169791, 0.16, 0.84, 0.170072
1, 0.168107, 0.16, 0.84, 0.168869
1, 0.168461, 0.16, 0.84, 0.166702
1, 0.171732, 0.16, 0.84, 0.171376
1, 0.175794, 0.16, 0.84, 0.171241
1, 0.17465, 0.16, 0.84, 0.17357
1, 0.174471, 0.16, 0.84, 0.172453
1, 0.172726, 0.16, 0.84, 0.172493
1, 0.179383, 0.16, 0.84, 0.176194
1, 0.168566, 0.16, 0.84, 0.173659
1, 0.168489, 0.16, 0.84, 0.168507
1, 0.168651, 0.16, 0.84, 0.16993
1, 0.171825, 0.16, 0.84, 0.173027
1, 0.171659, 0.16, 0.84, 0.171062
1, 0.165455, 0.16, 0.84, 0.169902
1, 0.164569, 0.16, 0.84, 0.169387
1, 0.176177, 0.16, 0.84, 0.174191
1, 0.168602, 0.16, 0.84, 0.171099
1, 0.176092, 0.16, 0.84, 0.175356
1, 0.168228, 0.16, 0.84, 0.166183
1, 0.173417, 0.16, 0.84, 0.173056
1, 0.172468, 0.16, 0.84, 0.172048
1, 0.166042, 0.16, 0.84, 0.170577
1, 0.183471, 0.17, 0.83, 0.182118
1, 0.179541, 0.17, 0.83, 0.180594
1, 0.18631, 0.17, 0.83, 0.18305
1, 0.176992, 0.17, 0.83, 0.175702
1, 0.17894, 0.17, 0.83, 0.180296
1, 0.18059, 0.17, 0.83, 0.184415
1, 0.179775, 0.17, 0.83, 0.181588
1, 0.187459, 0.17, 0.83, 0.186744
1, 0.180444, 0.17, 0.83, 0.182706
1, 0.185866, 0.17, 0.83, 0.1885
1, 0.179448, 0.17, 0.83, 0.1807
1, 0.178169, 0.17, 0.83, 0.182544
1, 0.191555, 0.17, 0.83, 0.1865
1, 0.189172, 0.17, 0.83, 0.186576
1, 0.182777, 0.17, 0.83, 0.182596
1, 0.178831, 0.17, 0.83, 0.180695
1, 0.191316, 0.17, 0.83, 0.184389
1, 0.174981, 0.17, 0.83, 0.18259
1, 0.18634, 0.17, 0.83, 0.182653
1, 0.179652, 0.17, 0.83, 0.180116
1, 0.178152, 0.17, 0.83, 0.17969
1, 0.188933, 0.17, 0.83, 0.185034
1, 0.177381, 0.17, 0.83, 0.18131
1, 0.181269, 0.17, 0.83, 0.182143
1, 0.193082, 0.17, 0.83, 0.18835
1, 0.191917, 0.18, 0.82, 0.193705
1, 0.192773, 0.18, 0.82, 0.190688
1, 0.191944, 0.18, 0.82, 0.190819
1, 0.191435, 0.18, 0.82, 0.189378
1, 0.189288, 0.18, 0.82, 0.190982
1, 0.198799, 0.18, 0.82, 0.19478
1, 0.194683, 0.18, 0.82, 0.192795
1, 0.193099, 0.18, 0.82, 0.19244
1, 0.192907, 0.18, 0.82, 0.192778
1, 0.197107, 0.18, 0.82, 0.196088
1, 0.198826, 0.18, 0.82, 0.19715
1, 0.19225, 0.18, 0.82, 0.195982
1, 0.188553, 0.18, 0.82, 0.189001
1, 0.194368, 0.18, 0.82, 0.192763
1, 0.191262, 0.18, 0.82, 0.193655
1, 0.196484, 0.18, 0.82, 0.197735
1, 0.188717, 0.18, 0.82, 0.191135
1, 0.197625, 0.18, 0.82, 0.194164
1, 0.191015, 0.18, 0.82, 0.191729
1, 0.192386, 0.18, 0.82, 0.194121
1, 0.192645, 0.18, 0.82, 0.191985
1, 0.191552, 0.18, 0.82, 0.19406
1, 0.191679, 0.18, 0.82, 0.190857
1, 0.198414, 0.18, 0.82, 0.196959
1, 0.201974, 0.18, 0.82, 0.199869
1, 0.202465, 0.19, 0.81, 0.204116
1, 0.212451, 0.19, 0.81, 0.209781
1, 0.203091, 0.19, 0.81, 0.210894
1, 0.214125, 0.19, 0.81, 0.214142
1, 0.201733, 0.19, 0.81, 0.200766
1, 0.198457, 0.19, 0.81, 0.204434
1, 0.197659, 0.19, 0.81, 0.20097
1, 0.211121, 0.19, 0.81, 0.206963
1, 0.204992, 0.19, 0.81, 0.203261
1, 0.203832, 0.19, 0.81, 0.20287
1, 0.203615, 0.19, 0.81, 0.201731
1, 0.209886, 0.19, 0.81, 0.209101
1, 0.210977, 0.19, 0.81, 0.214402
1, 0.203391, 0.19, 0.81, 0.207029
1, 0.20323, 0.19, 0.81, 0.201213
1, 0.200563, 0.19, 0.81, 0.203403
1, 0.206831, 0.19, 0.81, 0.200905
1, 0.206372, 0.19, 0.81, 0.20967
1, 0.209559, 0.19, 0.81, 0.20708
1, 0.204418, 0.19, 0.81, 0.204626
1, 0.203337, 0.19, 0.81, 0.203218
1, 0.206583, 0.19, 0.81, 0.206484
1, 0.197978, 0.19, 0.81, 0.200787
1, 0.203177, 0.19, 0.81, 0.209568
1, 0.210521, 0.19, 0.81, 0.208875
1, 0.221067, 0.2, 0.8, 0.223334
1, 0.222925, 0.2, 0.8, 0.218571
1, 0.211137, 0.2, 0.8, 0.212795
1, 0.21999, 0.2, 0.8, 0.221602
1, 0.221491, 0.2, 0.8, 0.222162
1, 0.219301, 0.2, 0.8, 0.21838
1, 0.217637, 0.2, 0.8, 0.215223
1, 0.215723, 0.2, 0.8, 0.215531
1, 0.216318, 0.2, 0.8, 0.216851
1, 0.221152, 0.2, 0.8, 0.216368
1, 0.208155, 0.2, 0.8, 0.213332
1, 0.221521, 0.2, 0.8, 0.2211
1, 0.219289, 0.2, 0.8, 0.221789
1, 0.220202, 0.2, 0.8, 0.218269
1, 0.214432, 0.2, 0.8, 0.215601
1, 0.208203, 0.2, 0.8, 0.215278
1, 0.215586, 0.2, 0.8, 0.21852
1, 0.213695, 0.2, 0.8, 0.214232
1, 0.212852, 0.2, 0.8, 0.215069
1, 0.210682, 0.2, 0.8, 0.212666
1, 0.215831, 0.2, 0.8, 0.21689
1, 0.211778, 0.2, 0.8, 0.216469
1, 0.222119, 0.2, 0.8, 0.220321
1, 0.216707, 0.2, 0.8, 0.2139
1, 0.219362, 0.2, 0.8, 0.216133
1, 0.228708, 0.21, 0.79, 0.223028
1, 0.227041, 0.21, 0.79, 0.230147
1, 0.230203, 0.21, 0.79, 0.231336
1, 0.236564, 0.21, 0.79, 0.235767
1, 0.227964, 0.21, 0.79, 0.229145
1, 0.228474, 0.21, 0.79, 0.229485
1, 0.237244, 0.21, 0.79, 0.233832
1, 0.227187, 0.21, 0.79, 0.22613
1, 0.223374, 0.21, 0.79, 0.228019
1, 0.22721, 0.21, 0.79, 0.230143
1, 0.228786, 0.21, 0.79, 0.22814
1, 0.227378, 0.21, 0.79, 0.22664
1, 0.227961, 0.21, 0.79, 0.227637
1, 0.224104, 0.21, 0.79, 0.230882
1, 0.229442, 0.21, 0.79, 0.230526
1, 0.237748, 0.21, 0.79, 0.236869
1, 0.232734, 0.21, 0.79, 0.233048
1, 0.22406, 0.21, 0.79, 0.227108
1, 0.230095, 0.21, 0.79, 0.229052
1, 0.231378, 0.21, 0.79, 0.230311
1, 0.222424, 0.21, 0.79, 0.227328
1, 0.228659, 0.21, 0.79, 0.229041
1, 0.22821, 0.21, 0.79, 0.23203
1, 0.223901, 0.21, 0.79, 0.221632
1, 0.226605, 0.21, 0.79, 0.223739
1, 0.242463, 0.22, 0.78, 0.239264
1, 0.240204, 0.22, 0.78, 0.239915
1, 0.238014, 0.22, 0.78, 0.236331
1, 0.238062, 0.22, 0.78, 0.244269
1, 0.242177, 0.22, 0.78, 0.237968
1, 0.234382, 0.22, 0.78, 0.236102
1, 0.244919, 0.22, 0.78, 0.244605
1, 0.241675, 0.22, 0.78, 0.241039
1, 0.238862, 0.22, 0.78, 0.24035
1, 0.236645, 0.22, 0.78, 0.237732
1, 0.241566, 0.22, 0.78, 0.240408
1, 0.240612, 0.22, 0.78, 0.242572
1, 0.240584, 0.22, 0.78, 0.241713
1, 0.238731, 0.22, 0.78, 0.24081
1, 0.24003, 0.22, 0.78, 0.240383
1, 0.248804, 0.22, 0.78, 0.246458
1, 0.246464, 0.22, 0.78, 0.244627
1, 0.245813, 0.22, 0.78, 0.240361
1, 0.239283, 0.22, 0.78, 0.238475
1, 0.245374, 0.22, 0.78, 0.247338
1, 0.238107, 0.22, 0.78, 0.242252
1, 0.233546, 0.22, 0.78, 0.237892
1, 0.23703, 0.22, 0.78, 0.238999
1, 0.237858, 0.22, 0.78, 0.235988
1, 0.239944, 0.22, 0.78, 0.243355
1, 0.255963, 0.23, 0.77, 0.26334
1, 0.250052, 0.23, 0.77, 0.254928
1, 0.245875, 0.23, 0.77, 0.250655
1, 0.248755, 0.23, 0.77, 0.247681
1, 0.256347, 0.23, 0.77, 0.257893
1, 0.252776, 0.23, 0.77, 0.251328
1, 0.251521, 0.23, 0.77, 0.248059
1, 0.248815, 0.23, 0.77, 0.253952
1, 0.250937, 0.23, 0.77, 0.252725
1, 0.250585, 0.23, 0.77, 0.251071
1, 0.248498, 0.23, 0.77, 0.250368
1, 0.258047, 0.23, 0.77, 0.256792
1, 0.25733, 0.23, 0.77, 0.260483
1, 0.256317, 0.23, 0.77, 0.260136
1, 0.256462, 0.23, 0.77, 0.254403
1, 0.256415, 0.23, 0.77, 0.250738
1, 0.249809, 0.23, 0.77, 0.250396
1, 0.241949, 0.23, 0.77, 0.246464
1, 0.260003, 0.23, 0.77, 0.256375
1, 0.260061, 0.23, 0.77, 0.259723
1, 0.255578, 0.23, 0.77, 0.255897
1, 0.252763, 0.23, 0.77, 0.253405
1, 0.254695, 0.23, 0.77, 0.255957
1, 0.255381, 0.23, 0.77, 0.253096
1, 0.257118, 0.23, 0.77, 0.258403
1, 0.265343, 0.24, 0.76, 0.267619
1, 0.268972, 0.24, 0.76, 0.265595
1, 0.262166, 0.24, 0.76, 0.266696
1, 0.263254, 0.24, 0.76, 0.26027
1, 0.26803, 0.24, 0.76, 0.269337
1, 0.269862, 0.24, 0.76, 0.266425
1, 0.262671, 0.24, 0.76, 0.26442
1, 0.265335, 0.24, 0.76, 0.265843
1, 0.256058, 0.24, 0.76, 0.259812
1, 0.259922, 0.24, 0.76, 0.259828
1, 0.264012, 0.24, 0.76, 0.263025
1, 0.252119, 0.24, 0.76, 0.260805
1, 0.274628, 0.24, 0.76, 0.270487
1, 0.265136, 0.24, 0.76, 0.266038
1, 0.26408, 0.24, 0.76, 0.26537
1, 0.265364, 0.24, 0.76, 0.268002
1, 0.265514, 0.24, 0.76, 0.262542
1, 0.267733, 0.24, 0.76, 0.267336
1, 0.267477, 0.24, 0.76, 0.264732
1, 0.262589, 0.24, 0.76, 0.263445
1, 0.257456, 0.24, 0.76, 0.261922
1, 0.270793, 0.24, 0.76, 0.271455
1, 0.259599, 0.24, 0.76, 0.262022
1, 0.268504, 0.24, 0.76, 0.26438
1, 0.268578, 0.24, 0.76, 0.265911
1, 0.274463, 0.25, 0.75, 0.270486
1, 0.278554, 0.25, 0.75, 0.279766
1, 0.278596, 0.25, 0.75, 0.281124
1, 0.269844, 0.25, 0.75, 0.273651
1, 0.279158, 0.25, 0.75, 0.277933
1, 0.276348, 0.25, 0.75, 0.276947
1, 0.28359, 0.25, 0.75, 0.278332
1, 0.269223, 0.25, 0.75, 0.271962
1, 0.276986, 0.25, 0.75, 0.277264
1, 0.26779, 0.25, 0.75, 0.272038
1, 0.280348, 0.25, 0.75, 0.281134
1, 0.282296, 0.25, 0.75, 0.286574
1, 0.267831, 0.25, 0.75, 0.266888
1, 0.264983, 0.25, 0.75, 0.272914
1, 0.27862, 0.25, 0.75, 0.283107
1, 0.273585, 0.25, 0.75, 0.27535
1, 0.274548, 0.25, 0.75, 0.279239
1, 0.284303, 0.25, 0.75, 0.28097
1, 0.275545, 0.25, 0.75, 0.280122
1, 0.27824, 0.25, 0.75, 0.279949
1, 0.283016, 0.25, 0.75, 0.277686
1, 0.282535, 0.25, 0.75, 0.281295
1, 0.285493, 0.25, 0.75, 0.278375
1, 0.275795, 0.25, 0.75, 0.275331
1, 0.278431, 0.25, 0.75, 0.276419
1, 0.291628, 0.26, 0.74, 0.292307
1, 0.29981, 0.26, 0.74, 0.299983
1, 0.284903, 0.26, 0.74, 0.286083
1, 0.287431, 0.26, 0.74, 0.291242
1, 0.288119, 0.26, 0.74, 0.285578
1, 0.292981, 0.26, 0.74, 0.29466
1, 0.296388, 0.26, 0.74, 0.289818
1, 0.285356, 0.26, 0.74, 0.28316
1, 0.29386, 0.26, 0.74, 0.29205
1, 0.275997, 0.26, 0.74, 0.282667
1, 0.279758, 0.26, 0.74, 0.278642
1, 0.288732, 0.26, 0.74, 0.287561
1, 0.288901, 0.26, 0.74, 0.288465
1, 0.292249, 0.26, 0.74, 0.283156
1, 0.289515, 0.26, 0.74, 0.28806
1, 0.287554, 0.26, 0.74, 0.290889
1, 0.280525, 0.26, 0.74, 0.284522
1, 0.288622, 0.26, 0.74, 0.286452
1, 0.285548, 0.26, 0.74, 0.292162
1, 0.292971, 0.26, 0.74, 0.293302
1, 0.294758, 0.26, 0.74, 0.290326
1, 0.290344, 0.26, 0.74, 0.291158
1, 0.289277, 0.26, 0.74, 0.283112
1, 0.288128, 0.26, 0.74, 0.283406
1, 0.287315, 0.26, 0.74, 0.290371
1, 0.307915, 0.27, 0.73, 0.304194
1, 0.3061, 0.27, 0.73, 0.30147
1, 0.299953, 0.27, 0.73, 0.296201
1, 0.312314, 0.27, 0.73, 0.308296
1, 0.308814, 0.27, 0.73, 0.300247
1, 0.304052, 0.27, 0.73, 0.303686
1, 0.287175, 0.27, 0.73, 0.296928
1, 0.308102, 0.27, 0.73, 0.306516
1, 0.308456, 0.27, 0.73, 0.304181
1, 0.303472, 0.27, 0.73, 0.3034
1, 0.296772, 0.27, 0.73, 0.298801
1, 0.30682, 0.27, 0.73, 0.303878
1, 0.310617, 0.27, 0.73, 0.308424
1, 0.302882, 0.27, 0.73, 0.299888
1, 0.313828, 0.27, 0.73, 0.308516
1, 0.303543, 0.27, 0.73, 0.304511
1, 0.301599, 0.27, 0.73, 0.302028
1, 0.306816, 0.27, 0.73, 0.305727
1, 0.3112, 0.27, 0.73, 0.300733
1, 0.293319, 0.27, 0.73, 0.293877
1, 0.296495, 0.27, 0.73, 0.298937
1, 0.311634, 0.27, 0.73, 0.312915
1, 0.306249, 0.27, 0.73, 0.305792
1, 0.308281, 0.27, 0.73, 0.306263
1, 0.304764, 0.27, 0.73, 0.306507
1, 0.318889, 0.28, 0.72, 0.313206
1, 0.316878, 0.28, 0.72, 0.313471
1, 0.321092, 0.28, 0.72, 0.321512
1, 0.313187, 0.28, 0.72, 0.313526
1, 0.325826, 0.28, 0.72, 0.320252
1, 0.31897, 0.28, 0.72, 0.317094
1, 0.321988, 0.28, 0.72, 0.319352
1, 0.316343, 0.28, 0.72, 0.315107
1, 0.308935, 0.28, 0.72, 0.31312
1, 0.319319, 0.28, 0.72, 0.315578
1, 0.317511, 0.28, 0.72, 0.313038
1, 0.310052, 0.28, 0.72, 0.31212
1, 0.307433, 0.28, 0.72, 0.308311
1, 0.316657, 0.28, 0.72, 0.312726
1, 0.315249, 0.28, 0.72, 0.315026
1, 0.310014, 0.28, 0.72, 0.310654
1, 0.309051, 0.28, 0.72, 0.319005
1, 0.305479, 0.28, 0.72, 0.305456
1, 0.313691, 0.28, 0.72, 0.316653
1, 0.311024, 0.28, 0.72, 0.315034
1, 0.312929, 0.28, 0.72, 0.31525
1, 0.302787, 0.28, 0.72, 0.309031
1, 0.317334, 0.28, 0.72, 0.31649
1, 0.324681, 0.28, 0.72, 0.318238
1, 0.313309, 0.28, 0.72, 0.313403
1, 0.323555, 0.29, 0.71, 0.325647
1, 0.327168, 0.29, 0.71, 0.32861
1, 0.335939, 0.29, 0.71, 0.333561
1, 0.326257, 0.29, 0.71, 0.324735
1, 0.332654, 0.29, 0.71, 0.331361
1, 0.331739, 0.29, 0.71, 0.329794
1, 0.341391, 0.29, 0.71, 0.33358
1, 0.323267, 0.29, 0.71, 0.323721
1, 0.330233, 0.29, 0.71, 0.324036
1, 0.328455, 0.29, 0.71, 0.328238
1, 0.339711, 0.29, 0.71, 0.330059
1, 0.332575, 0.29, 0.71, 0.326747
1, 0.345185, 0.29, 0.71, 0.334622
1, 0.318468, 0.29, 0.71, 0.323119
1, 0.325619, 0.29, 0.71, 0.326324
1, 0.323838, 0.29, 0.71, 0.32602
1, 0.326994, 0.29, 0.71, 0.32719
1, 0.327251, 0.29, 0.71, 0.324192
1, 0.324159, 0.29, 0.71, 0.327581
1, 0.335203, 0.29, 0.71, 0.335572
1, 0.325356, 0.29, 0.71, 0.324594
1, 0.335904, 0.29, 0.71, 0.340277
1, 0.323462, 0.29, 0.71, 0.321556
1, 0.329605, 0.29, 0.71, 0.32641
1, 0.324489, 0.29, 0.71, 0.325303
1, 0.335026, 0.3, 0.7, 0.339728
1, 0.335775, 0.3, 0.7, 0.336503
1, 0.338206, 0.3, 0.7, 0.338712
1, 0.344994, 0.3, 0.7, 0.336743
1, 0.339511, 0.3, 0.7, 0.335515
1, 0.339685, 0.3, 0.7, 0.336888
1, 0.343162, 0.3, 0.7, 0.338904
1, 0.348512, 0.3, 0.7, 0.342947
1, 0.346167, 0.3, 0.7, 0.339589
1, 0.343017, 0.3, 0.7, 0.339442
1, 0.337289, 0.3, 0.7, 0.335329
1, 0.344411, 0.3, 0.7, 0.337075
1, 0.338447, 0.3, 0.7, 0.335877
1, 0.333914, 0.3, 0.7, 0.342358
1, 0.343023, 0.3, 0.7, 0.340646
1, 0.343172, 0.3, 0.7, 0.341456
1, 0.340065, 0.3, 0.7, 0.336935
1, 0.338188, 0.3, 0.7, 0.337887
1, 0.340004, 0.3, 0.7, 0.339232
1, 0.347774, 0.3, 0.7, 0.337147
1, 0.344836, 0.3, 0.7, 0.342351
1, 0.338915, 0.3, 0.7, 0.337818
1, 0.342436, 0.3, 0.7, 0.341232
1, 0.342541, 0.3, 0.7, 0.341642
1, 0.344968, 0.3, 0.7, 0.343778
