# B5 Focused Dynamic Strategy Switching Simulation Results
# Schedule file: schedules/schedule_b5_honest_selfish_asymmetric_3000_1000.txt
# Gamma (connectivity) range: 0.8 - 1.0 in 0.05 increments
# Hash rate range: 0.15 - 0.3 (15% - 30%) in 0.01 increments
Gamma, Miner0_ProfitFraction, Miner0_HashRate, Miner1_HashRate, Miner0_BlockFraction
0.8, 0.15344, 0.15, 0.85, 0.151219
0.8, 0.15136, 0.15, 0.85, 0.150864
0.8, 0.153393, 0.15, 0.85, 0.150997
0.8, 0.146588, 0.15, 0.85, 0.147077
0.8, 0.146726, 0.15, 0.85, 0.145263
0.8, 0.14382, 0.15, 0.85, 0.145753
0.8, 0.164185, 0.15, 0.85, 0.154569
0.8, 0.149527, 0.15, 0.85, 0.150378
0.8, 0.148797, 0.15, 0.85, 0.150211
0.8, 0.157318, 0.15, 0.85, 0.152474
0.8, 0.153992, 0.15, 0.85, 0.159224
0.8, 0.153159, 0.15, 0.85, 0.153239
0.8, 0.149795, 0.15, 0.85, 0.153825
0.8, 0.14702, 0.15, 0.85, 0.148393
0.8, 0.149101, 0.15, 0.85, 0.145762
0.8, 0.147488, 0.15, 0.85, 0.150226
0.8, 0.15146, 0.15, 0.85, 0.151227
0.8, 0.148946, 0.15, 0.85, 0.149303
0.8, 0.153668, 0.15, 0.85, 0.153715
0.8, 0.14784, 0.15, 0.85, 0.146981
0.8, 0.146041, 0.15, 0.85, 0.147471
0.8, 0.154338, 0.15, 0.85, 0.156421
0.8, 0.151402, 0.15, 0.85, 0.152045
0.8, 0.155237, 0.15, 0.85, 0.150895
0.8, 0.150419, 0.15, 0.85, 0.15109
0.8, 0.158844, 0.16, 0.84, 0.160525
0.8, 0.168669, 0.16, 0.84, 0.166378
0.8, 0.160183, 0.16, 0.84, 0.162914
0.8, 0.160396, 0.16, 0.84, 0.161934
0.8, 0.164863, 0.16, 0.84, 0.163458
0.8, 0.153661, 0.16, 0.84, 0.153833
0.8, 0.158339, 0.16, 0.84, 0.162322
0.8, 0.162246, 0.16, 0.84, 0.161535
0.8, 0.161885, 0.16, 0.84, 0.164879
0.8, 0.161339, 0.16, 0.84, 0.163853
0.8, 0.15571, 0.16, 0.84, 0.160696
0.8, 0.166315, 0.16, 0.84, 0.165924
0.8, 0.158512, 0.16, 0.84, 0.158903
0.8, 0.161599, 0.16, 0.84, 0.161354
0.8, 0.170159, 0.16, 0.84, 0.167608
0.8, 0.169859, 0.16, 0.84, 0.167862
0.8, 0.159481, 0.16, 0.84, 0.161324
0.8, 0.155391, 0.16, 0.84, 0.156865
0.8, 0.167408, 0.16, 0.84, 0.164269
0.8, 0.159454, 0.16, 0.84, 0.160403
0.8, 0.165999, 0.16, 0.84, 0.164451
0.8, 0.160616, 0.16, 0.84, 0.161347
0.8, 0.159317, 0.16, 0.84, 0.160745
0.8, 0.159067, 0.16, 0.84, 0.159192
0.8, 0.160704, 0.16, 0.84, 0.159766
0.8, 0.17028, 0.17, 0.83, 0.172037
0.8, 0.175463, 0.17, 0.83, 0.174093
0.8, 0.174936, 0.17, 0.83, 0.174923
0.8, 0.16786, 0.17, 0.83, 0.167569
0.8, 0.175328, 0.17, 0.83, 0.173297
0.8, 0.170904, 0.17, 0.83, 0.171727
0.8, 0.167676, 0.17, 0.83, 0.170448
0.8, 0.176253, 0.17, 0.83, 0.174701
0.8, 0.170518, 0.17, 0.83, 0.173486
0.8, 0.174942, 0.17, 0.83, 0.173937
0.8, 0.179773, 0.17, 0.83, 0.175068
0.8, 0.177481, 0.17, 0.83, 0.178038
0.8, 0.169743, 0.17, 0.83, 0.170449
0.8, 0.175181, 0.17, 0.83, 0.175137
0.8, 0.182564, 0.17, 0.83, 0.178113
0.8, 0.172474, 0.17, 0.83, 0.173906
0.8, 0.171971, 0.17, 0.83, 0.172968
0.8, 0.176036, 0.17, 0.83, 0.174259
0.8, 0.175036, 0.17, 0.83, 0.178342
0.8, 0.172908, 0.17, 0.83, 0.171334
0.8, 0.183293, 0.17, 0.83, 0.178256
0.8, 0.175649, 0.17, 0.83, 0.176017
0.8, 0.171971, 0.17, 0.83, 0.175052
0.8, 0.17297, 0.17, 0.83, 0.171221
0.8, 0.177631, 0.17, 0.83, 0.180101
0.8, 0.193679, 0.18, 0.82, 0.191001
0.8, 0.184667, 0.18, 0.82, 0.182258
0.8, 0.186163, 0.18, 0.82, 0.184143
0.8, 0.18809, 0.18, 0.82, 0.184619
0.8, 0.182073, 0.18, 0.82, 0.184112
0.8, 0.170056, 0.18, 0.82, 0.176662
0.8, 0.181231, 0.18, 0.82, 0.178503
0.8, 0.184582, 0.18, 0.82, 0.183744
0.8, 0.17495, 0.18, 0.82, 0.181613
0.8, 0.184722, 0.18, 0.82, 0.185255
0.8, 0.188136, 0.18, 0.82, 0.187405
0.8, 0.185816, 0.18, 0.82, 0.187746
0.8, 0.179468, 0.18, 0.82, 0.18463
0.8, 0.187792, 0.18, 0.82, 0.189118
0.8, 0.190082, 0.18, 0.82, 0.190192
0.8, 0.1824, 0.18, 0.82, 0.188135
0.8, 0.186749, 0.18, 0.82, 0.185189
0.8, 0.190495, 0.18, 0.82, 0.18827
0.8, 0.180951, 0.18, 0.82, 0.182137
0.8, 0.19167, 0.18, 0.82, 0.191869
0.8, 0.186935, 0.18, 0.82, 0.186945
0.8, 0.180559, 0.18, 0.82, 0.182421
0.8, 0.185134, 0.18, 0.82, 0.187116
0.8, 0.19343, 0.18, 0.82, 0.192378
0.8, 0.180552, 0.18, 0.82, 0.180379
0.8, 0.196032, 0.19, 0.81, 0.194592
0.8, 0.19126, 0.19, 0.81, 0.196592
0.8, 0.195784, 0.19, 0.81, 0.194713
0.8, 0.203751, 0.19, 0.81, 0.207072
0.8, 0.198572, 0.19, 0.81, 0.197166
0.8, 0.200427, 0.19, 0.81, 0.201169
0.8, 0.196933, 0.19, 0.81, 0.199909
0.8, 0.200043, 0.19, 0.81, 0.201303
0.8, 0.202322, 0.19, 0.81, 0.19868
0.8, 0.195048, 0.19, 0.81, 0.193903
0.8, 0.198925, 0.19, 0.81, 0.197385
0.8, 0.20775, 0.19, 0.81, 0.201217
0.8, 0.197537, 0.19, 0.81, 0.198712
0.8, 0.204561, 0.19, 0.81, 0.196548
0.8, 0.191958, 0.19, 0.81, 0.199283
0.8, 0.208038, 0.19, 0.81, 0.200769
0.8, 0.197224, 0.19, 0.81, 0.199059
0.8, 0.197699, 0.19, 0.81, 0.199239
0.8, 0.202336, 0.19, 0.81, 0.198351
0.8, 0.197565, 0.19, 0.81, 0.198728
0.8, 0.189462, 0.19, 0.81, 0.192231
0.8, 0.203001, 0.19, 0.81, 0.201005
0.8, 0.202425, 0.19, 0.81, 0.199345
0.8, 0.192032, 0.19, 0.81, 0.19498
0.8, 0.203854, 0.19, 0.81, 0.201346
0.8, 0.207409, 0.2, 0.8, 0.211047
0.8, 0.211999, 0.2, 0.8, 0.21114
0.8, 0.207479, 0.2, 0.8, 0.212307
0.8, 0.218505, 0.2, 0.8, 0.212418
0.8, 0.219719, 0.2, 0.8, 0.211932
0.8, 0.206734, 0.2, 0.8, 0.212109
0.8, 0.203743, 0.2, 0.8, 0.206104
0.8, 0.212414, 0.2, 0.8, 0.21292
0.8, 0.213101, 0.2, 0.8, 0.211592
0.8, 0.212031, 0.2, 0.8, 0.212543
0.8, 0.213978, 0.2, 0.8, 0.213692
0.8, 0.203346, 0.2, 0.8, 0.207065
0.8, 0.208738, 0.2, 0.8, 0.208638
0.8, 0.211073, 0.2, 0.8, 0.211013
0.8, 0.210631, 0.2, 0.8, 0.212877
0.8, 0.205814, 0.2, 0.8, 0.212109
0.8, 0.210325, 0.2, 0.8, 0.211798
0.8, 0.207176, 0.2, 0.8, 0.206963
0.8, 0.207111, 0.2, 0.8, 0.207025
0.8, 0.215014, 0.2, 0.8, 0.21009
0.8, 0.203989, 0.2, 0.8, 0.205458
0.8, 0.213388, 0.2, 0.8, 0.213392
0.8, 0.217959, 0.2, 0.8, 0.215084
0.8, 0.213317, 0.2, 0.8, 0.209411
0.8, 0.203082, 0.2, 0.8, 0.206924
0.8, 0.213073, 0.21, 0.79, 0.214696
0.8, 0.223918, 0.21, 0.79, 0.224232
0.8, 0.219955, 0.21, 0.79, 0.221429
0.8, 0.224393, 0.21, 0.79, 0.221428
0.8, 0.228391, 0.21, 0.79, 0.226957
0.8, 0.22459, 0.21, 0.79, 0.221028
0.8, 0.219203, 0.21, 0.79, 0.220966
0.8, 0.218405, 0.21, 0.79, 0.218329
0.8, 0.218316, 0.21, 0.79, 0.221627
0.8, 0.220989, 0.21, 0.79, 0.219577
0.8, 0.231157, 0.21, 0.79, 0.231104
0.8, 0.219713, 0.21, 0.79, 0.226036
0.8, 0.21977, 0.21, 0.79, 0.222065
0.8, 0.229517, 0.21, 0.79, 0.231678
0.8, 0.227068, 0.21, 0.79, 0.220358
0.8, 0.220252, 0.21, 0.79, 0.222766
0.8, 0.223611, 0.21, 0.79, 0.228283
0.8, 0.219716, 0.21, 0.79, 0.221509
0.8, 0.219468, 0.21, 0.79, 0.219214
0.8, 0.219788, 0.21, 0.79, 0.221612
0.8, 0.220412, 0.21, 0.79, 0.224082
0.8, 0.225983, 0.21, 0.79, 0.223368
0.8, 0.219543, 0.21, 0.79, 0.218218
0.8, 0.221763, 0.21, 0.79, 0.225271
0.8, 0.220484, 0.21, 0.79, 0.220078
0.8, 0.232161, 0.22, 0.78, 0.236828
0.8, 0.236976, 0.22, 0.78, 0.235458
0.8, 0.242501, 0.22, 0.78, 0.240506
0.8, 0.234641, 0.22, 0.78, 0.231035
0.8, 0.23185, 0.22, 0.78, 0.237663
0.8, 0.233756, 0.22, 0.78, 0.234512
0.8, 0.242198, 0.22, 0.78, 0.24044
0.8, 0.235311, 0.22, 0.78, 0.23602
0.8, 0.230153, 0.22, 0.78, 0.231172
0.8, 0.230833, 0.22, 0.78, 0.231744
0.8, 0.236907, 0.22, 0.78, 0.237537
0.8, 0.226073, 0.22, 0.78, 0.234029
0.8, 0.23534, 0.22, 0.78, 0.233314
0.8, 0.23602, 0.22, 0.78, 0.238377
0.8, 0.236117, 0.22, 0.78, 0.232639
0.8, 0.224223, 0.22, 0.78, 0.226585
0.8, 0.236716, 0.22, 0.78, 0.238322
0.8, 0.2391, 0.22, 0.78, 0.237543
0.8, 0.237326, 0.22, 0.78, 0.235139
0.8, 0.234262, 0.22, 0.78, 0.236788
0.8, 0.239406, 0.22, 0.78, 0.229754
0.8, 0.231132, 0.22, 0.78, 0.236023
0.8, 0.231644, 0.22, 0.78, 0.243438
0.8, 0.235878, 0.22, 0.78, 0.236254
0.8, 0.233795, 0.22, 0.78, 0.234302
0.8, 0.249062, 0.23, 0.77, 0.251679
0.8, 0.248922, 0.23, 0.77, 0.250499
0.8, 0.244512, 0.23, 0.77, 0.243571
0.8, 0.261056, 0.23, 0.77, 0.260371
0.8, 0.241523, 0.23, 0.77, 0.245323
0.8, 0.246973, 0.23, 0.77, 0.246478
0.8, 0.246806, 0.23, 0.77, 0.246363
0.8, 0.246359, 0.23, 0.77, 0.249827
0.8, 0.241324, 0.23, 0.77, 0.243395
0.8, 0.247, 0.23, 0.77, 0.248058
0.8, 0.241449, 0.23, 0.77, 0.249898
0.8, 0.253343, 0.23, 0.77, 0.25514
0.8, 0.242469, 0.23, 0.77, 0.245697
0.8, 0.247117, 0.23, 0.77, 0.250147
0.8, 0.255788, 0.23, 0.77, 0.250494
0.8, 0.2509, 0.23, 0.77, 0.249495
0.8, 0.243501, 0.23, 0.77, 0.241732
0.8, 0.247152, 0.23, 0.77, 0.250876
0.8, 0.254636, 0.23, 0.77, 0.253853
0.8, 0.23995, 0.23, 0.77, 0.24697
0.8, 0.247915, 0.23, 0.77, 0.249364
0.8, 0.252604, 0.23, 0.77, 0.252796
0.8, 0.251596, 0.23, 0.77, 0.249399
0.8, 0.242493, 0.23, 0.77, 0.241107
0.8, 0.248562, 0.23, 0.77, 0.242586
0.8, 0.253183, 0.24, 0.76, 0.257106
0.8, 0.260317, 0.24, 0.76, 0.26384
0.8, 0.260282, 0.24, 0.76, 0.263195
0.8, 0.259657, 0.24, 0.76, 0.261833
0.8, 0.261353, 0.24, 0.76, 0.265099
0.8, 0.258215, 0.24, 0.76, 0.257526
0.8, 0.26188, 0.24, 0.76, 0.260919
0.8, 0.260336, 0.24, 0.76, 0.255542
0.8, 0.265015, 0.24, 0.76, 0.266082
0.8, 0.263531, 0.24, 0.76, 0.265242
0.8, 0.264295, 0.24, 0.76, 0.264745
0.8, 0.260926, 0.24, 0.76, 0.265551
0.8, 0.266225, 0.24, 0.76, 0.269106
0.8, 0.255278, 0.24, 0.76, 0.25949
0.8, 0.253378, 0.24, 0.76, 0.257786
0.8, 0.264673, 0.24, 0.76, 0.261246
0.8, 0.267716, 0.24, 0.76, 0.262338
0.8, 0.259404, 0.24, 0.76, 0.260075
0.8, 0.259744, 0.24, 0.76, 0.261981
0.8, 0.261098, 0.24, 0.76, 0.262079
0.8, 0.264357, 0.24, 0.76, 0.26508
0.8, 0.267136, 0.24, 0.76, 0.26941
0.8, 0.267186, 0.24, 0.76, 0.266321
0.8, 0.259087, 0.24, 0.76, 0.259404
0.8, 0.268284, 0.24, 0.76, 0.267431
0.8, 0.2775, 0.25, 0.75, 0.272871
0.8, 0.281579, 0.25, 0.75, 0.275292
0.8, 0.277755, 0.25, 0.75, 0.271415
0.8, 0.270484, 0.25, 0.75, 0.27269
0.8, 0.275049, 0.25, 0.75, 0.273834
0.8, 0.272913, 0.25, 0.75, 0.272791
0.8, 0.272972, 0.25, 0.75, 0.274776
0.8, 0.281339, 0.25, 0.75, 0.278153
0.8, 0.278291, 0.25, 0.75, 0.27476
0.8, 0.273496, 0.25, 0.75, 0.273758
0.8, 0.272994, 0.25, 0.75, 0.266759
0.8, 0.273752, 0.25, 0.75, 0.270631
0.8, 0.272005, 0.25, 0.75, 0.278104
0.8, 0.272607, 0.25, 0.75, 0.271865
0.8, 0.272534, 0.25, 0.75, 0.271704
0.8, 0.272736, 0.25, 0.75, 0.277077
0.8, 0.273293, 0.25, 0.75, 0.275304
0.8, 0.279441, 0.25, 0.75, 0.279467
0.8, 0.263609, 0.25, 0.75, 0.269036
0.8, 0.277367, 0.25, 0.75, 0.275728
0.8, 0.282726, 0.25, 0.75, 0.279602
0.8, 0.273834, 0.25, 0.75, 0.272759
0.8, 0.264864, 0.25, 0.75, 0.268146
0.8, 0.268915, 0.25, 0.75, 0.268085
0.8, 0.268566, 0.25, 0.75, 0.274063
0.8, 0.280227, 0.26, 0.74, 0.281082
0.8, 0.285145, 0.26, 0.74, 0.282711
0.8, 0.293459, 0.26, 0.74, 0.295358
0.8, 0.285324, 0.26, 0.74, 0.291451
0.8, 0.280645, 0.26, 0.74, 0.286409
0.8, 0.292671, 0.26, 0.74, 0.291746
0.8, 0.280219, 0.26, 0.74, 0.285689
0.8, 0.284159, 0.26, 0.74, 0.285225
0.8, 0.287159, 0.26, 0.74, 0.288533
0.8, 0.29221, 0.26, 0.74, 0.292183
0.8, 0.294755, 0.26, 0.74, 0.292589
0.8, 0.280544, 0.26, 0.74, 0.284787
0.8, 0.293463, 0.26, 0.74, 0.293574
0.8, 0.283894, 0.26, 0.74, 0.288344
0.8, 0.287244, 0.26, 0.74, 0.28923
0.8, 0.285077, 0.26, 0.74, 0.284835
0.8, 0.297638, 0.26, 0.74, 0.293262
0.8, 0.288394, 0.26, 0.74, 0.288123
0.8, 0.284111, 0.26, 0.74, 0.285537
0.8, 0.28568, 0.26, 0.74, 0.28326
0.8, 0.279022, 0.26, 0.74, 0.283115
0.8, 0.284631, 0.26, 0.74, 0.28361
0.8, 0.288126, 0.26, 0.74, 0.287996
0.8, 0.288826, 0.26, 0.74, 0.293962
0.8, 0.288677, 0.26, 0.74, 0.291239
0.8, 0.310814, 0.27, 0.73, 0.305143
0.8, 0.307889, 0.27, 0.73, 0.3068
0.8, 0.297785, 0.27, 0.73, 0.297406
0.8, 0.294844, 0.27, 0.73, 0.302742
0.8, 0.297043, 0.27, 0.73, 0.297324
0.8, 0.309841, 0.27, 0.73, 0.30676
0.8, 0.301299, 0.27, 0.73, 0.300774
0.8, 0.307636, 0.27, 0.73, 0.30593
0.8, 0.298844, 0.27, 0.73, 0.302622
0.8, 0.292283, 0.27, 0.73, 0.29897
0.8, 0.290093, 0.27, 0.73, 0.294942
0.8, 0.300112, 0.27, 0.73, 0.303235
0.8, 0.301591, 0.27, 0.73, 0.304049
0.8, 0.296042, 0.27, 0.73, 0.297831
0.8, 0.294782, 0.27, 0.73, 0.290783
0.8, 0.292178, 0.27, 0.73, 0.295813
0.8, 0.296431, 0.27, 0.73, 0.300064
0.8, 0.306392, 0.27, 0.73, 0.311212
0.8, 0.301787, 0.27, 0.73, 0.305086
0.8, 0.306354, 0.27, 0.73, 0.307793
0.8, 0.302939, 0.27, 0.73, 0.309244
0.8, 0.312632, 0.27, 0.73, 0.3064
0.8, 0.300276, 0.27, 0.73, 0.302824
0.8, 0.315331, 0.27, 0.73, 0.313788
0.8, 0.303507, 0.27, 0.73, 0.30435
0.8, 0.313354, 0.28, 0.72, 0.315653
0.8, 0.314914, 0.28, 0.72, 0.313673
0.8, 0.316204, 0.28, 0.72, 0.316703
0.8, 0.32538, 0.28, 0.72, 0.322364
0.8, 0.3188, 0.28, 0.72, 0.323424
0.8, 0.321067, 0.28, 0.72, 0.31771
0.8, 0.319251, 0.28, 0.72, 0.31436
0.8, 0.316331, 0.28, 0.72, 0.319296
0.8, 0.315975, 0.28, 0.72, 0.313633
0.8, 0.31225, 0.28, 0.72, 0.312549
0.8, 0.307935, 0.28, 0.72, 0.312029
0.8, 0.322354, 0.28, 0.72, 0.320069
0.8, 0.31058, 0.28, 0.72, 0.317481
0.8, 0.312385, 0.28, 0.72, 0.310035
0.8, 0.313678, 0.28, 0.72, 0.318334
0.8, 0.320856, 0.28, 0.72, 0.31265
0.8, 0.318818, 0.28, 0.72, 0.321439
0.8, 0.312262, 0.28, 0.72, 0.314847
0.8, 0.312854, 0.28, 0.72, 0.315099
0.8, 0.315623, 0.28, 0.72, 0.31714
0.8, 0.328457, 0.28, 0.72, 0.328206
0.8, 0.315828, 0.28, 0.72, 0.317463
0.8, 0.314717, 0.28, 0.72, 0.316287
0.8, 0.311197, 0.28, 0.72, 0.314183
0.8, 0.315772, 0.28, 0.72, 0.321119
0.8, 0.332898, 0.29, 0.71, 0.334027
0.8, 0.33155, 0.29, 0.71, 0.330695
0.8, 0.334753, 0.29, 0.71, 0.342161
0.8, 0.325616, 0.29, 0.71, 0.332382
0.8, 0.337295, 0.29, 0.71, 0.333695
0.8, 0.336697, 0.29, 0.71, 0.330997
0.8, 0.324222, 0.29, 0.71, 0.32949
0.8, 0.334462, 0.29, 0.71, 0.329415
0.8, 0.338283, 0.29, 0.71, 0.337197
0.8, 0.344376, 0.29, 0.71, 0.333693
0.8, 0.336797, 0.29, 0.71, 0.33383
0.8, 0.330139, 0.29, 0.71, 0.331136
0.8, 0.327726, 0.29, 0.71, 0.327383
0.8, 0.326156, 0.29, 0.71, 0.330442
0.8, 0.32739, 0.29, 0.71, 0.331111
0.8, 0.327853, 0.29, 0.71, 0.322969
0.8, 0.328812, 0.29, 0.71, 0.329573
0.8, 0.332564, 0.29, 0.71, 0.331142
0.8, 0.332, 0.29, 0.71, 0.329425
0.8, 0.326493, 0.29, 0.71, 0.326506
0.8, 0.328587, 0.29, 0.71, 0.334417
0.8, 0.316508, 0.29, 0.71, 0.321362
0.8, 0.326124, 0.29, 0.71, 0.328398
0.8, 0.328867, 0.29, 0.71, 0.333512
0.8, 0.325512, 0.29, 0.71, 0.327348
0.8, 0.349422, 0.3, 0.7, 0.349745
0.8, 0.349462, 0.3, 0.7, 0.348604
0.8, 0.354258, 0.3, 0.7, 0.351645
0.8, 0.347424, 0.3, 0.7, 0.347137
0.8, 0.343406, 0.3, 0.7, 0.342067
0.8, 0.346042, 0.3, 0.7, 0.343539
0.8, 0.34335, 0.3, 0.7, 0.343406
0.8, 0.346618, 0.3, 0.7, 0.348154
0.8, 0.342278, 0.3, 0.7, 0.34591
0.8, 0.345649, 0.3, 0.7, 0.345771
0.8, 0.34927, 0.3, 0.7, 0.347602
0.8, 0.355275, 0.3, 0.7, 0.351871
0.8, 0.340497, 0.3, 0.7, 0.338019
0.8, 0.34769, 0.3, 0.7, 0.3483
0.8, 0.344247, 0.3, 0.7, 0.344886
0.8, 0.347204, 0.3, 0.7, 0.343298
0.8, 0.347004, 0.3, 0.7, 0.350173
0.8, 0.348883, 0.3, 0.7, 0.351521
0.8, 0.346078, 0.3, 0.7, 0.349893
0.8, 0.34829, 0.3, 0.7, 0.346856
0.8, 0.344534, 0.3, 0.7, 0.347535
0.8, 0.340039, 0.3, 0.7, 0.337416
0.8, 0.34936, 0.3, 0.7, 0.352463
0.8, 0.348036, 0.3, 0.7, 0.346504
0.8, 0.338287, 0.3, 0.7, 0.342317
0.85, 0.157338, 0.15, 0.85, 0.157153
0.85, 0.160545, 0.15, 0.85, 0.15929
0.85, 0.163109, 0.15, 0.85, 0.159147
0.85, 0.156284, 0.15, 0.85, 0.155777
0.85, 0.151349, 0.15, 0.85, 0.152836
0.85, 0.148058, 0.15, 0.85, 0.151611
0.85, 0.156721, 0.15, 0.85, 0.155002
0.85, 0.158588, 0.15, 0.85, 0.15556
0.85, 0.159456, 0.15, 0.85, 0.160552
0.85, 0.155462, 0.15, 0.85, 0.155485
0.85, 0.15829, 0.15, 0.85, 0.157707
0.85, 0.154422, 0.15, 0.85, 0.15452
0.85, 0.15251, 0.15, 0.85, 0.152009
0.85, 0.15234, 0.15, 0.85, 0.155089
0.85, 0.157212, 0.15, 0.85, 0.153943
0.85, 0.152424, 0.15, 0.85, 0.151184
0.85, 0.150626, 0.15, 0.85, 0.154016
0.85, 0.153713, 0.15, 0.85, 0.154377
0.85, 0.159401, 0.15, 0.85, 0.159572
0.85, 0.151128, 0.15, 0.85, 0.154957
0.85, 0.148848, 0.15, 0.85, 0.150995
0.85, 0.14821, 0.15, 0.85, 0.151155
0.85, 0.151443, 0.15, 0.85, 0.15302
0.85, 0.153234, 0.15, 0.85, 0.15215
0.85, 0.157394, 0.15, 0.85, 0.150954
0.85, 0.164607, 0.16, 0.84, 0.165105
0.85, 0.16402, 0.16, 0.84, 0.163427
0.85, 0.174254, 0.16, 0.84, 0.173759
0.85, 0.166195, 0.16, 0.84, 0.165807
0.85, 0.160869, 0.16, 0.84, 0.164056
0.85, 0.167914, 0.16, 0.84, 0.166499
0.85, 0.170713, 0.16, 0.84, 0.169354
0.85, 0.175582, 0.16, 0.84, 0.169243
0.85, 0.166351, 0.16, 0.84, 0.167181
0.85, 0.159338, 0.16, 0.84, 0.166844
0.85, 0.162467, 0.16, 0.84, 0.163048
0.85, 0.169823, 0.16, 0.84, 0.171224
0.85, 0.167029, 0.16, 0.84, 0.166998
0.85, 0.170106, 0.16, 0.84, 0.166498
0.85, 0.160623, 0.16, 0.84, 0.162959
0.85, 0.167524, 0.16, 0.84, 0.166629
0.85, 0.164844, 0.16, 0.84, 0.167653
0.85, 0.169018, 0.16, 0.84, 0.169148
0.85, 0.160487, 0.16, 0.84, 0.165578
0.85, 0.170437, 0.16, 0.84, 0.17201
0.85, 0.167588, 0.16, 0.84, 0.167646
0.85, 0.160197, 0.16, 0.84, 0.165097
0.85, 0.161195, 0.16, 0.84, 0.16539
0.85, 0.162876, 0.16, 0.84, 0.163113
0.85, 0.171137, 0.16, 0.84, 0.167407
0.85, 0.180653, 0.17, 0.83, 0.178396
0.85, 0.180608, 0.17, 0.83, 0.175991
0.85, 0.178957, 0.17, 0.83, 0.177226
0.85, 0.177345, 0.17, 0.83, 0.173514
0.85, 0.182889, 0.17, 0.83, 0.178385
0.85, 0.179122, 0.17, 0.83, 0.179059
0.85, 0.185115, 0.17, 0.83, 0.182992
0.85, 0.182245, 0.17, 0.83, 0.179627
0.85, 0.178959, 0.17, 0.83, 0.18228
0.85, 0.173915, 0.17, 0.83, 0.174696
0.85, 0.178473, 0.17, 0.83, 0.177231
0.85, 0.178789, 0.17, 0.83, 0.178283
0.85, 0.177546, 0.17, 0.83, 0.180061
0.85, 0.172677, 0.17, 0.83, 0.1758
0.85, 0.182461, 0.17, 0.83, 0.182721
0.85, 0.17236, 0.17, 0.83, 0.173793
0.85, 0.17005, 0.17, 0.83, 0.171689
0.85, 0.174723, 0.17, 0.83, 0.171855
0.85, 0.18747, 0.17, 0.83, 0.185033
0.85, 0.180135, 0.17, 0.83, 0.180374
0.85, 0.179564, 0.17, 0.83, 0.176843
0.85, 0.173965, 0.17, 0.83, 0.173911
0.85, 0.168472, 0.17, 0.83, 0.17319
0.85, 0.178533, 0.17, 0.83, 0.178654
0.85, 0.178515, 0.17, 0.83, 0.17603
0.85, 0.18737, 0.18, 0.82, 0.191142
0.85, 0.199388, 0.18, 0.82, 0.197322
0.85, 0.180427, 0.18, 0.82, 0.185756
0.85, 0.187916, 0.18, 0.82, 0.188526
0.85, 0.19216, 0.18, 0.82, 0.192035
0.85, 0.182161, 0.18, 0.82, 0.184029
0.85, 0.185833, 0.18, 0.82, 0.183873
0.85, 0.185812, 0.18, 0.82, 0.185789
0.85, 0.192156, 0.18, 0.82, 0.19127
0.85, 0.191806, 0.18, 0.82, 0.190748
0.85, 0.191983, 0.18, 0.82, 0.19006
0.85, 0.192754, 0.18, 0.82, 0.192349
0.85, 0.192523, 0.18, 0.82, 0.190807
0.85, 0.196062, 0.18, 0.82, 0.193088
0.85, 0.191332, 0.18, 0.82, 0.189641
0.85, 0.189914, 0.18, 0.82, 0.191086
0.85, 0.189509, 0.18, 0.82, 0.189753
0.85, 0.193094, 0.18, 0.82, 0.191073
0.85, 0.192268, 0.18, 0.82, 0.192703
0.85, 0.194466, 0.18, 0.82, 0.195838
0.85, 0.18901, 0.18, 0.82, 0.190522
0.85, 0.191154, 0.18, 0.82, 0.189257
0.85, 0.190065, 0.18, 0.82, 0.192238
0.85, 0.182213, 0.18, 0.82, 0.183202
0.85, 0.1943, 0.18, 0.82, 0.193211
0.85, 0.206041, 0.19, 0.81, 0.204596
0.85, 0.200167, 0.19, 0.81, 0.206708
0.85, 0.195579, 0.19, 0.81, 0.198911
0.85, 0.201539, 0.19, 0.81, 0.206019
0.85, 0.204896, 0.19, 0.81, 0.203578
0.85, 0.203291, 0.19, 0.81, 0.209729
0.85, 0.198522, 0.19, 0.81, 0.204454
0.85, 0.200775, 0.19, 0.81, 0.201163
0.85, 0.205515, 0.19, 0.81, 0.203693
0.85, 0.199519, 0.19, 0.81, 0.201392
0.85, 0.207029, 0.19, 0.81, 0.204481
0.85, 0.205169, 0.19, 0.81, 0.207853
0.85, 0.211317, 0.19, 0.81, 0.206622
0.85, 0.197357, 0.19, 0.81, 0.202408
0.85, 0.194399, 0.19, 0.81, 0.202577
0.85, 0.20588, 0.19, 0.81, 0.203166
0.85, 0.205101, 0.19, 0.81, 0.204416
0.85, 0.206418, 0.19, 0.81, 0.203765
0.85, 0.200973, 0.19, 0.81, 0.203011
0.85, 0.199477, 0.19, 0.81, 0.19815
0.85, 0.19681, 0.19, 0.81, 0.200966
0.85, 0.203812, 0.19, 0.81, 0.201652
0.85, 0.197745, 0.19, 0.81, 0.201282
0.85, 0.199814, 0.19, 0.81, 0.20147
0.85, 0.195955, 0.19, 0.81, 0.197978
0.85, 0.21795, 0.2, 0.8, 0.210893
0.85, 0.212556, 0.2, 0.8, 0.211369
0.85, 0.216075, 0.2, 0.8, 0.213772
0.85, 0.225753, 0.2, 0.8, 0.220212
0.85, 0.217331, 0.2, 0.8, 0.211679
0.85, 0.215055, 0.2, 0.8, 0.214554
0.85, 0.215765, 0.2, 0.8, 0.21413
0.85, 0.222703, 0.2, 0.8, 0.218807
0.85, 0.223053, 0.2, 0.8, 0.217495
0.85, 0.218222, 0.2, 0.8, 0.216039
0.85, 0.210698, 0.2, 0.8, 0.214136
0.85, 0.214195, 0.2, 0.8, 0.208024
0.85, 0.218781, 0.2, 0.8, 0.22091
0.85, 0.211282, 0.2, 0.8, 0.212355
0.85, 0.208424, 0.2, 0.8, 0.212492
0.85, 0.225488, 0.2, 0.8, 0.220131
0.85, 0.211732, 0.2, 0.8, 0.208687
0.85, 0.215664, 0.2, 0.8, 0.220507
0.85, 0.210711, 0.2, 0.8, 0.213691
0.85, 0.212052, 0.2, 0.8, 0.214624
0.85, 0.213535, 0.2, 0.8, 0.215933
0.85, 0.216531, 0.2, 0.8, 0.215644
0.85, 0.211671, 0.2, 0.8, 0.214617
0.85, 0.21082, 0.2, 0.8, 0.213451
0.85, 0.205278, 0.2, 0.8, 0.208547
0.85, 0.220945, 0.21, 0.79, 0.219444
0.85, 0.233014, 0.21, 0.79, 0.226694
0.85, 0.22434, 0.21, 0.79, 0.223152
0.85, 0.219695, 0.21, 0.79, 0.222025
0.85, 0.219279, 0.21, 0.79, 0.221523
0.85, 0.224201, 0.21, 0.79, 0.225516
0.85, 0.223616, 0.21, 0.79, 0.223036
0.85, 0.225851, 0.21, 0.79, 0.230751
0.85, 0.226098, 0.21, 0.79, 0.227493
0.85, 0.225053, 0.21, 0.79, 0.226585
0.85, 0.232659, 0.21, 0.79, 0.225733
0.85, 0.229312, 0.21, 0.79, 0.229452
0.85, 0.22788, 0.21, 0.79, 0.228129
0.85, 0.231847, 0.21, 0.79, 0.227725
0.85, 0.217199, 0.21, 0.79, 0.219555
0.85, 0.223413, 0.21, 0.79, 0.221891
0.85, 0.233003, 0.21, 0.79, 0.229304
0.85, 0.223822, 0.21, 0.79, 0.229097
0.85, 0.22052, 0.21, 0.79, 0.224804
0.85, 0.224334, 0.21, 0.79, 0.222571
0.85, 0.226286, 0.21, 0.79, 0.226289
0.85, 0.233256, 0.21, 0.79, 0.232109
0.85, 0.221032, 0.21, 0.79, 0.221981
0.85, 0.237133, 0.21, 0.79, 0.233104
0.85, 0.221698, 0.21, 0.79, 0.222483
0.85, 0.232206, 0.22, 0.78, 0.233387
0.85, 0.243116, 0.22, 0.78, 0.245483
0.85, 0.245183, 0.22, 0.78, 0.239722
0.85, 0.242354, 0.22, 0.78, 0.244297
0.85, 0.24583, 0.22, 0.78, 0.244043
0.85, 0.241328, 0.22, 0.78, 0.239392
0.85, 0.239061, 0.22, 0.78, 0.24225
0.85, 0.230311, 0.22, 0.78, 0.23473
0.85, 0.248914, 0.22, 0.78, 0.244127
0.85, 0.237981, 0.22, 0.78, 0.243753
0.85, 0.235023, 0.22, 0.78, 0.238095
0.85, 0.236721, 0.22, 0.78, 0.240172
0.85, 0.235108, 0.22, 0.78, 0.23987
0.85, 0.234853, 0.22, 0.78, 0.241835
0.85, 0.2348, 0.22, 0.78, 0.241681
0.85, 0.239818, 0.22, 0.78, 0.239492
0.85, 0.243088, 0.22, 0.78, 0.246712
0.85, 0.241443, 0.22, 0.78, 0.240823
0.85, 0.229022, 0.22, 0.78, 0.234931
0.85, 0.241486, 0.22, 0.78, 0.242224
0.85, 0.230342, 0.22, 0.78, 0.241836
0.85, 0.236231, 0.22, 0.78, 0.233116
0.85, 0.241706, 0.22, 0.78, 0.240404
0.85, 0.247292, 0.22, 0.78, 0.244208
0.85, 0.236802, 0.22, 0.78, 0.237938
0.85, 0.249613, 0.23, 0.77, 0.253421
0.85, 0.248425, 0.23, 0.77, 0.247899
0.85, 0.240693, 0.23, 0.77, 0.248101
0.85, 0.243686, 0.23, 0.77, 0.249391
0.85, 0.255655, 0.23, 0.77, 0.255118
0.85, 0.252429, 0.23, 0.77, 0.253271
0.85, 0.251676, 0.23, 0.77, 0.25379
0.85, 0.260658, 0.23, 0.77, 0.257113
0.85, 0.252462, 0.23, 0.77, 0.254656
0.85, 0.255317, 0.23, 0.77, 0.25263
0.85, 0.247849, 0.23, 0.77, 0.250086
0.85, 0.253376, 0.23, 0.77, 0.25239
0.85, 0.259447, 0.23, 0.77, 0.261542
0.85, 0.252476, 0.23, 0.77, 0.25583
0.85, 0.241988, 0.23, 0.77, 0.249624
0.85, 0.252762, 0.23, 0.77, 0.254123
0.85, 0.242899, 0.23, 0.77, 0.249116
0.85, 0.241549, 0.23, 0.77, 0.247132
0.85, 0.251528, 0.23, 0.77, 0.253072
0.85, 0.253595, 0.23, 0.77, 0.255596
0.85, 0.247133, 0.23, 0.77, 0.250329
0.85, 0.256044, 0.23, 0.77, 0.257066
0.85, 0.259353, 0.23, 0.77, 0.256831
0.85, 0.250162, 0.23, 0.77, 0.253603
0.85, 0.249453, 0.23, 0.77, 0.251465
0.85, 0.257398, 0.24, 0.76, 0.26092
0.85, 0.267779, 0.24, 0.76, 0.272585
0.85, 0.256093, 0.24, 0.76, 0.264853
0.85, 0.26899, 0.24, 0.76, 0.270073
0.85, 0.260975, 0.24, 0.76, 0.260654
0.85, 0.272961, 0.24, 0.76, 0.270172
0.85, 0.260901, 0.24, 0.76, 0.264995
0.85, 0.267505, 0.24, 0.76, 0.270948
0.85, 0.265177, 0.24, 0.76, 0.262328
0.85, 0.26931, 0.24, 0.76, 0.270814
0.85, 0.260258, 0.24, 0.76, 0.264903
0.85, 0.272308, 0.24, 0.76, 0.274053
0.85, 0.265013, 0.24, 0.76, 0.264137
0.85, 0.270134, 0.24, 0.76, 0.272073
0.85, 0.266606, 0.24, 0.76, 0.268279
0.85, 0.262596, 0.24, 0.76, 0.266161
0.85, 0.262207, 0.24, 0.76, 0.26429
0.85, 0.268812, 0.24, 0.76, 0.271441
0.85, 0.263988, 0.24, 0.76, 0.265149
0.85, 0.263076, 0.24, 0.76, 0.266031
0.85, 0.265832, 0.24, 0.76, 0.266165
0.85, 0.259334, 0.24, 0.76, 0.266091
0.85, 0.264701, 0.24, 0.76, 0.26599
0.85, 0.267512, 0.24, 0.76, 0.260403
0.85, 0.262417, 0.24, 0.76, 0.262517
0.85, 0.275413, 0.25, 0.75, 0.276025
0.85, 0.280406, 0.25, 0.75, 0.276526
0.85, 0.277892, 0.25, 0.75, 0.278813
0.85, 0.282862, 0.25, 0.75, 0.279751
0.85, 0.283599, 0.25, 0.75, 0.274954
0.85, 0.278805, 0.25, 0.75, 0.278391
0.85, 0.274361, 0.25, 0.75, 0.279483
0.85, 0.273994, 0.25, 0.75, 0.280213
0.85, 0.276587, 0.25, 0.75, 0.280657
0.85, 0.290673, 0.25, 0.75, 0.288974
0.85, 0.273909, 0.25, 0.75, 0.277122
0.85, 0.285609, 0.25, 0.75, 0.283833
0.85, 0.280526, 0.25, 0.75, 0.27631
0.85, 0.283295, 0.25, 0.75, 0.283017
0.85, 0.280108, 0.25, 0.75, 0.278775
0.85, 0.274057, 0.25, 0.75, 0.275977
0.85, 0.285093, 0.25, 0.75, 0.285573
0.85, 0.281211, 0.25, 0.75, 0.279856
0.85, 0.279732, 0.25, 0.75, 0.278885
0.85, 0.278017, 0.25, 0.75, 0.283845
0.85, 0.270859, 0.25, 0.75, 0.274353
0.85, 0.275179, 0.25, 0.75, 0.275639
0.85, 0.271068, 0.25, 0.75, 0.274065
0.85, 0.28874, 0.25, 0.75, 0.287576
0.85, 0.273939, 0.25, 0.75, 0.272091
0.85, 0.287526, 0.26, 0.74, 0.292013
0.85, 0.287925, 0.26, 0.74, 0.286303
0.85, 0.290538, 0.26, 0.74, 0.29064
0.85, 0.290389, 0.26, 0.74, 0.298257
0.85, 0.287288, 0.26, 0.74, 0.291941
0.85, 0.291721, 0.26, 0.74, 0.294297
0.85, 0.288723, 0.26, 0.74, 0.286825
0.85, 0.29594, 0.26, 0.74, 0.297236
0.85, 0.293987, 0.26, 0.74, 0.29987
0.85, 0.290824, 0.26, 0.74, 0.294197
0.85, 0.278209, 0.26, 0.74, 0.286661
0.85, 0.290463, 0.26, 0.74, 0.294584
0.85, 0.300835, 0.26, 0.74, 0.297885
0.85, 0.291276, 0.26, 0.74, 0.293033
0.85, 0.289631, 0.26, 0.74, 0.293618
0.85, 0.286401, 0.26, 0.74, 0.288856
0.85, 0.29618, 0.26, 0.74, 0.296486
0.85, 0.289221, 0.26, 0.74, 0.286951
0.85, 0.293757, 0.26, 0.74, 0.298085
0.85, 0.289098, 0.26, 0.74, 0.295283
0.85, 0.30209, 0.26, 0.74, 0.297574
0.85, 0.290513, 0.26, 0.74, 0.292548
0.85, 0.300771, 0.26, 0.74, 0.294198
0.85, 0.291767, 0.26, 0.74, 0.293614
0.85, 0.296421, 0.26, 0.74, 0.299779
0.85, 0.308527, 0.27, 0.73, 0.308707
0.85, 0.302057, 0.27, 0.73, 0.302087
0.85, 0.311443, 0.27, 0.73, 0.311674
0.85, 0.304339, 0.27, 0.73, 0.306436
0.85, 0.295342, 0.27, 0.73, 0.300206
0.85, 0.298952, 0.27, 0.73, 0.307401
0.85, 0.314415, 0.27, 0.73, 0.31474
0.85, 0.298486, 0.27, 0.73, 0.301201
0.85, 0.304983, 0.27, 0.73, 0.308221
0.85, 0.318665, 0.27, 0.73, 0.313417
0.85, 0.304724, 0.27, 0.73, 0.30286
0.85, 0.300384, 0.27, 0.73, 0.302421
0.85, 0.314053, 0.27, 0.73, 0.308062
0.85, 0.304626, 0.27, 0.73, 0.304976
0.85, 0.299732, 0.27, 0.73, 0.30417
0.85, 0.301854, 0.27, 0.73, 0.306301
0.85, 0.30728, 0.27, 0.73, 0.308005
0.85, 0.295263, 0.27, 0.73, 0.297749
0.85, 0.307109, 0.27, 0.73, 0.308632
0.85, 0.312587, 0.27, 0.73, 0.310663
0.85, 0.293354, 0.27, 0.73, 0.300166
0.85, 0.308897, 0.27, 0.73, 0.310251
0.85, 0.310172, 0.27, 0.73, 0.309278
0.85, 0.313672, 0.27, 0.73, 0.309491
0.85, 0.299928, 0.27, 0.73, 0.300688
0.85, 0.319129, 0.28, 0.72, 0.319019
0.85, 0.319278, 0.28, 0.72, 0.318937
0.85, 0.316631, 0.28, 0.72, 0.317316
0.85, 0.32138, 0.28, 0.72, 0.314943
0.85, 0.324858, 0.28, 0.72, 0.32096
0.85, 0.325611, 0.28, 0.72, 0.326658
0.85, 0.309948, 0.28, 0.72, 0.311921
0.85, 0.317168, 0.28, 0.72, 0.320756
0.85, 0.325029, 0.28, 0.72, 0.324439
0.85, 0.332001, 0.28, 0.72, 0.328006
0.85, 0.318562, 0.28, 0.72, 0.316801
0.85, 0.310156, 0.28, 0.72, 0.315621
0.85, 0.328896, 0.28, 0.72, 0.325904
0.85, 0.319935, 0.28, 0.72, 0.322039
0.85, 0.318293, 0.28, 0.72, 0.315987
0.85, 0.319569, 0.28, 0.72, 0.31593
0.85, 0.318079, 0.28, 0.72, 0.32334
0.85, 0.309449, 0.28, 0.72, 0.314551
0.85, 0.321466, 0.28, 0.72, 0.324522
0.85, 0.327428, 0.28, 0.72, 0.326501
0.85, 0.323668, 0.28, 0.72, 0.319726
0.85, 0.31826, 0.28, 0.72, 0.322342
0.85, 0.320017, 0.28, 0.72, 0.318035
0.85, 0.324244, 0.28, 0.72, 0.325987
0.85, 0.314413, 0.28, 0.72, 0.315389
0.85, 0.328099, 0.29, 0.71, 0.331687
0.85, 0.322139, 0.29, 0.71, 0.328146
0.85, 0.330312, 0.29, 0.71, 0.331558
0.85, 0.330398, 0.29, 0.71, 0.336218
0.85, 0.329847, 0.29, 0.71, 0.322151
0.85, 0.340985, 0.29, 0.71, 0.332734
0.85, 0.33009, 0.29, 0.71, 0.331731
0.85, 0.332281, 0.29, 0.71, 0.335492
0.85, 0.32945, 0.29, 0.71, 0.327556
0.85, 0.342478, 0.29, 0.71, 0.337049
0.85, 0.33467, 0.29, 0.71, 0.33428
0.85, 0.333388, 0.29, 0.71, 0.335462
0.85, 0.336195, 0.29, 0.71, 0.336528
0.85, 0.352875, 0.29, 0.71, 0.3433
0.85, 0.325161, 0.29, 0.71, 0.333817
0.85, 0.335118, 0.29, 0.71, 0.338748
0.85, 0.330878, 0.29, 0.71, 0.336061
0.85, 0.320939, 0.29, 0.71, 0.323741
0.85, 0.324686, 0.29, 0.71, 0.328344
0.85, 0.343137, 0.29, 0.71, 0.343601
0.85, 0.336003, 0.29, 0.71, 0.341327
0.85, 0.328082, 0.29, 0.71, 0.332677
0.85, 0.326805, 0.29, 0.71, 0.325671
0.85, 0.341755, 0.29, 0.71, 0.336284
0.85, 0.329612, 0.29, 0.71, 0.333154
0.85, 0.348172, 0.3, 0.7, 0.34844
0.85, 0.360285, 0.3, 0.7, 0.355027
0.85, 0.354867, 0.3, 0.7, 0.354495
0.85, 0.351555, 0.3, 0.7, 0.351575
0.85, 0.352231, 0.3, 0.7, 0.356397
0.85, 0.334904, 0.3, 0.7, 0.337661
0.85, 0.340644, 0.3, 0.7, 0.342939
0.85, 0.347942, 0.3, 0.7, 0.346269
0.85, 0.354092, 0.3, 0.7, 0.353266
0.85, 0.347847, 0.3, 0.7, 0.354819
0.85, 0.348949, 0.3, 0.7, 0.349563
0.85, 0.348234, 0.3, 0.7, 0.346489
0.85, 0.351109, 0.3, 0.7, 0.353651
0.85, 0.341991, 0.3, 0.7, 0.345511
0.85, 0.350477, 0.3, 0.7, 0.347722
0.85, 0.344288, 0.3, 0.7, 0.348302
0.85, 0.346895, 0.3, 0.7, 0.349794
0.85, 0.34677, 0.3, 0.7, 0.347088
0.85, 0.358824, 0.3, 0.7, 0.355591
0.85, 0.347255, 0.3, 0.7, 0.346452
0.85, 0.349341, 0.3, 0.7, 0.350473
0.85, 0.354355, 0.3, 0.7, 0.349795
0.85, 0.34771, 0.3, 0.7, 0.34924
0.85, 0.341263, 0.3, 0.7, 0.342804
0.85, 0.353351, 0.3, 0.7, 0.348689
0.9, 0.155654, 0.15, 0.85, 0.15892
0.9, 0.151914, 0.15, 0.85, 0.151021
0.9, 0.163175, 0.15, 0.85, 0.162594
0.9, 0.150821, 0.15, 0.85, 0.151644
0.9, 0.153773, 0.15, 0.85, 0.161155
0.9, 0.15807, 0.15, 0.85, 0.156102
0.9, 0.157057, 0.15, 0.85, 0.155532
0.9, 0.158359, 0.15, 0.85, 0.160425
0.9, 0.157778, 0.15, 0.85, 0.162915
0.9, 0.159437, 0.15, 0.85, 0.160399
0.9, 0.164255, 0.15, 0.85, 0.161563
0.9, 0.161072, 0.15, 0.85, 0.161086
0.9, 0.157703, 0.15, 0.85, 0.157019
0.9, 0.151916, 0.15, 0.85, 0.154385
0.9, 0.158702, 0.15, 0.85, 0.155683
0.9, 0.159799, 0.15, 0.85, 0.159847
0.9, 0.16, 0.15, 0.85, 0.160066
0.9, 0.156237, 0.15, 0.85, 0.154009
0.9, 0.15703, 0.15, 0.85, 0.159423
0.9, 0.156732, 0.15, 0.85, 0.157732
0.9, 0.156067, 0.15, 0.85, 0.156952
0.9, 0.161114, 0.15, 0.85, 0.158008
0.9, 0.156386, 0.15, 0.85, 0.155337
0.9, 0.152265, 0.15, 0.85, 0.153637
0.9, 0.161596, 0.15, 0.85, 0.16181
0.9, 0.165798, 0.16, 0.84, 0.167605
0.9, 0.1602, 0.16, 0.84, 0.163823
0.9, 0.167031, 0.16, 0.84, 0.167729
0.9, 0.171563, 0.16, 0.84, 0.171388
0.9, 0.168395, 0.16, 0.84, 0.168171
0.9, 0.168552, 0.16, 0.84, 0.170301
0.9, 0.17531, 0.16, 0.84, 0.171446
0.9, 0.167067, 0.16, 0.84, 0.169165
0.9, 0.1738, 0.16, 0.84, 0.17378
0.9, 0.170365, 0.16, 0.84, 0.170965
0.9, 0.165528, 0.16, 0.84, 0.164833
0.9, 0.168297, 0.16, 0.84, 0.174732
0.9, 0.167228, 0.16, 0.84, 0.165222
0.9, 0.162521, 0.16, 0.84, 0.165062
0.9, 0.16443, 0.16, 0.84, 0.166073
0.9, 0.170473, 0.16, 0.84, 0.167904
0.9, 0.162175, 0.16, 0.84, 0.165712
0.9, 0.169231, 0.16, 0.84, 0.167166
0.9, 0.17368, 0.16, 0.84, 0.175338
0.9, 0.172833, 0.16, 0.84, 0.169584
0.9, 0.175349, 0.16, 0.84, 0.173557
0.9, 0.165825, 0.16, 0.84, 0.16967
0.9, 0.167477, 0.16, 0.84, 0.170469
0.9, 0.164773, 0.16, 0.84, 0.165887
0.9, 0.169411, 0.16, 0.84, 0.172853
0.9, 0.176986, 0.17, 0.83, 0.180287
0.9, 0.178893, 0.17, 0.83, 0.178205
0.9, 0.18059, 0.17, 0.83, 0.182419
0.9, 0.179412, 0.17, 0.83, 0.178619
0.9, 0.179532, 0.17, 0.83, 0.18307
0.9, 0.181006, 0.17, 0.83, 0.181388
0.9, 0.182154, 0.17, 0.83, 0.183796
0.9, 0.176576, 0.17, 0.83, 0.179847
0.9, 0.184433, 0.17, 0.83, 0.185886
0.9, 0.179542, 0.17, 0.83, 0.181142
0.9, 0.185327, 0.17, 0.83, 0.180997
0.9, 0.191562, 0.17, 0.83, 0.185618
0.9, 0.180792, 0.17, 0.83, 0.182504
0.9, 0.183942, 0.17, 0.83, 0.184495
0.9, 0.178877, 0.17, 0.83, 0.183069
0.9, 0.184328, 0.17, 0.83, 0.182467
0.9, 0.183677, 0.17, 0.83, 0.185542
0.9, 0.179879, 0.17, 0.83, 0.181252
0.9, 0.180601, 0.17, 0.83, 0.1821
0.9, 0.18267, 0.17, 0.83, 0.182018
0.9, 0.177572, 0.17, 0.83, 0.17823
0.9, 0.174236, 0.17, 0.83, 0.180486
0.9, 0.18321, 0.17, 0.83, 0.179079
0.9, 0.187043, 0.17, 0.83, 0.189577
0.9, 0.189921, 0.17, 0.83, 0.187337
0.9, 0.189236, 0.18, 0.82, 0.192255
0.9, 0.193623, 0.18, 0.82, 0.193953
0.9, 0.203786, 0.18, 0.82, 0.197833
0.9, 0.194917, 0.18, 0.82, 0.197801
0.9, 0.18865, 0.18, 0.82, 0.187679
0.9, 0.199462, 0.18, 0.82, 0.195208
0.9, 0.190714, 0.18, 0.82, 0.189499
0.9, 0.198234, 0.18, 0.82, 0.20523
0.9, 0.197514, 0.18, 0.82, 0.195203
0.9, 0.192672, 0.18, 0.82, 0.192282
0.9, 0.19546, 0.18, 0.82, 0.196578
0.9, 0.195884, 0.18, 0.82, 0.199571
0.9, 0.194512, 0.18, 0.82, 0.194393
0.9, 0.180452, 0.18, 0.82, 0.184537
0.9, 0.195388, 0.18, 0.82, 0.194333
0.9, 0.191934, 0.18, 0.82, 0.192395
0.9, 0.19461, 0.18, 0.82, 0.199065
0.9, 0.187884, 0.18, 0.82, 0.187588
0.9, 0.189358, 0.18, 0.82, 0.192356
0.9, 0.198629, 0.18, 0.82, 0.199465
0.9, 0.190029, 0.18, 0.82, 0.189174
0.9, 0.194792, 0.18, 0.82, 0.196736
0.9, 0.193371, 0.18, 0.82, 0.195903
0.9, 0.188345, 0.18, 0.82, 0.194033
0.9, 0.184818, 0.18, 0.82, 0.188934
0.9, 0.210653, 0.19, 0.81, 0.208616
0.9, 0.213465, 0.19, 0.81, 0.212135
0.9, 0.204691, 0.19, 0.81, 0.207836
0.9, 0.204779, 0.19, 0.81, 0.207072
0.9, 0.213911, 0.19, 0.81, 0.208186
0.9, 0.211079, 0.19, 0.81, 0.211992
0.9, 0.204549, 0.19, 0.81, 0.204354
0.9, 0.201713, 0.19, 0.81, 0.202425
0.9, 0.203496, 0.19, 0.81, 0.20535
0.9, 0.210035, 0.19, 0.81, 0.211862
0.9, 0.202019, 0.19, 0.81, 0.202623
0.9, 0.205048, 0.19, 0.81, 0.206102
0.9, 0.200377, 0.19, 0.81, 0.203351
0.9, 0.208759, 0.19, 0.81, 0.208992
0.9, 0.20074, 0.19, 0.81, 0.204512
0.9, 0.20778, 0.19, 0.81, 0.20671
0.9, 0.214129, 0.19, 0.81, 0.209174
0.9, 0.20841, 0.19, 0.81, 0.210359
0.9, 0.20539, 0.19, 0.81, 0.20657
0.9, 0.200925, 0.19, 0.81, 0.200441
0.9, 0.206287, 0.19, 0.81, 0.2045
0.9, 0.202729, 0.19, 0.81, 0.204039
0.9, 0.201299, 0.19, 0.81, 0.205745
0.9, 0.204838, 0.19, 0.81, 0.210315
0.9, 0.198314, 0.19, 0.81, 0.199887
0.9, 0.213468, 0.2, 0.8, 0.222051
0.9, 0.21487, 0.2, 0.8, 0.219407
0.9, 0.215167, 0.2, 0.8, 0.219726
0.9, 0.214941, 0.2, 0.8, 0.217536
0.9, 0.216427, 0.2, 0.8, 0.218754
0.9, 0.217023, 0.2, 0.8, 0.217526
0.9, 0.214347, 0.2, 0.8, 0.218695
0.9, 0.22188, 0.2, 0.8, 0.223656
0.9, 0.225427, 0.2, 0.8, 0.220059
0.9, 0.20828, 0.2, 0.8, 0.212658
0.9, 0.221207, 0.2, 0.8, 0.22628
0.9, 0.221188, 0.2, 0.8, 0.218243
0.9, 0.223627, 0.2, 0.8, 0.219908
0.9, 0.220472, 0.2, 0.8, 0.220536
0.9, 0.21626, 0.2, 0.8, 0.218311
0.9, 0.214574, 0.2, 0.8, 0.217322
0.9, 0.220891, 0.2, 0.8, 0.219916
0.9, 0.221287, 0.2, 0.8, 0.217263
0.9, 0.221846, 0.2, 0.8, 0.222229
0.9, 0.216391, 0.2, 0.8, 0.216715
0.9, 0.223725, 0.2, 0.8, 0.221999
0.9, 0.228601, 0.2, 0.8, 0.22255
0.9, 0.212618, 0.2, 0.8, 0.216488
0.9, 0.219592, 0.2, 0.8, 0.220481
0.9, 0.227215, 0.2, 0.8, 0.224875
0.9, 0.234503, 0.21, 0.79, 0.234838
0.9, 0.227597, 0.21, 0.79, 0.228482
0.9, 0.222701, 0.21, 0.79, 0.226219
0.9, 0.235259, 0.21, 0.79, 0.230804
0.9, 0.226346, 0.21, 0.79, 0.229106
0.9, 0.230018, 0.21, 0.79, 0.232975
0.9, 0.225773, 0.21, 0.79, 0.23313
0.9, 0.227144, 0.21, 0.79, 0.233959
0.9, 0.231583, 0.21, 0.79, 0.232986
0.9, 0.226656, 0.21, 0.79, 0.226303
0.9, 0.230423, 0.21, 0.79, 0.228156
0.9, 0.228987, 0.21, 0.79, 0.232842
0.9, 0.22517, 0.21, 0.79, 0.225827
0.9, 0.229465, 0.21, 0.79, 0.230655
0.9, 0.231706, 0.21, 0.79, 0.231897
0.9, 0.233243, 0.21, 0.79, 0.234597
0.9, 0.22738, 0.21, 0.79, 0.233078
0.9, 0.226755, 0.21, 0.79, 0.22863
0.9, 0.227205, 0.21, 0.79, 0.228601
0.9, 0.228818, 0.21, 0.79, 0.230743
0.9, 0.223732, 0.21, 0.79, 0.226233
0.9, 0.232892, 0.21, 0.79, 0.236797
0.9, 0.22151, 0.21, 0.79, 0.227031
0.9, 0.233062, 0.21, 0.79, 0.235017
0.9, 0.230541, 0.21, 0.79, 0.232816
0.9, 0.245235, 0.22, 0.78, 0.243855
0.9, 0.243342, 0.22, 0.78, 0.246636
0.9, 0.243999, 0.22, 0.78, 0.245692
0.9, 0.238586, 0.22, 0.78, 0.240148
0.9, 0.241225, 0.22, 0.78, 0.237874
0.9, 0.243138, 0.22, 0.78, 0.244386
0.9, 0.236725, 0.22, 0.78, 0.239028
0.9, 0.240645, 0.22, 0.78, 0.24389
0.9, 0.249625, 0.22, 0.78, 0.252956
0.9, 0.243592, 0.22, 0.78, 0.245478
0.9, 0.254663, 0.22, 0.78, 0.248997
0.9, 0.240232, 0.22, 0.78, 0.242956
0.9, 0.243831, 0.22, 0.78, 0.244106
0.9, 0.240501, 0.22, 0.78, 0.240159
0.9, 0.251014, 0.22, 0.78, 0.246773
0.9, 0.241809, 0.22, 0.78, 0.244146
0.9, 0.237246, 0.22, 0.78, 0.241072
0.9, 0.240852, 0.22, 0.78, 0.244563
0.9, 0.242801, 0.22, 0.78, 0.243872
0.9, 0.23928, 0.22, 0.78, 0.242929
0.9, 0.245335, 0.22, 0.78, 0.247277
0.9, 0.248904, 0.22, 0.78, 0.247409
0.9, 0.244345, 0.22, 0.78, 0.245885
0.9, 0.230147, 0.22, 0.78, 0.232967
0.9, 0.244866, 0.22, 0.78, 0.2456
0.9, 0.259297, 0.23, 0.77, 0.259014
0.9, 0.257213, 0.23, 0.77, 0.252413
0.9, 0.247533, 0.23, 0.77, 0.25285
0.9, 0.251514, 0.23, 0.77, 0.256169
0.9, 0.265115, 0.23, 0.77, 0.258498
0.9, 0.25174, 0.23, 0.77, 0.251664
0.9, 0.262362, 0.23, 0.77, 0.26087
0.9, 0.253551, 0.23, 0.77, 0.258746
0.9, 0.254513, 0.23, 0.77, 0.254747
0.9, 0.253149, 0.23, 0.77, 0.255024
0.9, 0.257623, 0.23, 0.77, 0.255382
0.9, 0.261085, 0.23, 0.77, 0.263791
0.9, 0.260991, 0.23, 0.77, 0.266524
0.9, 0.253421, 0.23, 0.77, 0.25749
0.9, 0.260183, 0.23, 0.77, 0.259634
0.9, 0.25779, 0.23, 0.77, 0.259216
0.9, 0.251855, 0.23, 0.77, 0.252689
0.9, 0.255726, 0.23, 0.77, 0.2551
0.9, 0.255592, 0.23, 0.77, 0.254186
0.9, 0.242336, 0.23, 0.77, 0.249595
0.9, 0.259034, 0.23, 0.77, 0.26157
0.9, 0.259173, 0.23, 0.77, 0.2578
0.9, 0.258131, 0.23, 0.77, 0.259749
0.9, 0.258239, 0.23, 0.77, 0.257287
0.9, 0.254113, 0.23, 0.77, 0.256685
0.9, 0.268224, 0.24, 0.76, 0.270613
0.9, 0.272516, 0.24, 0.76, 0.275333
0.9, 0.265115, 0.24, 0.76, 0.266864
0.9, 0.268499, 0.24, 0.76, 0.268632
0.9, 0.267515, 0.24, 0.76, 0.268463
0.9, 0.27023, 0.24, 0.76, 0.266883
0.9, 0.260034, 0.24, 0.76, 0.265104
0.9, 0.268094, 0.24, 0.76, 0.264458
0.9, 0.267541, 0.24, 0.76, 0.268895
0.9, 0.27954, 0.24, 0.76, 0.280688
0.9, 0.262094, 0.24, 0.76, 0.270813
0.9, 0.27794, 0.24, 0.76, 0.273992
0.9, 0.266033, 0.24, 0.76, 0.271944
0.9, 0.268531, 0.24, 0.76, 0.267472
0.9, 0.267276, 0.24, 0.76, 0.271948
0.9, 0.267389, 0.24, 0.76, 0.274551
0.9, 0.274797, 0.24, 0.76, 0.270302
0.9, 0.27167, 0.24, 0.76, 0.271062
0.9, 0.260085, 0.24, 0.76, 0.261814
0.9, 0.263346, 0.24, 0.76, 0.267039
0.9, 0.263488, 0.24, 0.76, 0.26552
0.9, 0.272438, 0.24, 0.76, 0.275444
0.9, 0.263884, 0.24, 0.76, 0.267138
0.9, 0.278675, 0.24, 0.76, 0.274629
0.9, 0.277206, 0.24, 0.76, 0.27607
0.9, 0.281875, 0.25, 0.75, 0.287967
0.9, 0.281027, 0.25, 0.75, 0.28127
0.9, 0.274449, 0.25, 0.75, 0.284997
0.9, 0.282958, 0.25, 0.75, 0.283758
0.9, 0.278505, 0.25, 0.75, 0.281321
0.9, 0.272181, 0.25, 0.75, 0.274834
0.9, 0.272681, 0.25, 0.75, 0.279599
0.9, 0.283104, 0.25, 0.75, 0.285824
0.9, 0.284751, 0.25, 0.75, 0.28513
0.9, 0.270831, 0.25, 0.75, 0.2776
0.9, 0.278023, 0.25, 0.75, 0.282875
0.9, 0.284168, 0.25, 0.75, 0.281169
0.9, 0.282298, 0.25, 0.75, 0.286783
0.9, 0.273965, 0.25, 0.75, 0.278205
0.9, 0.294575, 0.25, 0.75, 0.289532
0.9, 0.276198, 0.25, 0.75, 0.281424
0.9, 0.293283, 0.25, 0.75, 0.28827
0.9, 0.275744, 0.25, 0.75, 0.277272
0.9, 0.280827, 0.25, 0.75, 0.284173
0.9, 0.281706, 0.25, 0.75, 0.276852
0.9, 0.28656, 0.25, 0.75, 0.288267
0.9, 0.280499, 0.25, 0.75, 0.28277
0.9, 0.282871, 0.25, 0.75, 0.280813
0.9, 0.289241, 0.25, 0.75, 0.287557
0.9, 0.285819, 0.25, 0.75, 0.284116
0.9, 0.296283, 0.26, 0.74, 0.297296
0.9, 0.282805, 0.26, 0.74, 0.295081
0.9, 0.289822, 0.26, 0.74, 0.292789
0.9, 0.295337, 0.26, 0.74, 0.30241
0.9, 0.286439, 0.26, 0.74, 0.2911
0.9, 0.295266, 0.26, 0.74, 0.300488
0.9, 0.294586, 0.26, 0.74, 0.298519
0.9, 0.293657, 0.26, 0.74, 0.297487
0.9, 0.302655, 0.26, 0.74, 0.294403
0.9, 0.290138, 0.26, 0.74, 0.292687
0.9, 0.288547, 0.26, 0.74, 0.296082
0.9, 0.295528, 0.26, 0.74, 0.298974
0.9, 0.295356, 0.26, 0.74, 0.295946
0.9, 0.300148, 0.26, 0.74, 0.295606
0.9, 0.298841, 0.26, 0.74, 0.298016
0.9, 0.298374, 0.26, 0.74, 0.298398
0.9, 0.294378, 0.26, 0.74, 0.296109
0.9, 0.294516, 0.26, 0.74, 0.294455
0.9, 0.295592, 0.26, 0.74, 0.295932
0.9, 0.289898, 0.26, 0.74, 0.293361
0.9, 0.297253, 0.26, 0.74, 0.296681
0.9, 0.294835, 0.26, 0.74, 0.29418
0.9, 0.293351, 0.26, 0.74, 0.293791
0.9, 0.295909, 0.26, 0.74, 0.299959
0.9, 0.297018, 0.26, 0.74, 0.300692
0.9, 0.311621, 0.27, 0.73, 0.312382
0.9, 0.304463, 0.27, 0.73, 0.309515
0.9, 0.31168, 0.27, 0.73, 0.315274
0.9, 0.311977, 0.27, 0.73, 0.31323
0.9, 0.296381, 0.27, 0.73, 0.30365
0.9, 0.301905, 0.27, 0.73, 0.307387
0.9, 0.306943, 0.27, 0.73, 0.30951
0.9, 0.318771, 0.27, 0.73, 0.314158
0.9, 0.307132, 0.27, 0.73, 0.309876
0.9, 0.304084, 0.27, 0.73, 0.306721
0.9, 0.301972, 0.27, 0.73, 0.308224
0.9, 0.317856, 0.27, 0.73, 0.311047
0.9, 0.307152, 0.27, 0.73, 0.314644
0.9, 0.303571, 0.27, 0.73, 0.309676
0.9, 0.302999, 0.27, 0.73, 0.308693
0.9, 0.311925, 0.27, 0.73, 0.313052
0.9, 0.309694, 0.27, 0.73, 0.311518
0.9, 0.312347, 0.27, 0.73, 0.311711
0.9, 0.306113, 0.27, 0.73, 0.313306
0.9, 0.318966, 0.27, 0.73, 0.313739
0.9, 0.306743, 0.27, 0.73, 0.306745
0.9, 0.31952, 0.27, 0.73, 0.318275
0.9, 0.305076, 0.27, 0.73, 0.308783
0.9, 0.30949, 0.27, 0.73, 0.307336
0.9, 0.320388, 0.27, 0.73, 0.314796
0.9, 0.328745, 0.28, 0.72, 0.329435
0.9, 0.316735, 0.28, 0.72, 0.317792
0.9, 0.323726, 0.28, 0.72, 0.328245
0.9, 0.323254, 0.28, 0.72, 0.328137
0.9, 0.319487, 0.28, 0.72, 0.323958
0.9, 0.32239, 0.28, 0.72, 0.321723
0.9, 0.322464, 0.28, 0.72, 0.323698
0.9, 0.324659, 0.28, 0.72, 0.324234
0.9, 0.321183, 0.28, 0.72, 0.324093
0.9, 0.318308, 0.28, 0.72, 0.321014
0.9, 0.321439, 0.28, 0.72, 0.327513
0.9, 0.325306, 0.28, 0.72, 0.321736
0.9, 0.317382, 0.28, 0.72, 0.327306
0.9, 0.325196, 0.28, 0.72, 0.325279
0.9, 0.325958, 0.28, 0.72, 0.325857
0.9, 0.33502, 0.28, 0.72, 0.330328
0.9, 0.329079, 0.28, 0.72, 0.329142
0.9, 0.32868, 0.28, 0.72, 0.332418
0.9, 0.329446, 0.28, 0.72, 0.325786
0.9, 0.330583, 0.28, 0.72, 0.329794
0.9, 0.319757, 0.28, 0.72, 0.318834
0.9, 0.324769, 0.28, 0.72, 0.324511
0.9, 0.326804, 0.28, 0.72, 0.327666
0.9, 0.331507, 0.28, 0.72, 0.32749
0.9, 0.322671, 0.28, 0.72, 0.324953
0.9, 0.336908, 0.29, 0.71, 0.33824
0.9, 0.337911, 0.29, 0.71, 0.339085
0.9, 0.336292, 0.29, 0.71, 0.336257
0.9, 0.33422, 0.29, 0.71, 0.337726
0.9, 0.337812, 0.29, 0.71, 0.33491
0.9, 0.337795, 0.29, 0.71, 0.336437
0.9, 0.340129, 0.29, 0.71, 0.343377
0.9, 0.32556, 0.29, 0.71, 0.335184
0.9, 0.342889, 0.29, 0.71, 0.340236
0.9, 0.337651, 0.29, 0.71, 0.341573
0.9, 0.341086, 0.29, 0.71, 0.339685
0.9, 0.340294, 0.29, 0.71, 0.338046
0.9, 0.338336, 0.29, 0.71, 0.33781
0.9, 0.334993, 0.29, 0.71, 0.335144
0.9, 0.337508, 0.29, 0.71, 0.341294
0.9, 0.348691, 0.29, 0.71, 0.343299
0.9, 0.333124, 0.29, 0.71, 0.334619
0.9, 0.337806, 0.29, 0.71, 0.338032
0.9, 0.341206, 0.29, 0.71, 0.337151
0.9, 0.341929, 0.29, 0.71, 0.341468
0.9, 0.340618, 0.29, 0.71, 0.340198
0.9, 0.335488, 0.29, 0.71, 0.336788
0.9, 0.338058, 0.29, 0.71, 0.339424
0.9, 0.333199, 0.29, 0.71, 0.339112
0.9, 0.339647, 0.29, 0.71, 0.339907
0.9, 0.343175, 0.3, 0.7, 0.343069
0.9, 0.348375, 0.3, 0.7, 0.353354
0.9, 0.348348, 0.3, 0.7, 0.349876
0.9, 0.353657, 0.3, 0.7, 0.35231
0.9, 0.356686, 0.3, 0.7, 0.361478
0.9, 0.345066, 0.3, 0.7, 0.343543
0.9, 0.359784, 0.3, 0.7, 0.355289
0.9, 0.350364, 0.3, 0.7, 0.350118
0.9, 0.347606, 0.3, 0.7, 0.350347
0.9, 0.344405, 0.3, 0.7, 0.351027
0.9, 0.34987, 0.3, 0.7, 0.348666
0.9, 0.359494, 0.3, 0.7, 0.361674
0.9, 0.35515, 0.3, 0.7, 0.355575
0.9, 0.346749, 0.3, 0.7, 0.345582
0.9, 0.355241, 0.3, 0.7, 0.359729
0.9, 0.349549, 0.3, 0.7, 0.350582
0.9, 0.362072, 0.3, 0.7, 0.360536
0.9, 0.363617, 0.3, 0.7, 0.363343
0.9, 0.354236, 0.3, 0.7, 0.353452
0.9, 0.354261, 0.3, 0.7, 0.353953
0.9, 0.348135, 0.3, 0.7, 0.352711
0.9, 0.354753, 0.3, 0.7, 0.354025
0.9, 0.341977, 0.3, 0.7, 0.340817
0.9, 0.360917, 0.3, 0.7, 0.362214
0.9, 0.344928, 0.3, 0.7, 0.34706
0.95, 0.160225, 0.15, 0.85, 0.162644
0.95, 0.162745, 0.15, 0.85, 0.164163
0.95, 0.155855, 0.15, 0.85, 0.15687
0.95, 0.153938, 0.15, 0.85, 0.158354
0.95, 0.158702, 0.15, 0.85, 0.163008
0.95, 0.163121, 0.15, 0.85, 0.16049
0.95, 0.165586, 0.15, 0.85, 0.16838
0.95, 0.159687, 0.15, 0.85, 0.158162
0.95, 0.165435, 0.15, 0.85, 0.163826
0.95, 0.162043, 0.15, 0.85, 0.165881
0.95, 0.164699, 0.15, 0.85, 0.164734
0.95, 0.16054, 0.15, 0.85, 0.16271
0.95, 0.162748, 0.15, 0.85, 0.163244
0.95, 0.162581, 0.15, 0.85, 0.161449
0.95, 0.160011, 0.15, 0.85, 0.161948
0.95, 0.161727, 0.15, 0.85, 0.162408
0.95, 0.158405, 0.15, 0.85, 0.163034
0.95, 0.164691, 0.15, 0.85, 0.16379
0.95, 0.155414, 0.15, 0.85, 0.157175
0.95, 0.169449, 0.15, 0.85, 0.164425
0.95, 0.160547, 0.15, 0.85, 0.162475
0.95, 0.153537, 0.15, 0.85, 0.154101
0.95, 0.164252, 0.15, 0.85, 0.163336
0.95, 0.160766, 0.15, 0.85, 0.156931
0.95, 0.162243, 0.15, 0.85, 0.164001
0.95, 0.17165, 0.16, 0.84, 0.169676
0.95, 0.18417, 0.16, 0.84, 0.182399
0.95, 0.173301, 0.16, 0.84, 0.176654
0.95, 0.175184, 0.16, 0.84, 0.177155
0.95, 0.171305, 0.16, 0.84, 0.17597
0.95, 0.17446, 0.16, 0.84, 0.173794
0.95, 0.17727, 0.16, 0.84, 0.177603
0.95, 0.160567, 0.16, 0.84, 0.163549
0.95, 0.17819, 0.16, 0.84, 0.176392
0.95, 0.171053, 0.16, 0.84, 0.171745
0.95, 0.169927, 0.16, 0.84, 0.174132
0.95, 0.168025, 0.16, 0.84, 0.16974
0.95, 0.167735, 0.16, 0.84, 0.169629
0.95, 0.174363, 0.16, 0.84, 0.173956
0.95, 0.180078, 0.16, 0.84, 0.179915
0.95, 0.17687, 0.16, 0.84, 0.177173
0.95, 0.170689, 0.16, 0.84, 0.170825
0.95, 0.173316, 0.16, 0.84, 0.176091
0.95, 0.179878, 0.16, 0.84, 0.180347
0.95, 0.181297, 0.16, 0.84, 0.176954
0.95, 0.163108, 0.16, 0.84, 0.163271
0.95, 0.171392, 0.16, 0.84, 0.17022
0.95, 0.17257, 0.16, 0.84, 0.173137
0.95, 0.173517, 0.16, 0.84, 0.172951
0.95, 0.173475, 0.16, 0.84, 0.172163
0.95, 0.175871, 0.17, 0.83, 0.183116
0.95, 0.184911, 0.17, 0.83, 0.184403
0.95, 0.183689, 0.17, 0.83, 0.18337
0.95, 0.176114, 0.17, 0.83, 0.176282
0.95, 0.190177, 0.17, 0.83, 0.187903
0.95, 0.182101, 0.17, 0.83, 0.182259
0.95, 0.187046, 0.17, 0.83, 0.185009
0.95, 0.178615, 0.17, 0.83, 0.182126
0.95, 0.186379, 0.17, 0.83, 0.183427
0.95, 0.187095, 0.17, 0.83, 0.187094
0.95, 0.190699, 0.17, 0.83, 0.19213
0.95, 0.19029, 0.17, 0.83, 0.191558
0.95, 0.183374, 0.17, 0.83, 0.188386
0.95, 0.190105, 0.17, 0.83, 0.192635
0.95, 0.187089, 0.17, 0.83, 0.187966
0.95, 0.178935, 0.17, 0.83, 0.177833
0.95, 0.183815, 0.17, 0.83, 0.182996
0.95, 0.179766, 0.17, 0.83, 0.183089
0.95, 0.192292, 0.17, 0.83, 0.189282
0.95, 0.187119, 0.17, 0.83, 0.185732
0.95, 0.183928, 0.17, 0.83, 0.180606
0.95, 0.180238, 0.17, 0.83, 0.187089
0.95, 0.187421, 0.17, 0.83, 0.188264
0.95, 0.190654, 0.17, 0.83, 0.187405
0.95, 0.186308, 0.17, 0.83, 0.1896
0.95, 0.201544, 0.18, 0.82, 0.205137
0.95, 0.197902, 0.18, 0.82, 0.197374
0.95, 0.201534, 0.18, 0.82, 0.195898
0.95, 0.200937, 0.18, 0.82, 0.199184
0.95, 0.190791, 0.18, 0.82, 0.195337
0.95, 0.192952, 0.18, 0.82, 0.198238
0.95, 0.190612, 0.18, 0.82, 0.192718
0.95, 0.199409, 0.18, 0.82, 0.198341
0.95, 0.192386, 0.18, 0.82, 0.194392
0.95, 0.204929, 0.18, 0.82, 0.201906
0.95, 0.195092, 0.18, 0.82, 0.198003
0.95, 0.20643, 0.18, 0.82, 0.207551
0.95, 0.198463, 0.18, 0.82, 0.203921
0.95, 0.199724, 0.18, 0.82, 0.200134
0.95, 0.204167, 0.18, 0.82, 0.202257
0.95, 0.195699, 0.18, 0.82, 0.197913
0.95, 0.194098, 0.18, 0.82, 0.195547
0.95, 0.202457, 0.18, 0.82, 0.200342
0.95, 0.197872, 0.18, 0.82, 0.200739
0.95, 0.200429, 0.18, 0.82, 0.198147
0.95, 0.198769, 0.18, 0.82, 0.198859
0.95, 0.197831, 0.18, 0.82, 0.19943
0.95, 0.199682, 0.18, 0.82, 0.195673
0.95, 0.194885, 0.18, 0.82, 0.195212
0.95, 0.196048, 0.18, 0.82, 0.196897
0.95, 0.214725, 0.19, 0.81, 0.21222
0.95, 0.203537, 0.19, 0.81, 0.206169
0.95, 0.208815, 0.19, 0.81, 0.212419
0.95, 0.215636, 0.19, 0.81, 0.218897
0.95, 0.207163, 0.19, 0.81, 0.212664
0.95, 0.20694, 0.19, 0.81, 0.210274
0.95, 0.207453, 0.19, 0.81, 0.210591
0.95, 0.20608, 0.19, 0.81, 0.212077
0.95, 0.207112, 0.19, 0.81, 0.208548
0.95, 0.204126, 0.19, 0.81, 0.206495
0.95, 0.21551, 0.19, 0.81, 0.215189
0.95, 0.210082, 0.19, 0.81, 0.212357
0.95, 0.213413, 0.19, 0.81, 0.213031
0.95, 0.202312, 0.19, 0.81, 0.210496
0.95, 0.204329, 0.19, 0.81, 0.203143
0.95, 0.205376, 0.19, 0.81, 0.208404
0.95, 0.203285, 0.19, 0.81, 0.204614
0.95, 0.209082, 0.19, 0.81, 0.208062
0.95, 0.208285, 0.19, 0.81, 0.2099
0.95, 0.206322, 0.19, 0.81, 0.209704
0.95, 0.213211, 0.19, 0.81, 0.210972
0.95, 0.207608, 0.19, 0.81, 0.212302
0.95, 0.211203, 0.19, 0.81, 0.212696
0.95, 0.206027, 0.19, 0.81, 0.213032
0.95, 0.200566, 0.19, 0.81, 0.203548
0.95, 0.221514, 0.2, 0.8, 0.226348
0.95, 0.232646, 0.2, 0.8, 0.229711
0.95, 0.21626, 0.2, 0.8, 0.217808
0.95, 0.223972, 0.2, 0.8, 0.223919
0.95, 0.21831, 0.2, 0.8, 0.225234
0.95, 0.220816, 0.2, 0.8, 0.219595
0.95, 0.216878, 0.2, 0.8, 0.224292
0.95, 0.215157, 0.2, 0.8, 0.219953
0.95, 0.225526, 0.2, 0.8, 0.227572
0.95, 0.222666, 0.2, 0.8, 0.224842
0.95, 0.227854, 0.2, 0.8, 0.23114
0.95, 0.213922, 0.2, 0.8, 0.2169
0.95, 0.216448, 0.2, 0.8, 0.217026
0.95, 0.223491, 0.2, 0.8, 0.222744
0.95, 0.224781, 0.2, 0.8, 0.22516
0.95, 0.22383, 0.2, 0.8, 0.227784
0.95, 0.222754, 0.2, 0.8, 0.227128
0.95, 0.222222, 0.2, 0.8, 0.223275
0.95, 0.221067, 0.2, 0.8, 0.227694
0.95, 0.223016, 0.2, 0.8, 0.226439
0.95, 0.219291, 0.2, 0.8, 0.228255
0.95, 0.218949, 0.2, 0.8, 0.22478
0.95, 0.222873, 0.2, 0.8, 0.221852
0.95, 0.229771, 0.2, 0.8, 0.230152
0.95, 0.213838, 0.2, 0.8, 0.220619
0.95, 0.237051, 0.21, 0.79, 0.23573
0.95, 0.240467, 0.21, 0.79, 0.237256
0.95, 0.229281, 0.21, 0.79, 0.230747
0.95, 0.244561, 0.21, 0.79, 0.242081
0.95, 0.23292, 0.21, 0.79, 0.235156
0.95, 0.23877, 0.21, 0.79, 0.23723
0.95, 0.227807, 0.21, 0.79, 0.2339
0.95, 0.236734, 0.21, 0.79, 0.238112
0.95, 0.233911, 0.21, 0.79, 0.232333
0.95, 0.233088, 0.21, 0.79, 0.236736
0.95, 0.235764, 0.21, 0.79, 0.237112
0.95, 0.227955, 0.21, 0.79, 0.232946
0.95, 0.235266, 0.21, 0.79, 0.239494
0.95, 0.232426, 0.21, 0.79, 0.236791
0.95, 0.232821, 0.21, 0.79, 0.235943
0.95, 0.240349, 0.21, 0.79, 0.238869
0.95, 0.234455, 0.21, 0.79, 0.23637
0.95, 0.228698, 0.21, 0.79, 0.228169
0.95, 0.233743, 0.21, 0.79, 0.235608
0.95, 0.231742, 0.21, 0.79, 0.23552
0.95, 0.236917, 0.21, 0.79, 0.238505
0.95, 0.244435, 0.21, 0.79, 0.242877
0.95, 0.230984, 0.21, 0.79, 0.23466
0.95, 0.220267, 0.21, 0.79, 0.231726
0.95, 0.24424, 0.21, 0.79, 0.244063
0.95, 0.244782, 0.22, 0.78, 0.24742
0.95, 0.246624, 0.22, 0.78, 0.251404
0.95, 0.252365, 0.22, 0.78, 0.253495
0.95, 0.245762, 0.22, 0.78, 0.24602
0.95, 0.248908, 0.22, 0.78, 0.247841
0.95, 0.255814, 0.22, 0.78, 0.25804
0.95, 0.247537, 0.22, 0.78, 0.250884
0.95, 0.23876, 0.22, 0.78, 0.242925
0.95, 0.241448, 0.22, 0.78, 0.243504
0.95, 0.245437, 0.22, 0.78, 0.244704
0.95, 0.234357, 0.22, 0.78, 0.242833
0.95, 0.253518, 0.22, 0.78, 0.248054
0.95, 0.25259, 0.22, 0.78, 0.248721
0.95, 0.24646, 0.22, 0.78, 0.252381
0.95, 0.252068, 0.22, 0.78, 0.246639
0.95, 0.240393, 0.22, 0.78, 0.244976
0.95, 0.239898, 0.22, 0.78, 0.247926
0.95, 0.250689, 0.22, 0.78, 0.250115
0.95, 0.249858, 0.22, 0.78, 0.247034
0.95, 0.244418, 0.22, 0.78, 0.249541
0.95, 0.247452, 0.22, 0.78, 0.253261
0.95, 0.25237, 0.22, 0.78, 0.25378
0.95, 0.248462, 0.22, 0.78, 0.245436
0.95, 0.237899, 0.22, 0.78, 0.246078
0.95, 0.245433, 0.22, 0.78, 0.246501
0.95, 0.265392, 0.23, 0.77, 0.264343
0.95, 0.265595, 0.23, 0.77, 0.264841
0.95, 0.254, 0.23, 0.77, 0.25632
0.95, 0.264802, 0.23, 0.77, 0.262758
0.95, 0.25759, 0.23, 0.77, 0.262591
0.95, 0.2596, 0.23, 0.77, 0.262129
0.95, 0.256049, 0.23, 0.77, 0.260391
0.95, 0.252777, 0.23, 0.77, 0.256507
0.95, 0.260661, 0.23, 0.77, 0.26357
0.95, 0.255228, 0.23, 0.77, 0.255718
0.95, 0.250086, 0.23, 0.77, 0.250649
0.95, 0.256073, 0.23, 0.77, 0.257585
0.95, 0.271648, 0.23, 0.77, 0.273924
0.95, 0.267192, 0.23, 0.77, 0.267881
0.95, 0.259788, 0.23, 0.77, 0.260577
0.95, 0.25365, 0.23, 0.77, 0.256421
0.95, 0.252623, 0.23, 0.77, 0.26058
0.95, 0.260896, 0.23, 0.77, 0.26303
0.95, 0.266793, 0.23, 0.77, 0.263897
0.95, 0.258186, 0.23, 0.77, 0.260017
0.95, 0.256524, 0.23, 0.77, 0.265015
0.95, 0.259468, 0.23, 0.77, 0.259195
0.95, 0.256064, 0.23, 0.77, 0.258615
0.95, 0.257924, 0.23, 0.77, 0.262353
0.95, 0.26184, 0.23, 0.77, 0.264022
0.95, 0.267491, 0.24, 0.76, 0.269854
0.95, 0.274983, 0.24, 0.76, 0.279847
0.95, 0.276878, 0.24, 0.76, 0.27727
0.95, 0.266901, 0.24, 0.76, 0.264386
0.95, 0.275275, 0.24, 0.76, 0.274623
0.95, 0.276583, 0.24, 0.76, 0.275754
0.95, 0.268552, 0.24, 0.76, 0.270875
0.95, 0.275473, 0.24, 0.76, 0.274329
0.95, 0.262861, 0.24, 0.76, 0.27
0.95, 0.272058, 0.24, 0.76, 0.27183
0.95, 0.272652, 0.24, 0.76, 0.278391
0.95, 0.274465, 0.24, 0.76, 0.277697
0.95, 0.278527, 0.24, 0.76, 0.275583
0.95, 0.279329, 0.24, 0.76, 0.28305
0.95, 0.270501, 0.24, 0.76, 0.271692
0.95, 0.273044, 0.24, 0.76, 0.274896
0.95, 0.280872, 0.24, 0.76, 0.280587
0.95, 0.275639, 0.24, 0.76, 0.277407
0.95, 0.279189, 0.24, 0.76, 0.278327
0.95, 0.273791, 0.24, 0.76, 0.277255
0.95, 0.273831, 0.24, 0.76, 0.276758
0.95, 0.276409, 0.24, 0.76, 0.278554
0.95, 0.271331, 0.24, 0.76, 0.272333
0.95, 0.278899, 0.24, 0.76, 0.278931
0.95, 0.27092, 0.24, 0.76, 0.271278
0.95, 0.279897, 0.25, 0.75, 0.284574
0.95, 0.2877, 0.25, 0.75, 0.284947
0.95, 0.288175, 0.25, 0.75, 0.294754
0.95, 0.302275, 0.25, 0.75, 0.295296
0.95, 0.293533, 0.25, 0.75, 0.297117
0.95, 0.284285, 0.25, 0.75, 0.283664
0.95, 0.285787, 0.25, 0.75, 0.289517
0.95, 0.287899, 0.25, 0.75, 0.287079
0.95, 0.283875, 0.25, 0.75, 0.286257
0.95, 0.297288, 0.25, 0.75, 0.297223
0.95, 0.282496, 0.25, 0.75, 0.287573
0.95, 0.287096, 0.25, 0.75, 0.289624
0.95, 0.287395, 0.25, 0.75, 0.290066
0.95, 0.285957, 0.25, 0.75, 0.284511
0.95, 0.2866, 0.25, 0.75, 0.288678
0.95, 0.28856, 0.25, 0.75, 0.288519
0.95, 0.288273, 0.25, 0.75, 0.288731
0.95, 0.283598, 0.25, 0.75, 0.286407
0.95, 0.281318, 0.25, 0.75, 0.288376
0.95, 0.290499, 0.25, 0.75, 0.290302
0.95, 0.291627, 0.25, 0.75, 0.289716
0.95, 0.279683, 0.25, 0.75, 0.284055
0.95, 0.284072, 0.25, 0.75, 0.286301
0.95, 0.291358, 0.25, 0.75, 0.288829
0.95, 0.285469, 0.25, 0.75, 0.289003
0.95, 0.296866, 0.26, 0.74, 0.300947
0.95, 0.303413, 0.26, 0.74, 0.305449
0.95, 0.298742, 0.26, 0.74, 0.299948
0.95, 0.301933, 0.26, 0.74, 0.296786
0.95, 0.291429, 0.26, 0.74, 0.291806
0.95, 0.302546, 0.26, 0.74, 0.298806
0.95, 0.307269, 0.26, 0.74, 0.307598
0.95, 0.296306, 0.26, 0.74, 0.303036
0.95, 0.299461, 0.26, 0.74, 0.30341
0.95, 0.302608, 0.26, 0.74, 0.300448
0.95, 0.295338, 0.26, 0.74, 0.295777
0.95, 0.301654, 0.26, 0.74, 0.303474
0.95, 0.308326, 0.26, 0.74, 0.306742
0.95, 0.296459, 0.26, 0.74, 0.296401
0.95, 0.305948, 0.26, 0.74, 0.303387
0.95, 0.289109, 0.26, 0.74, 0.295915
0.95, 0.302854, 0.26, 0.74, 0.303333
0.95, 0.301328, 0.26, 0.74, 0.299965
0.95, 0.291223, 0.26, 0.74, 0.295021
0.95, 0.301578, 0.26, 0.74, 0.296187
0.95, 0.299051, 0.26, 0.74, 0.303029
0.95, 0.295732, 0.26, 0.74, 0.297506
0.95, 0.300472, 0.26, 0.74, 0.299751
0.95, 0.299149, 0.26, 0.74, 0.303883
0.95, 0.299352, 0.26, 0.74, 0.304657
0.95, 0.306248, 0.27, 0.73, 0.307948
0.95, 0.31236, 0.27, 0.73, 0.317315
0.95, 0.317831, 0.27, 0.73, 0.314568
0.95, 0.304454, 0.27, 0.73, 0.310304
0.95, 0.315323, 0.27, 0.73, 0.317988
0.95, 0.321272, 0.27, 0.73, 0.314709
0.95, 0.311495, 0.27, 0.73, 0.309556
0.95, 0.304372, 0.27, 0.73, 0.310581
0.95, 0.316919, 0.27, 0.73, 0.318932
0.95, 0.313354, 0.27, 0.73, 0.311959
0.95, 0.314018, 0.27, 0.73, 0.313441
0.95, 0.315814, 0.27, 0.73, 0.3179
0.95, 0.313849, 0.27, 0.73, 0.310598
0.95, 0.314404, 0.27, 0.73, 0.311599
0.95, 0.307562, 0.27, 0.73, 0.311627
0.95, 0.318984, 0.27, 0.73, 0.321085
0.95, 0.311272, 0.27, 0.73, 0.313186
0.95, 0.324663, 0.27, 0.73, 0.320254
0.95, 0.313552, 0.27, 0.73, 0.316954
0.95, 0.309319, 0.27, 0.73, 0.315768
0.95, 0.308389, 0.27, 0.73, 0.312031
0.95, 0.305508, 0.27, 0.73, 0.313789
0.95, 0.310672, 0.27, 0.73, 0.317501
0.95, 0.311534, 0.27, 0.73, 0.314036
0.95, 0.311683, 0.27, 0.73, 0.312574
0.95, 0.315793, 0.28, 0.72, 0.323109
0.95, 0.324244, 0.28, 0.72, 0.326615
0.95, 0.32043, 0.28, 0.72, 0.321374
0.95, 0.322776, 0.28, 0.72, 0.328932
0.95, 0.325508, 0.28, 0.72, 0.328025
0.95, 0.330225, 0.28, 0.72, 0.326256
0.95, 0.323725, 0.28, 0.72, 0.327167
0.95, 0.33188, 0.28, 0.72, 0.33294
0.95, 0.334535, 0.28, 0.72, 0.334269
0.95, 0.325237, 0.28, 0.72, 0.329809
0.95, 0.327674, 0.28, 0.72, 0.324497
0.95, 0.330545, 0.28, 0.72, 0.330874
0.95, 0.322654, 0.28, 0.72, 0.326228
0.95, 0.333019, 0.28, 0.72, 0.333152
0.95, 0.322331, 0.28, 0.72, 0.325936
0.95, 0.320944, 0.28, 0.72, 0.3251
0.95, 0.329246, 0.28, 0.72, 0.331967
0.95, 0.334283, 0.28, 0.72, 0.333647
0.95, 0.326271, 0.28, 0.72, 0.321567
0.95, 0.337347, 0.28, 0.72, 0.331483
0.95, 0.318839, 0.28, 0.72, 0.325033
0.95, 0.326859, 0.28, 0.72, 0.328598
0.95, 0.324313, 0.28, 0.72, 0.32773
0.95, 0.328849, 0.28, 0.72, 0.332469
0.95, 0.32514, 0.28, 0.72, 0.327041
0.95, 0.351759, 0.29, 0.71, 0.355654
0.95, 0.342989, 0.29, 0.71, 0.343413
0.95, 0.337117, 0.29, 0.71, 0.338772
0.95, 0.332284, 0.29, 0.71, 0.336578
0.95, 0.343066, 0.29, 0.71, 0.344261
0.95, 0.340077, 0.29, 0.71, 0.340832
0.95, 0.340008, 0.29, 0.71, 0.344041
0.95, 0.343473, 0.29, 0.71, 0.346864
0.95, 0.339366, 0.29, 0.71, 0.338884
0.95, 0.349761, 0.29, 0.71, 0.348105
0.95, 0.344649, 0.29, 0.71, 0.345217
0.95, 0.342101, 0.29, 0.71, 0.341996
0.95, 0.337914, 0.29, 0.71, 0.335568
0.95, 0.341407, 0.29, 0.71, 0.340216
0.95, 0.340108, 0.29, 0.71, 0.345653
0.95, 0.338096, 0.29, 0.71, 0.337975
0.95, 0.341525, 0.29, 0.71, 0.349466
0.95, 0.335094, 0.29, 0.71, 0.34063
0.95, 0.338577, 0.29, 0.71, 0.342101
0.95, 0.34863, 0.29, 0.71, 0.345458
0.95, 0.340391, 0.29, 0.71, 0.34378
0.95, 0.333129, 0.29, 0.71, 0.332836
0.95, 0.343397, 0.29, 0.71, 0.344434
0.95, 0.333197, 0.29, 0.71, 0.333801
0.95, 0.350887, 0.29, 0.71, 0.346205
0.95, 0.358941, 0.3, 0.7, 0.36074
0.95, 0.35604, 0.3, 0.7, 0.361564
0.95, 0.35171, 0.3, 0.7, 0.353944
0.95, 0.346098, 0.3, 0.7, 0.35585
0.95, 0.356934, 0.3, 0.7, 0.354264
0.95, 0.350619, 0.3, 0.7, 0.354032
0.95, 0.360654, 0.3, 0.7, 0.361343
0.95, 0.354412, 0.3, 0.7, 0.355518
0.95, 0.352093, 0.3, 0.7, 0.353843
0.95, 0.358055, 0.3, 0.7, 0.355258
0.95, 0.356154, 0.3, 0.7, 0.354872
0.95, 0.346765, 0.3, 0.7, 0.355334
0.95, 0.360652, 0.3, 0.7, 0.35852
0.95, 0.356044, 0.3, 0.7, 0.357468
0.95, 0.362097, 0.3, 0.7, 0.362942
0.95, 0.364049, 0.3, 0.7, 0.359955
0.95, 0.356824, 0.3, 0.7, 0.358027
0.95, 0.350356, 0.3, 0.7, 0.354329
0.95, 0.359073, 0.3, 0.7, 0.354369
0.95, 0.35254, 0.3, 0.7, 0.352959
0.95, 0.36455, 0.3, 0.7, 0.361969
0.95, 0.351435, 0.3, 0.7, 0.358039
0.95, 0.359664, 0.3, 0.7, 0.360561
0.95, 0.353523, 0.3, 0.7, 0.356618
0.95, 0.362139, 0.3, 0.7, 0.359453
1, 0.164153, 0.15, 0.85, 0.167921
1, 0.170181, 0.15, 0.85, 0.168072
1, 0.161365, 0.15, 0.85, 0.161318
1, 0.161035, 0.15, 0.85, 0.164026
1, 0.166835, 0.15, 0.85, 0.167181
1, 0.162764, 0.15, 0.85, 0.164211
1, 0.166839, 0.15, 0.85, 0.170276
1, 0.166557, 0.15, 0.85, 0.168097
1, 0.164227, 0.15, 0.85, 0.163315
1, 0.169755, 0.15, 0.85, 0.173971
1, 0.166146, 0.15, 0.85, 0.165904
1, 0.159302, 0.15, 0.85, 0.162757
1, 0.158996, 0.15, 0.85, 0.160154
1, 0.160867, 0.15, 0.85, 0.160341
1, 0.155124, 0.15, 0.85, 0.160704
1, 0.161667, 0.15, 0.85, 0.16396
1, 0.167034, 0.15, 0.85, 0.168733
1, 0.1598, 0.15, 0.85, 0.164544
1, 0.164948, 0.15, 0.85, 0.163625
1, 0.166395, 0.15, 0.85, 0.168966
1, 0.163768, 0.15, 0.85, 0.16608
1, 0.163244, 0.15, 0.85, 0.170342
1, 0.173798, 0.15, 0.85, 0.172757
1, 0.163064, 0.15, 0.85, 0.162978
1, 0.166791, 0.15, 0.85, 0.169751
1, 0.177939, 0.16, 0.84, 0.177021
1, 0.179192, 0.16, 0.84, 0.178511
1, 0.174266, 0.16, 0.84, 0.177472
1, 0.174251, 0.16, 0.84, 0.177412
1, 0.181877, 0.16, 0.84, 0.183727
1, 0.171985, 0.16, 0.84, 0.172648
1, 0.181821, 0.16, 0.84, 0.18148
1, 0.177108, 0.16, 0.84, 0.176549
1, 0.179421, 0.16, 0.84, 0.180639
1, 0.180872, 0.16, 0.84, 0.178219
1, 0.179268, 0.16, 0.84, 0.179116
1, 0.17947, 0.16, 0.84, 0.178874
1, 0.171669, 0.16, 0.84, 0.175992
1, 0.173032, 0.16, 0.84, 0.174288
1, 0.177073, 0.16, 0.84, 0.175459
1, 0.172107, 0.16, 0.84, 0.174208
1, 0.174553, 0.16, 0.84, 0.177322
1, 0.183062, 0.16, 0.84, 0.180746
1, 0.176853, 0.16, 0.84, 0.177608
1, 0.176259, 0.16, 0.84, 0.178348
1, 0.174782, 0.16, 0.84, 0.177042
1, 0.178953, 0.16, 0.84, 0.178819
1, 0.172868, 0.16, 0.84, 0.176992
1, 0.182431, 0.16, 0.84, 0.182273
1, 0.172503, 0.16, 0.84, 0.177292
1, 0.184871, 0.17, 0.83, 0.186152
1, 0.194591, 0.17, 0.83, 0.193372
1, 0.191274, 0.17, 0.83, 0.189624
1, 0.184739, 0.17, 0.83, 0.18534
1, 0.192561, 0.17, 0.83, 0.191837
1, 0.197124, 0.17, 0.83, 0.196004
1, 0.186787, 0.17, 0.83, 0.189555
1, 0.196877, 0.17, 0.83, 0.197417
1, 0.187322, 0.17, 0.83, 0.192176
1, 0.183229, 0.17, 0.83, 0.188637
1, 0.182825, 0.17, 0.83, 0.184688
1, 0.182415, 0.17, 0.83, 0.18891
1, 0.187289, 0.17, 0.83, 0.186609
1, 0.188109, 0.17, 0.83, 0.190524
1, 0.189294, 0.17, 0.83, 0.189793
1, 0.193478, 0.17, 0.83, 0.19364
1, 0.188651, 0.17, 0.83, 0.194149
1, 0.185305, 0.17, 0.83, 0.190294
1, 0.186593, 0.17, 0.83, 0.188345
1, 0.184486, 0.17, 0.83, 0.191321
1, 0.182168, 0.17, 0.83, 0.187696
1, 0.183365, 0.17, 0.83, 0.182994
1, 0.198802, 0.17, 0.83, 0.193719
1, 0.1849, 0.17, 0.83, 0.186924
1, 0.186546, 0.17, 0.83, 0.191019
1, 0.202706, 0.18, 0.82, 0.207155
1, 0.199359, 0.18, 0.82, 0.199763
1, 0.201072, 0.18, 0.82, 0.207835
1, 0.197509, 0.18, 0.82, 0.201983
1, 0.207718, 0.18, 0.82, 0.203738
1, 0.208212, 0.18, 0.82, 0.205476
1, 0.205935, 0.18, 0.82, 0.206429
1, 0.203113, 0.18, 0.82, 0.201561
1, 0.194337, 0.18, 0.82, 0.2
1, 0.207789, 0.18, 0.82, 0.206169
1, 0.204161, 0.18, 0.82, 0.204256
1, 0.201213, 0.18, 0.82, 0.203518
1, 0.196438, 0.18, 0.82, 0.203592
1, 0.20074, 0.18, 0.82, 0.199944
1, 0.205032, 0.18, 0.82, 0.201877
1, 0.202186, 0.18, 0.82, 0.204297
1, 0.203543, 0.18, 0.82, 0.202227
1, 0.212372, 0.18, 0.82, 0.208588
1, 0.205312, 0.18, 0.82, 0.20289
1, 0.202988, 0.18, 0.82, 0.204276
1, 0.201859, 0.18, 0.82, 0.206325
1, 0.190808, 0.18, 0.82, 0.194638
1, 0.193367, 0.18, 0.82, 0.198727
1, 0.205174, 0.18, 0.82, 0.205057
1, 0.208178, 0.18, 0.82, 0.204241
1, 0.203447, 0.19, 0.81, 0.207458
1, 0.215043, 0.19, 0.81, 0.214079
1, 0.213447, 0.19, 0.81, 0.212867
1, 0.203349, 0.19, 0.81, 0.211627
1, 0.207639, 0.19, 0.81, 0.213383
1, 0.215966, 0.19, 0.81, 0.214515
1, 0.209661, 0.19, 0.81, 0.214084
1, 0.215581, 0.19, 0.81, 0.21431
1, 0.204255, 0.19, 0.81, 0.210114
1, 0.207444, 0.19, 0.81, 0.209161
1, 0.218074, 0.19, 0.81, 0.21297
1, 0.212118, 0.19, 0.81, 0.213493
1, 0.205577, 0.19, 0.81, 0.204104
1, 0.218509, 0.19, 0.81, 0.213279
1, 0.210126, 0.19, 0.81, 0.209615
1, 0.217293, 0.19, 0.81, 0.21878
1, 0.217847, 0.19, 0.81, 0.216527
1, 0.211304, 0.19, 0.81, 0.214189
1, 0.220413, 0.19, 0.81, 0.222342
1, 0.209291, 0.19, 0.81, 0.215051
1, 0.208592, 0.19, 0.81, 0.212097
1, 0.221423, 0.19, 0.81, 0.220638
1, 0.212125, 0.19, 0.81, 0.214184
1, 0.207336, 0.19, 0.81, 0.211785
1, 0.2152, 0.19, 0.81, 0.218134
1, 0.241568, 0.2, 0.8, 0.24069
1, 0.224013, 0.2, 0.8, 0.231588
1, 0.225766, 0.2, 0.8, 0.226007
1, 0.233681, 0.2, 0.8, 0.230787
1, 0.217361, 0.2, 0.8, 0.2208
1, 0.223503, 0.2, 0.8, 0.226026
1, 0.224431, 0.2, 0.8, 0.223924
1, 0.230592, 0.2, 0.8, 0.232192
1, 0.231682, 0.2, 0.8, 0.233951
1, 0.224729, 0.2, 0.8, 0.227781
1, 0.234238, 0.2, 0.8, 0.237755
1, 0.221775, 0.2, 0.8, 0.223248
1, 0.222967, 0.2, 0.8, 0.231273
1, 0.223581, 0.2, 0.8, 0.234489
1, 0.218525, 0.2, 0.8, 0.223155
1, 0.222364, 0.2, 0.8, 0.224582
1, 0.222117, 0.2, 0.8, 0.224307
1, 0.224218, 0.2, 0.8, 0.229797
1, 0.226196, 0.2, 0.8, 0.230571
1, 0.22533, 0.2, 0.8, 0.226667
1, 0.227272, 0.2, 0.8, 0.226441
1, 0.229391, 0.2, 0.8, 0.229441
1, 0.225826, 0.2, 0.8, 0.226976
1, 0.231146, 0.2, 0.8, 0.228802
1, 0.23193, 0.2, 0.8, 0.231839
1, 0.236699, 0.21, 0.79, 0.236183
1, 0.234714, 0.21, 0.79, 0.239383
1, 0.238521, 0.21, 0.79, 0.240564
1, 0.236804, 0.21, 0.79, 0.239757
1, 0.236837, 0.21, 0.79, 0.239818
1, 0.237329, 0.21, 0.79, 0.240034
1, 0.238805, 0.21, 0.79, 0.244038
1, 0.228622, 0.21, 0.79, 0.236889
1, 0.240344, 0.21, 0.79, 0.241295
1, 0.239754, 0.21, 0.79, 0.241506
1, 0.234324, 0.21, 0.79, 0.240956
1, 0.242265, 0.21, 0.79, 0.242258
1, 0.236603, 0.21, 0.79, 0.241756
1, 0.241537, 0.21, 0.79, 0.238307
1, 0.230889, 0.21, 0.79, 0.234355
1, 0.236677, 0.21, 0.79, 0.240489
1, 0.235728, 0.21, 0.79, 0.241488
1, 0.243948, 0.21, 0.79, 0.241026
1, 0.229344, 0.21, 0.79, 0.235937
1, 0.23853, 0.21, 0.79, 0.236935
1, 0.234507, 0.21, 0.79, 0.239037
1, 0.236577, 0.21, 0.79, 0.240508
1, 0.235975, 0.21, 0.79, 0.234182
1, 0.242833, 0.21, 0.79, 0.24328
1, 0.233657, 0.21, 0.79, 0.234181
1, 0.252835, 0.22, 0.78, 0.255025
1, 0.253209, 0.22, 0.78, 0.25357
1, 0.257119, 0.22, 0.78, 0.254576
1, 0.245316, 0.22, 0.78, 0.252742
1, 0.253583, 0.22, 0.78, 0.252413
1, 0.256463, 0.22, 0.78, 0.255884
1, 0.25467, 0.22, 0.78, 0.252751
1, 0.244467, 0.22, 0.78, 0.247771
1, 0.244209, 0.22, 0.78, 0.249458
1, 0.250621, 0.22, 0.78, 0.253232
1, 0.248597, 0.22, 0.78, 0.249122
1, 0.244068, 0.22, 0.78, 0.243719
1, 0.252267, 0.22, 0.78, 0.250185
1, 0.259155, 0.22, 0.78, 0.260882
1, 0.242781, 0.22, 0.78, 0.246392
1, 0.249192, 0.22, 0.78, 0.254011
1, 0.250334, 0.22, 0.78, 0.254962
1, 0.248851, 0.22, 0.78, 0.252283
1, 0.249953, 0.22, 0.78, 0.253306
1, 0.247387, 0.22, 0.78, 0.246962
1, 0.258794, 0.22, 0.78, 0.261556
1, 0.247778, 0.22, 0.78, 0.252152
1, 0.247734, 0.22, 0.78, 0.252077
1, 0.258705, 0.22, 0.78, 0.261094
1, 0.255771, 0.22, 0.78, 0.257805
1, 0.260798, 0.23, 0.77, 0.262868
1, 0.263242, 0.23, 0.77, 0.26409
1, 0.266259, 0.23, 0.77, 0.265185
1, 0.270105, 0.23, 0.77, 0.27133
1, 0.268038, 0.23, 0.77, 0.266968
1, 0.261459, 0.23, 0.77, 0.266298
1, 0.264215, 0.23, 0.77, 0.264286
1, 0.267213, 0.23, 0.77, 0.267947
1, 0.258568, 0.23, 0.77, 0.266163
1, 0.267288, 0.23, 0.77, 0.268148
1, 0.270441, 0.23, 0.77, 0.270248
1, 0.269649, 0.23, 0.77, 0.269904
1, 0.262448, 0.23, 0.77, 0.26492
1, 0.264708, 0.23, 0.77, 0.268892
1, 0.269557, 0.23, 0.77, 0.27165
1, 0.260198, 0.23, 0.77, 0.264488
1, 0.266028, 0.23, 0.77, 0.264928
1, 0.267432, 0.23, 0.77, 0.266313
1, 0.269255, 0.23, 0.77, 0.268439
1, 0.260277, 0.23, 0.77, 0.260942
1, 0.260247, 0.23, 0.77, 0.266803
1, 0.262159, 0.23, 0.77, 0.262939
1, 0.265452, 0.23, 0.77, 0.268223
1, 0.268165, 0.23, 0.77, 0.27379
1, 0.266292, 0.23, 0.77, 0.261305
1, 0.271957, 0.24, 0.76, 0.271409
1, 0.277752, 0.24, 0.76, 0.274961
1, 0.269396, 0.24, 0.76, 0.27309
1, 0.279353, 0.24, 0.76, 0.284195
1, 0.2692, 0.24, 0.76, 0.272418
1, 0.279992, 0.24, 0.76, 0.278644
1, 0.276487, 0.24, 0.76, 0.275
1, 0.277838, 0.24, 0.76, 0.276041
1, 0.282734, 0.24, 0.76, 0.284706
1, 0.274226, 0.24, 0.76, 0.27525
1, 0.272164, 0.24, 0.76, 0.277481
1, 0.27616, 0.24, 0.76, 0.276624
1, 0.281743, 0.24, 0.76, 0.283519
1, 0.278621, 0.24, 0.76, 0.276648
1, 0.276445, 0.24, 0.76, 0.281166
1, 0.282772, 0.24, 0.76, 0.281497
1, 0.276879, 0.24, 0.76, 0.282604
1, 0.277392, 0.24, 0.76, 0.279302
1, 0.27833, 0.24, 0.76, 0.275797
1, 0.277286, 0.24, 0.76, 0.28026
1, 0.278079, 0.24, 0.76, 0.278449
1, 0.269981, 0.24, 0.76, 0.2703
1, 0.284031, 0.24, 0.76, 0.285378
1, 0.280125, 0.24, 0.76, 0.278987
1, 0.28217, 0.24, 0.76, 0.28118
1, 0.29376, 0.25, 0.75, 0.295639
1, 0.290638, 0.25, 0.75, 0.294932
1, 0.286281, 0.25, 0.75, 0.287748
1, 0.28483, 0.25, 0.75, 0.292463
1, 0.2972, 0.25, 0.75, 0.293643
1, 0.288656, 0.25, 0.75, 0.293202
1, 0.291091, 0.25, 0.75, 0.295916
1, 0.289362, 0.25, 0.75, 0.288921
1, 0.280099, 0.25, 0.75, 0.287519
1, 0.288701, 0.25, 0.75, 0.290577
1, 0.282068, 0.25, 0.75, 0.287167
1, 0.285039, 0.25, 0.75, 0.292962
1, 0.291177, 0.25, 0.75, 0.292393
1, 0.285544, 0.25, 0.75, 0.293019
1, 0.295, 0.25, 0.75, 0.298628
1, 0.291588, 0.25, 0.75, 0.291234
1, 0.288689, 0.25, 0.75, 0.288309
1, 0.297948, 0.25, 0.75, 0.301093
1, 0.297579, 0.25, 0.75, 0.293974
1, 0.290078, 0.25, 0.75, 0.289368
1, 0.294829, 0.25, 0.75, 0.295376
1, 0.29788, 0.25, 0.75, 0.299323
1, 0.287046, 0.25, 0.75, 0.286958
1, 0.286986, 0.25, 0.75, 0.290792
1, 0.296454, 0.25, 0.75, 0.299045
1, 0.303697, 0.26, 0.74, 0.305038
1, 0.302083, 0.26, 0.74, 0.303023
1, 0.301137, 0.26, 0.74, 0.305265
1, 0.30506, 0.26, 0.74, 0.305664
1, 0.291198, 0.26, 0.74, 0.297016
1, 0.302051, 0.26, 0.74, 0.305985
1, 0.304576, 0.26, 0.74, 0.306049
1, 0.306032, 0.26, 0.74, 0.303124
1, 0.308839, 0.26, 0.74, 0.306441
1, 0.307389, 0.26, 0.74, 0.311112
1, 0.293296, 0.26, 0.74, 0.301996
1, 0.290054, 0.26, 0.74, 0.300713
1, 0.311368, 0.26, 0.74, 0.311542
1, 0.303042, 0.26, 0.74, 0.306592
1, 0.307931, 0.26, 0.74, 0.309742
1, 0.30139, 0.26, 0.74, 0.306461
1, 0.297184, 0.26, 0.74, 0.300119
1, 0.298187, 0.26, 0.74, 0.305278
1, 0.299548, 0.26, 0.74, 0.302334
1, 0.299918, 0.26, 0.74, 0.301465
1, 0.297728, 0.26, 0.74, 0.299577
1, 0.306769, 0.26, 0.74, 0.308113
1, 0.291003, 0.26, 0.74, 0.301403
1, 0.296082, 0.26, 0.74, 0.298876
1, 0.295068, 0.26, 0.74, 0.306762
1, 0.306072, 0.27, 0.73, 0.310704
1, 0.306376, 0.27, 0.73, 0.31808
1, 0.319877, 0.27, 0.73, 0.321981
1, 0.322173, 0.27, 0.73, 0.320152
1, 0.315427, 0.27, 0.73, 0.316121
1, 0.314964, 0.27, 0.73, 0.315701
1, 0.321965, 0.27, 0.73, 0.322389
1, 0.314302, 0.27, 0.73, 0.320283
1, 0.313902, 0.27, 0.73, 0.316558
1, 0.313293, 0.27, 0.73, 0.318378
1, 0.320459, 0.27, 0.73, 0.322909
1, 0.30941, 0.27, 0.73, 0.318629
1, 0.319633, 0.27, 0.73, 0.317379
1, 0.308258, 0.27, 0.73, 0.31013
1, 0.315929, 0.27, 0.73, 0.316737
1, 0.316971, 0.27, 0.73, 0.321403
1, 0.313771, 0.27, 0.73, 0.318529
1, 0.313883, 0.27, 0.73, 0.317699
1, 0.305207, 0.27, 0.73, 0.308223
1, 0.320878, 0.27, 0.73, 0.322586
1, 0.309144, 0.27, 0.73, 0.311612
1, 0.317756, 0.27, 0.73, 0.319663
1, 0.31247, 0.27, 0.73, 0.317428
1, 0.309086, 0.27, 0.73, 0.313458
1, 0.320685, 0.27, 0.73, 0.320975
1, 0.330201, 0.28, 0.72, 0.3271
1, 0.324661, 0.28, 0.72, 0.330776
1, 0.331525, 0.28, 0.72, 0.329999
1, 0.322719, 0.28, 0.72, 0.324284
1, 0.331522, 0.28, 0.72, 0.330761
1, 0.325507, 0.28, 0.72, 0.330886
1, 0.33239, 0.28, 0.72, 0.334062
1, 0.327326, 0.28, 0.72, 0.327972
1, 0.32651, 0.28, 0.72, 0.332339
1, 0.327464, 0.28, 0.72, 0.332994
1, 0.335836, 0.28, 0.72, 0.337412
1, 0.33646, 0.28, 0.72, 0.344164
1, 0.347156, 0.28, 0.72, 0.345412
1, 0.326295, 0.28, 0.72, 0.332703
1, 0.330159, 0.28, 0.72, 0.333473
1, 0.341875, 0.28, 0.72, 0.337679
1, 0.324711, 0.28, 0.72, 0.330724
1, 0.329799, 0.28, 0.72, 0.332637
1, 0.330345, 0.28, 0.72, 0.334746
1, 0.334989, 0.28, 0.72, 0.335841
1, 0.32524, 0.28, 0.72, 0.326181
1, 0.33137, 0.28, 0.72, 0.329251
1, 0.341419, 0.28, 0.72, 0.341916
1, 0.322652, 0.28, 0.72, 0.326989
1, 0.328774, 0.28, 0.72, 0.331355
1, 0.344072, 0.29, 0.71, 0.344513
1, 0.34751, 0.29, 0.71, 0.347816
1, 0.347056, 0.29, 0.71, 0.348364
1, 0.331815, 0.29, 0.71, 0.336694
1, 0.327633, 0.29, 0.71, 0.336312
1, 0.334409, 0.29, 0.71, 0.341105
1, 0.338042, 0.29, 0.71, 0.344231
1, 0.348419, 0.29, 0.71, 0.346012
1, 0.344508, 0.29, 0.71, 0.347537
1, 0.33984, 0.29, 0.71, 0.347276
1, 0.353071, 0.29, 0.71, 0.354522
1, 0.342483, 0.29, 0.71, 0.346149
1, 0.346076, 0.29, 0.71, 0.349121
1, 0.35208, 0.29, 0.71, 0.351014
1, 0.347222, 0.29, 0.71, 0.349898
1, 0.341254, 0.29, 0.71, 0.346272
1, 0.349373, 0.29, 0.71, 0.348323
1, 0.348179, 0.29, 0.71, 0.347276
1, 0.330661, 0.29, 0.71, 0.340136
1, 0.339119, 0.29, 0.71, 0.339726
1, 0.356068, 0.29, 0.71, 0.354935
1, 0.34592, 0.29, 0.71, 0.347774
1, 0.340417, 0.29, 0.71, 0.346629
1, 0.350723, 0.29, 0.71, 0.351022
1, 0.356996, 0.29, 0.71, 0.349498
1, 0.35468, 0.3, 0.7, 0.358181
1, 0.36251, 0.3, 0.7, 0.364418
1, 0.357763, 0.3, 0.7, 0.361187
1, 0.360169, 0.3, 0.7, 0.359663
1, 0.366234, 0.3, 0.7, 0.365276
1, 0.357955, 0.3, 0.7, 0.357781
1, 0.36623, 0.3, 0.7, 0.362193
1, 0.358154, 0.3, 0.7, 0.359041
1, 0.360097, 0.3, 0.7, 0.361523
1, 0.35843, 0.3, 0.7, 0.354078
1, 0.360169, 0.3, 0.7, 0.35937
1, 0.363163, 0.3, 0.7, 0.364051
1, 0.366291, 0.3, 0.7, 0.363674
1, 0.359424, 0.3, 0.7, 0.357471
1, 0.362562, 0.3, 0.7, 0.359545
1, 0.367117, 0.3, 0.7, 0.367112
1, 0.367516, 0.3, 0.7, 0.36824
1, 0.365858, 0.3, 0.7, 0.368174
1, 0.359398, 0.3, 0.7, 0.361067
1, 0.362613, 0.3, 0.7, 0.362256
1, 0.362113, 0.3, 0.7, 0.364297
1, 0.362058, 0.3, 0.7, 0.362279
1, 0.357232, 0.3, 0.7, 0.361759
1, 0.361867, 0.3, 0.7, 0.362416
1, 0.368223, 0.3, 0.7, 0.371819
