# B5 Focused Dynamic Strategy Switching Simulation Results
# Schedule file: schedule_b5_pure_stubborn_trail_fork.txt
# Gamma (connectivity) range: 0.8 - 1.0 in 0.05 increments
# Hash rate range: 0.15 - 0.3 (15% - 30%) in 0.01 increments
Gamma, Miner0_ProfitFraction, Miner0_HashRate, Miner1_HashRate, Miner0_BlockFraction
0.8, 0.14591, 0.15, 0.85, 0.146851
0.8, 0.150132, 0.15, 0.85, 0.152587
0.8, 0.152679, 0.15, 0.85, 0.148781
0.8, 0.148748, 0.15, 0.85, 0.150129
0.8, 0.148151, 0.15, 0.85, 0.149793
0.8, 0.145744, 0.15, 0.85, 0.148375
0.8, 0.148237, 0.15, 0.85, 0.150805
0.8, 0.148982, 0.15, 0.85, 0.149622
0.8, 0.147307, 0.15, 0.85, 0.151951
0.8, 0.142774, 0.15, 0.85, 0.142379
0.8, 0.14478, 0.15, 0.85, 0.146396
0.8, 0.150091, 0.15, 0.85, 0.150546
0.8, 0.138909, 0.15, 0.85, 0.141897
0.8, 0.140456, 0.15, 0.85, 0.142312
0.8, 0.155914, 0.15, 0.85, 0.150318
0.8, 0.146873, 0.15, 0.85, 0.147495
0.8, 0.149952, 0.15, 0.85, 0.147897
0.8, 0.149365, 0.15, 0.85, 0.151798
0.8, 0.145075, 0.15, 0.85, 0.143787
0.8, 0.14694, 0.15, 0.85, 0.147314
0.8, 0.151904, 0.15, 0.85, 0.148859
0.8, 0.154524, 0.15, 0.85, 0.155545
0.8, 0.155559, 0.15, 0.85, 0.155351
0.8, 0.141269, 0.15, 0.85, 0.144888
0.8, 0.144597, 0.15, 0.85, 0.145932
0.8, 0.15824, 0.16, 0.84, 0.157263
0.8, 0.150585, 0.16, 0.84, 0.158456
0.8, 0.162134, 0.16, 0.84, 0.157664
0.8, 0.159766, 0.16, 0.84, 0.159492
0.8, 0.154875, 0.16, 0.84, 0.158581
0.8, 0.158992, 0.16, 0.84, 0.161424
0.8, 0.160146, 0.16, 0.84, 0.164182
0.8, 0.151197, 0.16, 0.84, 0.155446
0.8, 0.148213, 0.16, 0.84, 0.153497
0.8, 0.160817, 0.16, 0.84, 0.163591
0.8, 0.156643, 0.16, 0.84, 0.159622
0.8, 0.160913, 0.16, 0.84, 0.162389
0.8, 0.162365, 0.16, 0.84, 0.162408
0.8, 0.161829, 0.16, 0.84, 0.165392
0.8, 0.147966, 0.16, 0.84, 0.155013
0.8, 0.162325, 0.16, 0.84, 0.161475
0.8, 0.156215, 0.16, 0.84, 0.15772
0.8, 0.167848, 0.16, 0.84, 0.167747
0.8, 0.150499, 0.16, 0.84, 0.155539
0.8, 0.148712, 0.16, 0.84, 0.155041
0.8, 0.157294, 0.16, 0.84, 0.15652
0.8, 0.156322, 0.16, 0.84, 0.156527
0.8, 0.160074, 0.16, 0.84, 0.162845
0.8, 0.158794, 0.16, 0.84, 0.162114
0.8, 0.158156, 0.16, 0.84, 0.160921
0.8, 0.168802, 0.17, 0.83, 0.17105
0.8, 0.166984, 0.17, 0.83, 0.170854
0.8, 0.171791, 0.17, 0.83, 0.173126
0.8, 0.170017, 0.17, 0.83, 0.174596
0.8, 0.173041, 0.17, 0.83, 0.175466
0.8, 0.170221, 0.17, 0.83, 0.172086
0.8, 0.169894, 0.17, 0.83, 0.172387
0.8, 0.16977, 0.17, 0.83, 0.172521
0.8, 0.174159, 0.17, 0.83, 0.175513
0.8, 0.168967, 0.17, 0.83, 0.173307
0.8, 0.162211, 0.17, 0.83, 0.169668
0.8, 0.164646, 0.17, 0.83, 0.170443
0.8, 0.169367, 0.17, 0.83, 0.171181
0.8, 0.170311, 0.17, 0.83, 0.170895
0.8, 0.168282, 0.17, 0.83, 0.170134
0.8, 0.17377, 0.17, 0.83, 0.174541
0.8, 0.180716, 0.17, 0.83, 0.179126
0.8, 0.17051, 0.17, 0.83, 0.173589
0.8, 0.17334, 0.17, 0.83, 0.174104
0.8, 0.177684, 0.17, 0.83, 0.17865
0.8, 0.179763, 0.17, 0.83, 0.177189
0.8, 0.176576, 0.17, 0.83, 0.171258
0.8, 0.166535, 0.17, 0.83, 0.171152
0.8, 0.166806, 0.17, 0.83, 0.172351
0.8, 0.171241, 0.17, 0.83, 0.176613
0.8, 0.185013, 0.18, 0.82, 0.1875
0.8, 0.185538, 0.18, 0.82, 0.186177
0.8, 0.171437, 0.18, 0.82, 0.17739
0.8, 0.185537, 0.18, 0.82, 0.192628
0.8, 0.182098, 0.18, 0.82, 0.187809
0.8, 0.184489, 0.18, 0.82, 0.188577
0.8, 0.183867, 0.18, 0.82, 0.185198
0.8, 0.18053, 0.18, 0.82, 0.186726
0.8, 0.181505, 0.18, 0.82, 0.181164
0.8, 0.180603, 0.18, 0.82, 0.184642
0.8, 0.185103, 0.18, 0.82, 0.186785
0.8, 0.182566, 0.18, 0.82, 0.185982
0.8, 0.183366, 0.18, 0.82, 0.184151
0.8, 0.179893, 0.18, 0.82, 0.187183
0.8, 0.194021, 0.18, 0.82, 0.196626
0.8, 0.184123, 0.18, 0.82, 0.187371
0.8, 0.185194, 0.18, 0.82, 0.188797
0.8, 0.188868, 0.18, 0.82, 0.192062
0.8, 0.184234, 0.18, 0.82, 0.187251
0.8, 0.176293, 0.18, 0.82, 0.180027
0.8, 0.18034, 0.18, 0.82, 0.18207
0.8, 0.186134, 0.18, 0.82, 0.189883
0.8, 0.184764, 0.18, 0.82, 0.186047
0.8, 0.183063, 0.18, 0.82, 0.187261
0.8, 0.190523, 0.18, 0.82, 0.18993
0.8, 0.195614, 0.19, 0.81, 0.204346
0.8, 0.203603, 0.19, 0.81, 0.200216
0.8, 0.195819, 0.19, 0.81, 0.195652
0.8, 0.197275, 0.19, 0.81, 0.199021
0.8, 0.194177, 0.19, 0.81, 0.201813
0.8, 0.191177, 0.19, 0.81, 0.195682
0.8, 0.197759, 0.19, 0.81, 0.198983
0.8, 0.198801, 0.19, 0.81, 0.202901
0.8, 0.200411, 0.19, 0.81, 0.202999
0.8, 0.195775, 0.19, 0.81, 0.202056
0.8, 0.189192, 0.19, 0.81, 0.195224
0.8, 0.193029, 0.19, 0.81, 0.203044
0.8, 0.20306, 0.19, 0.81, 0.202029
0.8, 0.2003, 0.19, 0.81, 0.199882
0.8, 0.192558, 0.19, 0.81, 0.197088
0.8, 0.199857, 0.19, 0.81, 0.201314
0.8, 0.19517, 0.19, 0.81, 0.197735
0.8, 0.204047, 0.19, 0.81, 0.2072
0.8, 0.191455, 0.19, 0.81, 0.19167
0.8, 0.200479, 0.19, 0.81, 0.197857
0.8, 0.202368, 0.19, 0.81, 0.205766
0.8, 0.193942, 0.19, 0.81, 0.198645
0.8, 0.196073, 0.19, 0.81, 0.20325
0.8, 0.194822, 0.19, 0.81, 0.198083
0.8, 0.186913, 0.19, 0.81, 0.192445
0.8, 0.207933, 0.2, 0.8, 0.213522
0.8, 0.213315, 0.2, 0.8, 0.217066
0.8, 0.210642, 0.2, 0.8, 0.217513
0.8, 0.210894, 0.2, 0.8, 0.214742
0.8, 0.202849, 0.2, 0.8, 0.209309
0.8, 0.206031, 0.2, 0.8, 0.210842
0.8, 0.20708, 0.2, 0.8, 0.211656
0.8, 0.212403, 0.2, 0.8, 0.215354
0.8, 0.206624, 0.2, 0.8, 0.210877
0.8, 0.212194, 0.2, 0.8, 0.215375
0.8, 0.211959, 0.2, 0.8, 0.214354
0.8, 0.211166, 0.2, 0.8, 0.216035
0.8, 0.205908, 0.2, 0.8, 0.210589
0.8, 0.216283, 0.2, 0.8, 0.21795
0.8, 0.201582, 0.2, 0.8, 0.209344
0.8, 0.211522, 0.2, 0.8, 0.214639
0.8, 0.209852, 0.2, 0.8, 0.211906
0.8, 0.204923, 0.2, 0.8, 0.207828
0.8, 0.214783, 0.2, 0.8, 0.213619
0.8, 0.206164, 0.2, 0.8, 0.209526
0.8, 0.210541, 0.2, 0.8, 0.213747
0.8, 0.212495, 0.2, 0.8, 0.214917
0.8, 0.217159, 0.2, 0.8, 0.218545
0.8, 0.210141, 0.2, 0.8, 0.214277
0.8, 0.209046, 0.2, 0.8, 0.218129
0.8, 0.22297, 0.21, 0.79, 0.225197
0.8, 0.228295, 0.21, 0.79, 0.230811
0.8, 0.219607, 0.21, 0.79, 0.226892
0.8, 0.220617, 0.21, 0.79, 0.22317
0.8, 0.217956, 0.21, 0.79, 0.221183
0.8, 0.225317, 0.21, 0.79, 0.225964
0.8, 0.23428, 0.21, 0.79, 0.234451
0.8, 0.229243, 0.21, 0.79, 0.228453
0.8, 0.232852, 0.21, 0.79, 0.231259
0.8, 0.220683, 0.21, 0.79, 0.225526
0.8, 0.216751, 0.21, 0.79, 0.22181
0.8, 0.219341, 0.21, 0.79, 0.220619
0.8, 0.233691, 0.21, 0.79, 0.23415
0.8, 0.217193, 0.21, 0.79, 0.222762
0.8, 0.224806, 0.21, 0.79, 0.233031
0.8, 0.215398, 0.21, 0.79, 0.219832
0.8, 0.228488, 0.21, 0.79, 0.233868
0.8, 0.224174, 0.21, 0.79, 0.228797
0.8, 0.21418, 0.21, 0.79, 0.222871
0.8, 0.226467, 0.21, 0.79, 0.224598
0.8, 0.218234, 0.21, 0.79, 0.222533
0.8, 0.222705, 0.21, 0.79, 0.231292
0.8, 0.239123, 0.21, 0.79, 0.243035
0.8, 0.22796, 0.21, 0.79, 0.231169
0.8, 0.228114, 0.21, 0.79, 0.229399
0.8, 0.242623, 0.22, 0.78, 0.245699
0.8, 0.23544, 0.22, 0.78, 0.237909
0.8, 0.244039, 0.22, 0.78, 0.244946
0.8, 0.234909, 0.22, 0.78, 0.244409
0.8, 0.243093, 0.22, 0.78, 0.247345
0.8, 0.232143, 0.22, 0.78, 0.238037
0.8, 0.239558, 0.22, 0.78, 0.240501
0.8, 0.231593, 0.22, 0.78, 0.237204
0.8, 0.239492, 0.22, 0.78, 0.237393
0.8, 0.226912, 0.22, 0.78, 0.234204
0.8, 0.227638, 0.22, 0.78, 0.235153
0.8, 0.245023, 0.22, 0.78, 0.247601
0.8, 0.242111, 0.22, 0.78, 0.240486
0.8, 0.235421, 0.22, 0.78, 0.240148
0.8, 0.23744, 0.22, 0.78, 0.238181
0.8, 0.243936, 0.22, 0.78, 0.243602
0.8, 0.242236, 0.22, 0.78, 0.24397
0.8, 0.249804, 0.22, 0.78, 0.245277
0.8, 0.244568, 0.22, 0.78, 0.250323
0.8, 0.235629, 0.22, 0.78, 0.238052
0.8, 0.237196, 0.22, 0.78, 0.242349
0.8, 0.238789, 0.22, 0.78, 0.24094
0.8, 0.235581, 0.22, 0.78, 0.242595
0.8, 0.237477, 0.22, 0.78, 0.242818
0.8, 0.240576, 0.22, 0.78, 0.246077
0.8, 0.250152, 0.23, 0.77, 0.247739
0.8, 0.249752, 0.23, 0.77, 0.253539
0.8, 0.255824, 0.23, 0.77, 0.258724
0.8, 0.243016, 0.23, 0.77, 0.249023
0.8, 0.249295, 0.23, 0.77, 0.252014
0.8, 0.248126, 0.23, 0.77, 0.257934
0.8, 0.241177, 0.23, 0.77, 0.24986
0.8, 0.258572, 0.23, 0.77, 0.265816
0.8, 0.244374, 0.23, 0.77, 0.255568
0.8, 0.24627, 0.23, 0.77, 0.248958
0.8, 0.259504, 0.23, 0.77, 0.262009
0.8, 0.257839, 0.23, 0.77, 0.259429
0.8, 0.243516, 0.23, 0.77, 0.249646
0.8, 0.249938, 0.23, 0.77, 0.255363
0.8, 0.252682, 0.23, 0.77, 0.252568
0.8, 0.252255, 0.23, 0.77, 0.25606
0.8, 0.259277, 0.23, 0.77, 0.261316
0.8, 0.255374, 0.23, 0.77, 0.260737
0.8, 0.24897, 0.23, 0.77, 0.248864
0.8, 0.249913, 0.23, 0.77, 0.251686
0.8, 0.25544, 0.23, 0.77, 0.253532
0.8, 0.255848, 0.23, 0.77, 0.260507
0.8, 0.259816, 0.23, 0.77, 0.263841
0.8, 0.243985, 0.23, 0.77, 0.254296
0.8, 0.25299, 0.23, 0.77, 0.255133
0.8, 0.257321, 0.24, 0.76, 0.263976
0.8, 0.259451, 0.24, 0.76, 0.271001
0.8, 0.256157, 0.24, 0.76, 0.264536
0.8, 0.270108, 0.24, 0.76, 0.272955
0.8, 0.266668, 0.24, 0.76, 0.275588
0.8, 0.266999, 0.24, 0.76, 0.27654
0.8, 0.252342, 0.24, 0.76, 0.262634
0.8, 0.265114, 0.24, 0.76, 0.264454
0.8, 0.264401, 0.24, 0.76, 0.267649
0.8, 0.263837, 0.24, 0.76, 0.26724
0.8, 0.264619, 0.24, 0.76, 0.265053
0.8, 0.270559, 0.24, 0.76, 0.274666
0.8, 0.270961, 0.24, 0.76, 0.27509
0.8, 0.265428, 0.24, 0.76, 0.269817
0.8, 0.254839, 0.24, 0.76, 0.26353
0.8, 0.262739, 0.24, 0.76, 0.268671
0.8, 0.261113, 0.24, 0.76, 0.270063
0.8, 0.267352, 0.24, 0.76, 0.276717
0.8, 0.268689, 0.24, 0.76, 0.273955
0.8, 0.269003, 0.24, 0.76, 0.272733
0.8, 0.269323, 0.24, 0.76, 0.274487
0.8, 0.266215, 0.24, 0.76, 0.263951
0.8, 0.263102, 0.24, 0.76, 0.267005
0.8, 0.260517, 0.24, 0.76, 0.261442
0.8, 0.262729, 0.24, 0.76, 0.270581
0.8, 0.275474, 0.25, 0.75, 0.283867
0.8, 0.283831, 0.25, 0.75, 0.28831
0.8, 0.288458, 0.25, 0.75, 0.291888
0.8, 0.288936, 0.25, 0.75, 0.293469
0.8, 0.287725, 0.25, 0.75, 0.285832
0.8, 0.277053, 0.25, 0.75, 0.279907
0.8, 0.277838, 0.25, 0.75, 0.283517
0.8, 0.277175, 0.25, 0.75, 0.283552
0.8, 0.276696, 0.25, 0.75, 0.288493
0.8, 0.282379, 0.25, 0.75, 0.285633
0.8, 0.274766, 0.25, 0.75, 0.282681
0.8, 0.273146, 0.25, 0.75, 0.283474
0.8, 0.28783, 0.25, 0.75, 0.29124
0.8, 0.27687, 0.25, 0.75, 0.2847
0.8, 0.263158, 0.25, 0.75, 0.276307
0.8, 0.267923, 0.25, 0.75, 0.281134
0.8, 0.286753, 0.25, 0.75, 0.284874
0.8, 0.272221, 0.25, 0.75, 0.280764
0.8, 0.286863, 0.25, 0.75, 0.292692
0.8, 0.270119, 0.25, 0.75, 0.276404
0.8, 0.273509, 0.25, 0.75, 0.283767
0.8, 0.281902, 0.25, 0.75, 0.286513
0.8, 0.282514, 0.25, 0.75, 0.28224
0.8, 0.276886, 0.25, 0.75, 0.281838
0.8, 0.284463, 0.25, 0.75, 0.285643
0.8, 0.298141, 0.26, 0.74, 0.307406
0.8, 0.291271, 0.26, 0.74, 0.297599
0.8, 0.281007, 0.26, 0.74, 0.294544
0.8, 0.294427, 0.26, 0.74, 0.298513
0.8, 0.287952, 0.26, 0.74, 0.299905
0.8, 0.311481, 0.26, 0.74, 0.311098
0.8, 0.291653, 0.26, 0.74, 0.295324
0.8, 0.300989, 0.26, 0.74, 0.30663
0.8, 0.293944, 0.26, 0.74, 0.303619
0.8, 0.300689, 0.26, 0.74, 0.305675
0.8, 0.294151, 0.26, 0.74, 0.303826
0.8, 0.293235, 0.26, 0.74, 0.297447
0.8, 0.286879, 0.26, 0.74, 0.294326
0.8, 0.289774, 0.26, 0.74, 0.296485
0.8, 0.29278, 0.26, 0.74, 0.296454
0.8, 0.280472, 0.26, 0.74, 0.291284
0.8, 0.300484, 0.26, 0.74, 0.308192
0.8, 0.290657, 0.26, 0.74, 0.294839
0.8, 0.283289, 0.26, 0.74, 0.294682
0.8, 0.298783, 0.26, 0.74, 0.301964
0.8, 0.293952, 0.26, 0.74, 0.299594
0.8, 0.298833, 0.26, 0.74, 0.305994
0.8, 0.297426, 0.26, 0.74, 0.30305
0.8, 0.289012, 0.26, 0.74, 0.293298
0.8, 0.294905, 0.26, 0.74, 0.296911
0.8, 0.298802, 0.27, 0.73, 0.304292
0.8, 0.305187, 0.27, 0.73, 0.306141
0.8, 0.310525, 0.27, 0.73, 0.310908
0.8, 0.308263, 0.27, 0.73, 0.315656
0.8, 0.304311, 0.27, 0.73, 0.310522
0.8, 0.309284, 0.27, 0.73, 0.317325
0.8, 0.303396, 0.27, 0.73, 0.313127
0.8, 0.310999, 0.27, 0.73, 0.322896
0.8, 0.310421, 0.27, 0.73, 0.320103
0.8, 0.308175, 0.27, 0.73, 0.315652
0.8, 0.313392, 0.27, 0.73, 0.316942
0.8, 0.307104, 0.27, 0.73, 0.314258
0.8, 0.311062, 0.27, 0.73, 0.31752
0.8, 0.309, 0.27, 0.73, 0.317977
0.8, 0.306847, 0.27, 0.73, 0.314925
0.8, 0.299683, 0.27, 0.73, 0.307265
0.8, 0.321603, 0.27, 0.73, 0.325054
0.8, 0.308466, 0.27, 0.73, 0.311903
0.8, 0.314402, 0.27, 0.73, 0.321472
0.8, 0.303836, 0.27, 0.73, 0.314229
0.8, 0.298602, 0.27, 0.73, 0.308132
0.8, 0.304817, 0.27, 0.73, 0.315773
0.8, 0.305821, 0.27, 0.73, 0.309971
0.8, 0.320904, 0.27, 0.73, 0.332462
0.8, 0.311479, 0.27, 0.73, 0.312106
0.8, 0.327338, 0.28, 0.72, 0.332638
0.8, 0.326435, 0.28, 0.72, 0.32951
0.8, 0.334173, 0.28, 0.72, 0.337825
0.8, 0.321088, 0.28, 0.72, 0.33196
0.8, 0.329886, 0.28, 0.72, 0.327641
0.8, 0.324931, 0.28, 0.72, 0.330383
0.8, 0.326196, 0.28, 0.72, 0.335561
0.8, 0.335423, 0.28, 0.72, 0.338467
0.8, 0.32658, 0.28, 0.72, 0.334965
0.8, 0.331974, 0.28, 0.72, 0.334198
0.8, 0.322558, 0.28, 0.72, 0.324549
0.8, 0.332941, 0.28, 0.72, 0.337079
0.8, 0.331113, 0.28, 0.72, 0.331868
0.8, 0.325378, 0.28, 0.72, 0.333506
0.8, 0.324506, 0.28, 0.72, 0.333867
0.8, 0.327647, 0.28, 0.72, 0.333139
0.8, 0.330155, 0.28, 0.72, 0.333205
0.8, 0.321361, 0.28, 0.72, 0.327305
0.8, 0.327054, 0.28, 0.72, 0.335652
0.8, 0.329597, 0.28, 0.72, 0.330083
0.8, 0.326642, 0.28, 0.72, 0.330256
0.8, 0.31988, 0.28, 0.72, 0.332624
0.8, 0.342412, 0.28, 0.72, 0.342692
0.8, 0.326391, 0.28, 0.72, 0.327813
0.8, 0.337784, 0.28, 0.72, 0.334641
0.8, 0.360907, 0.29, 0.71, 0.358024
0.8, 0.344799, 0.29, 0.71, 0.346465
0.8, 0.33583, 0.29, 0.71, 0.346647
0.8, 0.340812, 0.29, 0.71, 0.350528
0.8, 0.339849, 0.29, 0.71, 0.345385
0.8, 0.346263, 0.29, 0.71, 0.347487
0.8, 0.349305, 0.29, 0.71, 0.359374
0.8, 0.341366, 0.29, 0.71, 0.348042
0.8, 0.34517, 0.29, 0.71, 0.348254
0.8, 0.337924, 0.29, 0.71, 0.346241
0.8, 0.337606, 0.29, 0.71, 0.351221
0.8, 0.353429, 0.29, 0.71, 0.353709
0.8, 0.33337, 0.29, 0.71, 0.34202
0.8, 0.335008, 0.29, 0.71, 0.347039
0.8, 0.339177, 0.29, 0.71, 0.343446
0.8, 0.338484, 0.29, 0.71, 0.349977
0.8, 0.341367, 0.29, 0.71, 0.348749
0.8, 0.343368, 0.29, 0.71, 0.346948
0.8, 0.333868, 0.29, 0.71, 0.34292
0.8, 0.337481, 0.29, 0.71, 0.350052
0.8, 0.348138, 0.29, 0.71, 0.349228
0.8, 0.341315, 0.29, 0.71, 0.353286
0.8, 0.343127, 0.29, 0.71, 0.345463
0.8, 0.349902, 0.29, 0.71, 0.349604
0.8, 0.358187, 0.29, 0.71, 0.358765
0.8, 0.359751, 0.3, 0.7, 0.368276
0.8, 0.349093, 0.3, 0.7, 0.358153
0.8, 0.354397, 0.3, 0.7, 0.365023
0.8, 0.361618, 0.3, 0.7, 0.370746
0.8, 0.367697, 0.3, 0.7, 0.374468
0.8, 0.375338, 0.3, 0.7, 0.378436
0.8, 0.357159, 0.3, 0.7, 0.364453
0.8, 0.369208, 0.3, 0.7, 0.375279
0.8, 0.359738, 0.3, 0.7, 0.363293
0.8, 0.360685, 0.3, 0.7, 0.368067
0.8, 0.358182, 0.3, 0.7, 0.365253
0.8, 0.35973, 0.3, 0.7, 0.369291
0.8, 0.357415, 0.3, 0.7, 0.364929
0.8, 0.357489, 0.3, 0.7, 0.361729
0.8, 0.353636, 0.3, 0.7, 0.361334
0.8, 0.359663, 0.3, 0.7, 0.370841
0.8, 0.364648, 0.3, 0.7, 0.371455
0.8, 0.359924, 0.3, 0.7, 0.364758
0.8, 0.350034, 0.3, 0.7, 0.358366
0.8, 0.35939, 0.3, 0.7, 0.365059
0.8, 0.357975, 0.3, 0.7, 0.372134
0.8, 0.367418, 0.3, 0.7, 0.370822
0.8, 0.363076, 0.3, 0.7, 0.369816
0.8, 0.364652, 0.3, 0.7, 0.36848
0.8, 0.361518, 0.3, 0.7, 0.372558
0.85, 0.148936, 0.15, 0.85, 0.153685
0.85, 0.1551, 0.15, 0.85, 0.151349
0.85, 0.150443, 0.15, 0.85, 0.154185
0.85, 0.158209, 0.15, 0.85, 0.158997
0.85, 0.154354, 0.15, 0.85, 0.156835
0.85, 0.147321, 0.15, 0.85, 0.151121
0.85, 0.150007, 0.15, 0.85, 0.15225
0.85, 0.146908, 0.15, 0.85, 0.15386
0.85, 0.151165, 0.15, 0.85, 0.154383
0.85, 0.152348, 0.15, 0.85, 0.152485
0.85, 0.154749, 0.15, 0.85, 0.153316
0.85, 0.156973, 0.15, 0.85, 0.158338
0.85, 0.158351, 0.15, 0.85, 0.160972
0.85, 0.154673, 0.15, 0.85, 0.15336
0.85, 0.142811, 0.15, 0.85, 0.147133
0.85, 0.154333, 0.15, 0.85, 0.155522
0.85, 0.150333, 0.15, 0.85, 0.153193
0.85, 0.151715, 0.15, 0.85, 0.154175
0.85, 0.149029, 0.15, 0.85, 0.151367
0.85, 0.155901, 0.15, 0.85, 0.160051
0.85, 0.150477, 0.15, 0.85, 0.151602
0.85, 0.16125, 0.15, 0.85, 0.159214
0.85, 0.148877, 0.15, 0.85, 0.151771
0.85, 0.159882, 0.15, 0.85, 0.160928
0.85, 0.155525, 0.15, 0.85, 0.153974
0.85, 0.171672, 0.16, 0.84, 0.169494
0.85, 0.167304, 0.16, 0.84, 0.171874
0.85, 0.15747, 0.16, 0.84, 0.161661
0.85, 0.169604, 0.16, 0.84, 0.170628
0.85, 0.167631, 0.16, 0.84, 0.166348
0.85, 0.167916, 0.16, 0.84, 0.169407
0.85, 0.165442, 0.16, 0.84, 0.166269
0.85, 0.160765, 0.16, 0.84, 0.163413
0.85, 0.172514, 0.16, 0.84, 0.171974
0.85, 0.163883, 0.16, 0.84, 0.165829
0.85, 0.161971, 0.16, 0.84, 0.168282
0.85, 0.168043, 0.16, 0.84, 0.171171
0.85, 0.162323, 0.16, 0.84, 0.165991
0.85, 0.166656, 0.16, 0.84, 0.170264
0.85, 0.164284, 0.16, 0.84, 0.166027
0.85, 0.167694, 0.16, 0.84, 0.169882
0.85, 0.167398, 0.16, 0.84, 0.170825
0.85, 0.164144, 0.16, 0.84, 0.166608
0.85, 0.170852, 0.16, 0.84, 0.171086
0.85, 0.16136, 0.16, 0.84, 0.163665
0.85, 0.165067, 0.16, 0.84, 0.168801
0.85, 0.173691, 0.16, 0.84, 0.172404
0.85, 0.16601, 0.16, 0.84, 0.166753
0.85, 0.157672, 0.16, 0.84, 0.164592
0.85, 0.164951, 0.16, 0.84, 0.1657
0.85, 0.175504, 0.17, 0.83, 0.176195
0.85, 0.173949, 0.17, 0.83, 0.177968
0.85, 0.176186, 0.17, 0.83, 0.178327
0.85, 0.174876, 0.17, 0.83, 0.177322
0.85, 0.184458, 0.17, 0.83, 0.186314
0.85, 0.176531, 0.17, 0.83, 0.182779
0.85, 0.176056, 0.17, 0.83, 0.178804
0.85, 0.176655, 0.17, 0.83, 0.181565
0.85, 0.176592, 0.17, 0.83, 0.180358
0.85, 0.17402, 0.17, 0.83, 0.176749
0.85, 0.179225, 0.17, 0.83, 0.175003
0.85, 0.180377, 0.17, 0.83, 0.181657
0.85, 0.179717, 0.17, 0.83, 0.179388
0.85, 0.17921, 0.17, 0.83, 0.179902
0.85, 0.171592, 0.17, 0.83, 0.178289
0.85, 0.172347, 0.17, 0.83, 0.177863
0.85, 0.166214, 0.17, 0.83, 0.172384
0.85, 0.178321, 0.17, 0.83, 0.181845
0.85, 0.180897, 0.17, 0.83, 0.18144
0.85, 0.179504, 0.17, 0.83, 0.177733
0.85, 0.175095, 0.17, 0.83, 0.179523
0.85, 0.171665, 0.17, 0.83, 0.172737
0.85, 0.177411, 0.17, 0.83, 0.178763
0.85, 0.177995, 0.17, 0.83, 0.183551
0.85, 0.179076, 0.17, 0.83, 0.181022
0.85, 0.190486, 0.18, 0.82, 0.190437
0.85, 0.199067, 0.18, 0.82, 0.196924
0.85, 0.188805, 0.18, 0.82, 0.190061
0.85, 0.197411, 0.18, 0.82, 0.194586
0.85, 0.19305, 0.18, 0.82, 0.200518
0.85, 0.190501, 0.18, 0.82, 0.190045
0.85, 0.188255, 0.18, 0.82, 0.190041
0.85, 0.186339, 0.18, 0.82, 0.188782
0.85, 0.192551, 0.18, 0.82, 0.189044
0.85, 0.187776, 0.18, 0.82, 0.193526
0.85, 0.189893, 0.18, 0.82, 0.190948
0.85, 0.17788, 0.18, 0.82, 0.18244
0.85, 0.181376, 0.18, 0.82, 0.183602
0.85, 0.187494, 0.18, 0.82, 0.194503
0.85, 0.195315, 0.18, 0.82, 0.193424
0.85, 0.185126, 0.18, 0.82, 0.193897
0.85, 0.190529, 0.18, 0.82, 0.193217
0.85, 0.192691, 0.18, 0.82, 0.19083
0.85, 0.189745, 0.18, 0.82, 0.195154
0.85, 0.184444, 0.18, 0.82, 0.193988
0.85, 0.181216, 0.18, 0.82, 0.184488
0.85, 0.18536, 0.18, 0.82, 0.191729
0.85, 0.189338, 0.18, 0.82, 0.188458
0.85, 0.187002, 0.18, 0.82, 0.189257
0.85, 0.200299, 0.18, 0.82, 0.201251
0.85, 0.207693, 0.19, 0.81, 0.208185
0.85, 0.206101, 0.19, 0.81, 0.210385
0.85, 0.205615, 0.19, 0.81, 0.205991
0.85, 0.189989, 0.19, 0.81, 0.196743
0.85, 0.200333, 0.19, 0.81, 0.202081
0.85, 0.20046, 0.19, 0.81, 0.205304
0.85, 0.214225, 0.19, 0.81, 0.211055
0.85, 0.199412, 0.19, 0.81, 0.204415
0.85, 0.208684, 0.19, 0.81, 0.213406
0.85, 0.20205, 0.19, 0.81, 0.207066
0.85, 0.194331, 0.19, 0.81, 0.202528
0.85, 0.213826, 0.19, 0.81, 0.215154
0.85, 0.194383, 0.19, 0.81, 0.202981
0.85, 0.205969, 0.19, 0.81, 0.209273
0.85, 0.204075, 0.19, 0.81, 0.205412
0.85, 0.208799, 0.19, 0.81, 0.209911
0.85, 0.199171, 0.19, 0.81, 0.199646
0.85, 0.208019, 0.19, 0.81, 0.208626
0.85, 0.207802, 0.19, 0.81, 0.209006
0.85, 0.205522, 0.19, 0.81, 0.209367
0.85, 0.207717, 0.19, 0.81, 0.206431
0.85, 0.198792, 0.19, 0.81, 0.203109
0.85, 0.206761, 0.19, 0.81, 0.211373
0.85, 0.200873, 0.19, 0.81, 0.203314
0.85, 0.200738, 0.19, 0.81, 0.200035
0.85, 0.212911, 0.2, 0.8, 0.219735
0.85, 0.22227, 0.2, 0.8, 0.223832
0.85, 0.207869, 0.2, 0.8, 0.209234
0.85, 0.215708, 0.2, 0.8, 0.214111
0.85, 0.218932, 0.2, 0.8, 0.218411
0.85, 0.216896, 0.2, 0.8, 0.219627
0.85, 0.227302, 0.2, 0.8, 0.227265
0.85, 0.215228, 0.2, 0.8, 0.217934
0.85, 0.218946, 0.2, 0.8, 0.223351
0.85, 0.221873, 0.2, 0.8, 0.219752
0.85, 0.217465, 0.2, 0.8, 0.21808
0.85, 0.22351, 0.2, 0.8, 0.226027
0.85, 0.213534, 0.2, 0.8, 0.220982
0.85, 0.215281, 0.2, 0.8, 0.218083
0.85, 0.218827, 0.2, 0.8, 0.222737
0.85, 0.213116, 0.2, 0.8, 0.21804
0.85, 0.219051, 0.2, 0.8, 0.223679
0.85, 0.224257, 0.2, 0.8, 0.224214
0.85, 0.225116, 0.2, 0.8, 0.221303
0.85, 0.207798, 0.2, 0.8, 0.217101
0.85, 0.218983, 0.2, 0.8, 0.21922
0.85, 0.221232, 0.2, 0.8, 0.224268
0.85, 0.21628, 0.2, 0.8, 0.218322
0.85, 0.215439, 0.2, 0.8, 0.218538
0.85, 0.214677, 0.2, 0.8, 0.216414
0.85, 0.234972, 0.21, 0.79, 0.235146
0.85, 0.231635, 0.21, 0.79, 0.228213
0.85, 0.232843, 0.21, 0.79, 0.235885
0.85, 0.231152, 0.21, 0.79, 0.232723
0.85, 0.233104, 0.21, 0.79, 0.237032
0.85, 0.233438, 0.21, 0.79, 0.234509
0.85, 0.229085, 0.21, 0.79, 0.229805
0.85, 0.2243, 0.21, 0.79, 0.238395
0.85, 0.238737, 0.21, 0.79, 0.238773
0.85, 0.235153, 0.21, 0.79, 0.23261
0.85, 0.235903, 0.21, 0.79, 0.243145
0.85, 0.219234, 0.21, 0.79, 0.226509
0.85, 0.220841, 0.21, 0.79, 0.232222
0.85, 0.223464, 0.21, 0.79, 0.228455
0.85, 0.229212, 0.21, 0.79, 0.235526
0.85, 0.242288, 0.21, 0.79, 0.243715
0.85, 0.240547, 0.21, 0.79, 0.238836
0.85, 0.242649, 0.21, 0.79, 0.242353
0.85, 0.231335, 0.21, 0.79, 0.235273
0.85, 0.230139, 0.21, 0.79, 0.233701
0.85, 0.237331, 0.21, 0.79, 0.238735
0.85, 0.227414, 0.21, 0.79, 0.238457
0.85, 0.228753, 0.21, 0.79, 0.232792
0.85, 0.223427, 0.21, 0.79, 0.230289
0.85, 0.230938, 0.21, 0.79, 0.232274
0.85, 0.25193, 0.22, 0.78, 0.249754
0.85, 0.243868, 0.22, 0.78, 0.249554
0.85, 0.243505, 0.22, 0.78, 0.25134
0.85, 0.246857, 0.22, 0.78, 0.256507
0.85, 0.250301, 0.22, 0.78, 0.255226
0.85, 0.246745, 0.22, 0.78, 0.250339
0.85, 0.236371, 0.22, 0.78, 0.246384
0.85, 0.245201, 0.22, 0.78, 0.249817
0.85, 0.23928, 0.22, 0.78, 0.242395
0.85, 0.253824, 0.22, 0.78, 0.246844
0.85, 0.247231, 0.22, 0.78, 0.250153
0.85, 0.241524, 0.22, 0.78, 0.242627
0.85, 0.240068, 0.22, 0.78, 0.243526
0.85, 0.235586, 0.22, 0.78, 0.247324
0.85, 0.235094, 0.22, 0.78, 0.24382
0.85, 0.242404, 0.22, 0.78, 0.249512
0.85, 0.235759, 0.22, 0.78, 0.238873
0.85, 0.248764, 0.22, 0.78, 0.246929
0.85, 0.239577, 0.22, 0.78, 0.245215
0.85, 0.242372, 0.22, 0.78, 0.24818
0.85, 0.249295, 0.22, 0.78, 0.2511
0.85, 0.240916, 0.22, 0.78, 0.2494
0.85, 0.250388, 0.22, 0.78, 0.252968
0.85, 0.236665, 0.22, 0.78, 0.241768
0.85, 0.244399, 0.22, 0.78, 0.24838
0.85, 0.258643, 0.23, 0.77, 0.266306
0.85, 0.253231, 0.23, 0.77, 0.265189
0.85, 0.257767, 0.23, 0.77, 0.26718
0.85, 0.258901, 0.23, 0.77, 0.261741
0.85, 0.265683, 0.23, 0.77, 0.269726
0.85, 0.258932, 0.23, 0.77, 0.260627
0.85, 0.256713, 0.23, 0.77, 0.262587
0.85, 0.264172, 0.23, 0.77, 0.268844
0.85, 0.259764, 0.23, 0.77, 0.260864
0.85, 0.255793, 0.23, 0.77, 0.265369
0.85, 0.259382, 0.23, 0.77, 0.257641
0.85, 0.261142, 0.23, 0.77, 0.264686
0.85, 0.254905, 0.23, 0.77, 0.263355
0.85, 0.256801, 0.23, 0.77, 0.25899
0.85, 0.262013, 0.23, 0.77, 0.266057
0.85, 0.259159, 0.23, 0.77, 0.265604
0.85, 0.264217, 0.23, 0.77, 0.262588
0.85, 0.258606, 0.23, 0.77, 0.262978
0.85, 0.255444, 0.23, 0.77, 0.265783
0.85, 0.259671, 0.23, 0.77, 0.26292
0.85, 0.258752, 0.23, 0.77, 0.259972
0.85, 0.269069, 0.23, 0.77, 0.273431
0.85, 0.263162, 0.23, 0.77, 0.269305
0.85, 0.258515, 0.23, 0.77, 0.263369
0.85, 0.255005, 0.23, 0.77, 0.258592
0.85, 0.281299, 0.24, 0.76, 0.284332
0.85, 0.261864, 0.24, 0.76, 0.277177
0.85, 0.274461, 0.24, 0.76, 0.276682
0.85, 0.279957, 0.24, 0.76, 0.282227
0.85, 0.274065, 0.24, 0.76, 0.275968
0.85, 0.266366, 0.24, 0.76, 0.270602
0.85, 0.277774, 0.24, 0.76, 0.283878
0.85, 0.267919, 0.24, 0.76, 0.275458
0.85, 0.277504, 0.24, 0.76, 0.281025
0.85, 0.259233, 0.24, 0.76, 0.267028
0.85, 0.263359, 0.24, 0.76, 0.276206
0.85, 0.276145, 0.24, 0.76, 0.277629
0.85, 0.274817, 0.24, 0.76, 0.279556
0.85, 0.281521, 0.24, 0.76, 0.286333
0.85, 0.280283, 0.24, 0.76, 0.284041
0.85, 0.269729, 0.24, 0.76, 0.278354
0.85, 0.284362, 0.24, 0.76, 0.284809
0.85, 0.262567, 0.24, 0.76, 0.267429
0.85, 0.259277, 0.24, 0.76, 0.270523
0.85, 0.278106, 0.24, 0.76, 0.277112
0.85, 0.272023, 0.24, 0.76, 0.277555
0.85, 0.269086, 0.24, 0.76, 0.281858
0.85, 0.281868, 0.24, 0.76, 0.284321
0.85, 0.267735, 0.24, 0.76, 0.274472
0.85, 0.278547, 0.24, 0.76, 0.28567
0.85, 0.273254, 0.25, 0.75, 0.285476
0.85, 0.293647, 0.25, 0.75, 0.294154
0.85, 0.285018, 0.25, 0.75, 0.291826
0.85, 0.297188, 0.25, 0.75, 0.301567
0.85, 0.278227, 0.25, 0.75, 0.28646
0.85, 0.304172, 0.25, 0.75, 0.304524
0.85, 0.292968, 0.25, 0.75, 0.298103
0.85, 0.288069, 0.25, 0.75, 0.298194
0.85, 0.294994, 0.25, 0.75, 0.297974
0.85, 0.288526, 0.25, 0.75, 0.290089
0.85, 0.277406, 0.25, 0.75, 0.288835
0.85, 0.288432, 0.25, 0.75, 0.297833
0.85, 0.295023, 0.25, 0.75, 0.294917
0.85, 0.282609, 0.25, 0.75, 0.292187
0.85, 0.282295, 0.25, 0.75, 0.283982
0.85, 0.278699, 0.25, 0.75, 0.284335
0.85, 0.275958, 0.25, 0.75, 0.284072
0.85, 0.286826, 0.25, 0.75, 0.297153
0.85, 0.291506, 0.25, 0.75, 0.297624
0.85, 0.288627, 0.25, 0.75, 0.289558
0.85, 0.285021, 0.25, 0.75, 0.289883
0.85, 0.294164, 0.25, 0.75, 0.292504
0.85, 0.27975, 0.25, 0.75, 0.287225
0.85, 0.280382, 0.25, 0.75, 0.287256
0.85, 0.282095, 0.25, 0.75, 0.290828
0.85, 0.300699, 0.26, 0.74, 0.306057
0.85, 0.311521, 0.26, 0.74, 0.316509
0.85, 0.304501, 0.26, 0.74, 0.310495
0.85, 0.297797, 0.26, 0.74, 0.301928
0.85, 0.308496, 0.26, 0.74, 0.312411
0.85, 0.296182, 0.26, 0.74, 0.304445
0.85, 0.287486, 0.26, 0.74, 0.295943
0.85, 0.305556, 0.26, 0.74, 0.312591
0.85, 0.302014, 0.26, 0.74, 0.304518
0.85, 0.297179, 0.26, 0.74, 0.305933
0.85, 0.302387, 0.26, 0.74, 0.306264
0.85, 0.306787, 0.26, 0.74, 0.313508
0.85, 0.299484, 0.26, 0.74, 0.310041
0.85, 0.301034, 0.26, 0.74, 0.308416
0.85, 0.297702, 0.26, 0.74, 0.302573
0.85, 0.314779, 0.26, 0.74, 0.312421
0.85, 0.291575, 0.26, 0.74, 0.298727
0.85, 0.298536, 0.26, 0.74, 0.306757
0.85, 0.294985, 0.26, 0.74, 0.30443
0.85, 0.299633, 0.26, 0.74, 0.30707
0.85, 0.310638, 0.26, 0.74, 0.316971
0.85, 0.302033, 0.26, 0.74, 0.309378
0.85, 0.296352, 0.26, 0.74, 0.302163
0.85, 0.303354, 0.26, 0.74, 0.310631
0.85, 0.286966, 0.26, 0.74, 0.302016
0.85, 0.324972, 0.27, 0.73, 0.331875
0.85, 0.317825, 0.27, 0.73, 0.329771
0.85, 0.328767, 0.27, 0.73, 0.331193
0.85, 0.310803, 0.27, 0.73, 0.316978
0.85, 0.324017, 0.27, 0.73, 0.327246
0.85, 0.31261, 0.27, 0.73, 0.318937
0.85, 0.319152, 0.27, 0.73, 0.326076
0.85, 0.310607, 0.27, 0.73, 0.319003
0.85, 0.313286, 0.27, 0.73, 0.32263
0.85, 0.321404, 0.27, 0.73, 0.325093
0.85, 0.310283, 0.27, 0.73, 0.316628
0.85, 0.330512, 0.27, 0.73, 0.328436
0.85, 0.322474, 0.27, 0.73, 0.325669
0.85, 0.317601, 0.27, 0.73, 0.319043
0.85, 0.314139, 0.27, 0.73, 0.321734
0.85, 0.317421, 0.27, 0.73, 0.322548
0.85, 0.315592, 0.27, 0.73, 0.321869
0.85, 0.310157, 0.27, 0.73, 0.314309
0.85, 0.312873, 0.27, 0.73, 0.321577
0.85, 0.319174, 0.27, 0.73, 0.323494
0.85, 0.316014, 0.27, 0.73, 0.320074
0.85, 0.318697, 0.27, 0.73, 0.328427
0.85, 0.31875, 0.27, 0.73, 0.325705
0.85, 0.321944, 0.27, 0.73, 0.326119
0.85, 0.336785, 0.27, 0.73, 0.3308
0.85, 0.336838, 0.28, 0.72, 0.341087
0.85, 0.331133, 0.28, 0.72, 0.338111
0.85, 0.335583, 0.28, 0.72, 0.341393
0.85, 0.335792, 0.28, 0.72, 0.339933
0.85, 0.335181, 0.28, 0.72, 0.34468
0.85, 0.323794, 0.28, 0.72, 0.333439
0.85, 0.341236, 0.28, 0.72, 0.348614
0.85, 0.33582, 0.28, 0.72, 0.338344
0.85, 0.336253, 0.28, 0.72, 0.343167
0.85, 0.325686, 0.28, 0.72, 0.33154
0.85, 0.337063, 0.28, 0.72, 0.347222
0.85, 0.335256, 0.28, 0.72, 0.344086
0.85, 0.33421, 0.28, 0.72, 0.337027
0.85, 0.338583, 0.28, 0.72, 0.339771
0.85, 0.341344, 0.28, 0.72, 0.340625
0.85, 0.328519, 0.28, 0.72, 0.338597
0.85, 0.342962, 0.28, 0.72, 0.34749
0.85, 0.33241, 0.28, 0.72, 0.340224
0.85, 0.338971, 0.28, 0.72, 0.345333
0.85, 0.324002, 0.28, 0.72, 0.334453
0.85, 0.333931, 0.28, 0.72, 0.336544
0.85, 0.33782, 0.28, 0.72, 0.341377
0.85, 0.335274, 0.28, 0.72, 0.347333
0.85, 0.331487, 0.28, 0.72, 0.33567
0.85, 0.338721, 0.28, 0.72, 0.34276
0.85, 0.342089, 0.29, 0.71, 0.34955
0.85, 0.350628, 0.29, 0.71, 0.357405
0.85, 0.347452, 0.29, 0.71, 0.357555
0.85, 0.350169, 0.29, 0.71, 0.361055
0.85, 0.350014, 0.29, 0.71, 0.356927
0.85, 0.354752, 0.29, 0.71, 0.360778
0.85, 0.351789, 0.29, 0.71, 0.362187
0.85, 0.336467, 0.29, 0.71, 0.3512
0.85, 0.357472, 0.29, 0.71, 0.358063
0.85, 0.350164, 0.29, 0.71, 0.354976
0.85, 0.346737, 0.29, 0.71, 0.352717
0.85, 0.347136, 0.29, 0.71, 0.35371
0.85, 0.354207, 0.29, 0.71, 0.359871
0.85, 0.349964, 0.29, 0.71, 0.362972
0.85, 0.354215, 0.29, 0.71, 0.358929
0.85, 0.347076, 0.29, 0.71, 0.356021
0.85, 0.347288, 0.29, 0.71, 0.354822
0.85, 0.343615, 0.29, 0.71, 0.352609
0.85, 0.356724, 0.29, 0.71, 0.363826
0.85, 0.350667, 0.29, 0.71, 0.356951
0.85, 0.358029, 0.29, 0.71, 0.365664
0.85, 0.349374, 0.29, 0.71, 0.357256
0.85, 0.356577, 0.29, 0.71, 0.360676
0.85, 0.363994, 0.29, 0.71, 0.362932
0.85, 0.345897, 0.29, 0.71, 0.358393
0.85, 0.372162, 0.3, 0.7, 0.377433
0.85, 0.375625, 0.3, 0.7, 0.382281
0.85, 0.357352, 0.3, 0.7, 0.367097
0.85, 0.360512, 0.3, 0.7, 0.368466
0.85, 0.366442, 0.3, 0.7, 0.373169
0.85, 0.374515, 0.3, 0.7, 0.380981
0.85, 0.370445, 0.3, 0.7, 0.376238
0.85, 0.374066, 0.3, 0.7, 0.372702
0.85, 0.35503, 0.3, 0.7, 0.36698
0.85, 0.376057, 0.3, 0.7, 0.385827
0.85, 0.369523, 0.3, 0.7, 0.375255
0.85, 0.377211, 0.3, 0.7, 0.383394
0.85, 0.357616, 0.3, 0.7, 0.369005
0.85, 0.361771, 0.3, 0.7, 0.3683
0.85, 0.356474, 0.3, 0.7, 0.36404
0.85, 0.363479, 0.3, 0.7, 0.369922
0.85, 0.365258, 0.3, 0.7, 0.375975
0.85, 0.37, 0.3, 0.7, 0.380158
0.85, 0.367732, 0.3, 0.7, 0.375575
0.85, 0.362778, 0.3, 0.7, 0.372095
0.85, 0.371095, 0.3, 0.7, 0.379465
0.85, 0.37576, 0.3, 0.7, 0.383552
0.85, 0.366486, 0.3, 0.7, 0.379189
0.85, 0.376168, 0.3, 0.7, 0.381822
0.85, 0.375038, 0.3, 0.7, 0.386364
0.9, 0.152573, 0.15, 0.85, 0.154274
0.9, 0.155912, 0.15, 0.85, 0.159194
0.9, 0.153024, 0.15, 0.85, 0.158935
0.9, 0.158342, 0.15, 0.85, 0.159036
0.9, 0.165994, 0.15, 0.85, 0.167001
0.9, 0.160299, 0.15, 0.85, 0.162953
0.9, 0.158999, 0.15, 0.85, 0.158076
0.9, 0.155502, 0.15, 0.85, 0.161517
0.9, 0.159549, 0.15, 0.85, 0.159308
0.9, 0.160921, 0.15, 0.85, 0.160877
0.9, 0.162274, 0.15, 0.85, 0.166991
0.9, 0.150576, 0.15, 0.85, 0.156954
0.9, 0.150734, 0.15, 0.85, 0.156667
0.9, 0.154637, 0.15, 0.85, 0.157774
0.9, 0.164808, 0.15, 0.85, 0.162247
0.9, 0.155638, 0.15, 0.85, 0.158417
0.9, 0.170397, 0.15, 0.85, 0.167431
0.9, 0.15288, 0.15, 0.85, 0.155756
0.9, 0.154864, 0.15, 0.85, 0.157524
0.9, 0.155305, 0.15, 0.85, 0.160819
0.9, 0.160697, 0.15, 0.85, 0.165078
0.9, 0.154502, 0.15, 0.85, 0.15378
0.9, 0.164883, 0.15, 0.85, 0.165444
0.9, 0.160628, 0.15, 0.85, 0.163753
0.9, 0.156782, 0.15, 0.85, 0.159188
0.9, 0.173689, 0.16, 0.84, 0.175147
0.9, 0.177002, 0.16, 0.84, 0.177797
0.9, 0.170895, 0.16, 0.84, 0.172428
0.9, 0.179289, 0.16, 0.84, 0.174299
0.9, 0.173608, 0.16, 0.84, 0.17485
0.9, 0.17824, 0.16, 0.84, 0.179089
0.9, 0.165633, 0.16, 0.84, 0.166242
0.9, 0.171243, 0.16, 0.84, 0.171818
0.9, 0.164307, 0.16, 0.84, 0.168968
0.9, 0.166451, 0.16, 0.84, 0.171956
0.9, 0.169433, 0.16, 0.84, 0.174925
0.9, 0.170902, 0.16, 0.84, 0.174333
0.9, 0.167431, 0.16, 0.84, 0.166906
0.9, 0.165612, 0.16, 0.84, 0.168975
0.9, 0.166526, 0.16, 0.84, 0.170205
0.9, 0.171246, 0.16, 0.84, 0.166638
0.9, 0.166436, 0.16, 0.84, 0.17045
0.9, 0.171527, 0.16, 0.84, 0.175864
0.9, 0.172215, 0.16, 0.84, 0.175032
0.9, 0.171629, 0.16, 0.84, 0.174431
0.9, 0.171501, 0.16, 0.84, 0.174397
0.9, 0.169459, 0.16, 0.84, 0.174326
0.9, 0.16946, 0.16, 0.84, 0.170976
0.9, 0.171971, 0.16, 0.84, 0.174042
0.9, 0.170029, 0.16, 0.84, 0.173565
0.9, 0.187525, 0.17, 0.83, 0.184042
0.9, 0.193258, 0.17, 0.83, 0.191975
0.9, 0.175682, 0.17, 0.83, 0.185767
0.9, 0.196097, 0.17, 0.83, 0.193567
0.9, 0.187993, 0.17, 0.83, 0.189186
0.9, 0.183615, 0.17, 0.83, 0.181415
0.9, 0.182576, 0.17, 0.83, 0.184047
0.9, 0.186478, 0.17, 0.83, 0.186605
0.9, 0.179841, 0.17, 0.83, 0.184024
0.9, 0.176573, 0.17, 0.83, 0.184127
0.9, 0.192369, 0.17, 0.83, 0.192464
0.9, 0.18792, 0.17, 0.83, 0.186891
0.9, 0.190638, 0.17, 0.83, 0.191282
0.9, 0.183158, 0.17, 0.83, 0.184149
0.9, 0.179758, 0.17, 0.83, 0.183053
0.9, 0.181967, 0.17, 0.83, 0.184648
0.9, 0.183698, 0.17, 0.83, 0.188304
0.9, 0.191065, 0.17, 0.83, 0.193728
0.9, 0.175613, 0.17, 0.83, 0.179268
0.9, 0.183746, 0.17, 0.83, 0.186764
0.9, 0.189042, 0.17, 0.83, 0.189276
0.9, 0.182464, 0.17, 0.83, 0.189535
0.9, 0.186711, 0.17, 0.83, 0.190673
0.9, 0.183721, 0.17, 0.83, 0.183511
0.9, 0.182777, 0.17, 0.83, 0.184001
0.9, 0.197396, 0.18, 0.82, 0.199694
0.9, 0.196205, 0.18, 0.82, 0.198605
0.9, 0.197953, 0.18, 0.82, 0.197521
0.9, 0.200715, 0.18, 0.82, 0.20228
0.9, 0.191423, 0.18, 0.82, 0.194504
0.9, 0.196781, 0.18, 0.82, 0.19973
0.9, 0.198687, 0.18, 0.82, 0.198039
0.9, 0.203047, 0.18, 0.82, 0.199678
0.9, 0.198524, 0.18, 0.82, 0.203414
0.9, 0.193058, 0.18, 0.82, 0.196992
0.9, 0.19614, 0.18, 0.82, 0.196146
0.9, 0.202046, 0.18, 0.82, 0.206557
0.9, 0.200517, 0.18, 0.82, 0.199019
0.9, 0.185548, 0.18, 0.82, 0.19312
0.9, 0.197106, 0.18, 0.82, 0.202328
0.9, 0.20381, 0.18, 0.82, 0.203875
0.9, 0.194881, 0.18, 0.82, 0.198933
0.9, 0.201282, 0.18, 0.82, 0.199467
0.9, 0.199951, 0.18, 0.82, 0.198543
0.9, 0.196949, 0.18, 0.82, 0.199144
0.9, 0.197482, 0.18, 0.82, 0.197262
0.9, 0.193997, 0.18, 0.82, 0.200996
0.9, 0.199583, 0.18, 0.82, 0.199424
0.9, 0.197764, 0.18, 0.82, 0.201767
0.9, 0.19195, 0.18, 0.82, 0.196959
0.9, 0.206471, 0.19, 0.81, 0.209731
0.9, 0.210158, 0.19, 0.81, 0.215888
0.9, 0.206719, 0.19, 0.81, 0.215473
0.9, 0.218017, 0.19, 0.81, 0.219232
0.9, 0.215941, 0.19, 0.81, 0.215313
0.9, 0.211929, 0.19, 0.81, 0.216078
0.9, 0.214231, 0.19, 0.81, 0.216506
0.9, 0.214241, 0.19, 0.81, 0.214896
0.9, 0.217439, 0.19, 0.81, 0.218565
0.9, 0.214714, 0.19, 0.81, 0.218084
0.9, 0.203469, 0.19, 0.81, 0.20819
0.9, 0.209209, 0.19, 0.81, 0.212514
0.9, 0.20883, 0.19, 0.81, 0.212494
0.9, 0.208466, 0.19, 0.81, 0.205913
0.9, 0.206266, 0.19, 0.81, 0.207077
0.9, 0.208624, 0.19, 0.81, 0.215955
0.9, 0.212031, 0.19, 0.81, 0.216471
0.9, 0.203751, 0.19, 0.81, 0.208111
0.9, 0.204871, 0.19, 0.81, 0.209409
0.9, 0.208231, 0.19, 0.81, 0.212766
0.9, 0.2142, 0.19, 0.81, 0.213978
0.9, 0.213985, 0.19, 0.81, 0.218191
0.9, 0.206566, 0.19, 0.81, 0.219099
0.9, 0.205237, 0.19, 0.81, 0.208165
0.9, 0.204706, 0.19, 0.81, 0.210664
0.9, 0.227878, 0.2, 0.8, 0.227472
0.9, 0.229725, 0.2, 0.8, 0.231525
0.9, 0.221588, 0.2, 0.8, 0.226318
0.9, 0.221014, 0.2, 0.8, 0.224401
0.9, 0.216072, 0.2, 0.8, 0.221363
0.9, 0.22013, 0.2, 0.8, 0.222249
0.9, 0.220262, 0.2, 0.8, 0.221091
0.9, 0.22456, 0.2, 0.8, 0.228115
0.9, 0.218715, 0.2, 0.8, 0.22529
0.9, 0.228605, 0.2, 0.8, 0.232
0.9, 0.212445, 0.2, 0.8, 0.219286
0.9, 0.219494, 0.2, 0.8, 0.225922
0.9, 0.222218, 0.2, 0.8, 0.225585
0.9, 0.219723, 0.2, 0.8, 0.225541
0.9, 0.228846, 0.2, 0.8, 0.229969
0.9, 0.226536, 0.2, 0.8, 0.230839
0.9, 0.226134, 0.2, 0.8, 0.226897
0.9, 0.223327, 0.2, 0.8, 0.232721
0.9, 0.21993, 0.2, 0.8, 0.221595
0.9, 0.227982, 0.2, 0.8, 0.23496
0.9, 0.224662, 0.2, 0.8, 0.231263
0.9, 0.222483, 0.2, 0.8, 0.228573
0.9, 0.224757, 0.2, 0.8, 0.229645
0.9, 0.222327, 0.2, 0.8, 0.227646
0.9, 0.220768, 0.2, 0.8, 0.226925
0.9, 0.238032, 0.21, 0.79, 0.241865
0.9, 0.242434, 0.21, 0.79, 0.246488
0.9, 0.23463, 0.21, 0.79, 0.242765
0.9, 0.226674, 0.21, 0.79, 0.238107
0.9, 0.239306, 0.21, 0.79, 0.242943
0.9, 0.2322, 0.21, 0.79, 0.239505
0.9, 0.240582, 0.21, 0.79, 0.245494
0.9, 0.240492, 0.21, 0.79, 0.244771
0.9, 0.239286, 0.21, 0.79, 0.24455
0.9, 0.238374, 0.21, 0.79, 0.240282
0.9, 0.234346, 0.21, 0.79, 0.241142
0.9, 0.234502, 0.21, 0.79, 0.242037
0.9, 0.247334, 0.21, 0.79, 0.243939
0.9, 0.241603, 0.21, 0.79, 0.24144
0.9, 0.229619, 0.21, 0.79, 0.234449
0.9, 0.232885, 0.21, 0.79, 0.239488
0.9, 0.240411, 0.21, 0.79, 0.242879
0.9, 0.239768, 0.21, 0.79, 0.240715
0.9, 0.230516, 0.21, 0.79, 0.237384
0.9, 0.230434, 0.21, 0.79, 0.231316
0.9, 0.23229, 0.21, 0.79, 0.236877
0.9, 0.230568, 0.21, 0.79, 0.235344
0.9, 0.240661, 0.21, 0.79, 0.242261
0.9, 0.235392, 0.21, 0.79, 0.239145
0.9, 0.224911, 0.21, 0.79, 0.230105
0.9, 0.244665, 0.22, 0.78, 0.251495
0.9, 0.23871, 0.22, 0.78, 0.248573
0.9, 0.247123, 0.22, 0.78, 0.251736
0.9, 0.244843, 0.22, 0.78, 0.252736
0.9, 0.249279, 0.22, 0.78, 0.256149
0.9, 0.248911, 0.22, 0.78, 0.258218
0.9, 0.246267, 0.22, 0.78, 0.25359
0.9, 0.239488, 0.22, 0.78, 0.248935
0.9, 0.245711, 0.22, 0.78, 0.251846
0.9, 0.251479, 0.22, 0.78, 0.255272
0.9, 0.243194, 0.22, 0.78, 0.254351
0.9, 0.244321, 0.22, 0.78, 0.247913
0.9, 0.247555, 0.22, 0.78, 0.255618
0.9, 0.250226, 0.22, 0.78, 0.256642
0.9, 0.240096, 0.22, 0.78, 0.252057
0.9, 0.251328, 0.22, 0.78, 0.259869
0.9, 0.249384, 0.22, 0.78, 0.254098
0.9, 0.250502, 0.22, 0.78, 0.252016
0.9, 0.248844, 0.22, 0.78, 0.257569
0.9, 0.25201, 0.22, 0.78, 0.255746
0.9, 0.252572, 0.22, 0.78, 0.254553
0.9, 0.251284, 0.22, 0.78, 0.256876
0.9, 0.233983, 0.22, 0.78, 0.246575
0.9, 0.255107, 0.22, 0.78, 0.257348
0.9, 0.251334, 0.22, 0.78, 0.256893
0.9, 0.261716, 0.23, 0.77, 0.267721
0.9, 0.271774, 0.23, 0.77, 0.275092
0.9, 0.26562, 0.23, 0.77, 0.275437
0.9, 0.270932, 0.23, 0.77, 0.272405
0.9, 0.270991, 0.23, 0.77, 0.275114
0.9, 0.264253, 0.23, 0.77, 0.269131
0.9, 0.255548, 0.23, 0.77, 0.264042
0.9, 0.258691, 0.23, 0.77, 0.268207
0.9, 0.263272, 0.23, 0.77, 0.268616
0.9, 0.268461, 0.23, 0.77, 0.27719
0.9, 0.266435, 0.23, 0.77, 0.271583
0.9, 0.271722, 0.23, 0.77, 0.275747
0.9, 0.256192, 0.23, 0.77, 0.267821
0.9, 0.264173, 0.23, 0.77, 0.269837
0.9, 0.262499, 0.23, 0.77, 0.268817
0.9, 0.265403, 0.23, 0.77, 0.271438
0.9, 0.259437, 0.23, 0.77, 0.267932
0.9, 0.26555, 0.23, 0.77, 0.267884
0.9, 0.261825, 0.23, 0.77, 0.267536
0.9, 0.262024, 0.23, 0.77, 0.266016
0.9, 0.276091, 0.23, 0.77, 0.278406
0.9, 0.259795, 0.23, 0.77, 0.267485
0.9, 0.262388, 0.23, 0.77, 0.271675
0.9, 0.268725, 0.23, 0.77, 0.272984
0.9, 0.266772, 0.23, 0.77, 0.268855
0.9, 0.278863, 0.24, 0.76, 0.283297
0.9, 0.282419, 0.24, 0.76, 0.286035
0.9, 0.278288, 0.24, 0.76, 0.282341
0.9, 0.275397, 0.24, 0.76, 0.286969
0.9, 0.276537, 0.24, 0.76, 0.282453
0.9, 0.291732, 0.24, 0.76, 0.293259
0.9, 0.278403, 0.24, 0.76, 0.282557
0.9, 0.277768, 0.24, 0.76, 0.283823
0.9, 0.267866, 0.24, 0.76, 0.276271
0.9, 0.269818, 0.24, 0.76, 0.276573
0.9, 0.274272, 0.24, 0.76, 0.279081
0.9, 0.271524, 0.24, 0.76, 0.278101
0.9, 0.277186, 0.24, 0.76, 0.28151
0.9, 0.278443, 0.24, 0.76, 0.281592
0.9, 0.268492, 0.24, 0.76, 0.273226
0.9, 0.272916, 0.24, 0.76, 0.279246
0.9, 0.275742, 0.24, 0.76, 0.279567
0.9, 0.269032, 0.24, 0.76, 0.275958
0.9, 0.281928, 0.24, 0.76, 0.28999
0.9, 0.28823, 0.24, 0.76, 0.28892
0.9, 0.273461, 0.24, 0.76, 0.282375
0.9, 0.276678, 0.24, 0.76, 0.288782
0.9, 0.280958, 0.24, 0.76, 0.289394
0.9, 0.280083, 0.24, 0.76, 0.281646
0.9, 0.289321, 0.24, 0.76, 0.295739
0.9, 0.290773, 0.25, 0.75, 0.298389
0.9, 0.285976, 0.25, 0.75, 0.2954
0.9, 0.288443, 0.25, 0.75, 0.29657
0.9, 0.297074, 0.25, 0.75, 0.298837
0.9, 0.287083, 0.25, 0.75, 0.293847
0.9, 0.287962, 0.25, 0.75, 0.293741
0.9, 0.295522, 0.25, 0.75, 0.300114
0.9, 0.300363, 0.25, 0.75, 0.302596
0.9, 0.302102, 0.25, 0.75, 0.309469
0.9, 0.28759, 0.25, 0.75, 0.29628
0.9, 0.296808, 0.25, 0.75, 0.300101
0.9, 0.294327, 0.25, 0.75, 0.300406
0.9, 0.286248, 0.25, 0.75, 0.292236
0.9, 0.29985, 0.25, 0.75, 0.305496
0.9, 0.2913, 0.25, 0.75, 0.293981
0.9, 0.289867, 0.25, 0.75, 0.295338
0.9, 0.286024, 0.25, 0.75, 0.295436
0.9, 0.302968, 0.25, 0.75, 0.311226
0.9, 0.306866, 0.25, 0.75, 0.308927
0.9, 0.300303, 0.25, 0.75, 0.302832
0.9, 0.289141, 0.25, 0.75, 0.302929
0.9, 0.292857, 0.25, 0.75, 0.298263
0.9, 0.291933, 0.25, 0.75, 0.295876
0.9, 0.296212, 0.25, 0.75, 0.300786
0.9, 0.304407, 0.25, 0.75, 0.302247
0.9, 0.318063, 0.26, 0.74, 0.321872
0.9, 0.306262, 0.26, 0.74, 0.312701
0.9, 0.297701, 0.26, 0.74, 0.306182
0.9, 0.306439, 0.26, 0.74, 0.313441
0.9, 0.297494, 0.26, 0.74, 0.307251
0.9, 0.312975, 0.26, 0.74, 0.312812
0.9, 0.307524, 0.26, 0.74, 0.313441
0.9, 0.308141, 0.26, 0.74, 0.315996
0.9, 0.301412, 0.26, 0.74, 0.31327
0.9, 0.312631, 0.26, 0.74, 0.315402
0.9, 0.316819, 0.26, 0.74, 0.320557
0.9, 0.30866, 0.26, 0.74, 0.315566
0.9, 0.313063, 0.26, 0.74, 0.316491
0.9, 0.308419, 0.26, 0.74, 0.309867
0.9, 0.317034, 0.26, 0.74, 0.324789
0.9, 0.309084, 0.26, 0.74, 0.318167
0.9, 0.303996, 0.26, 0.74, 0.309283
0.9, 0.314613, 0.26, 0.74, 0.323077
0.9, 0.302353, 0.26, 0.74, 0.309485
0.9, 0.313893, 0.26, 0.74, 0.3179
0.9, 0.293883, 0.26, 0.74, 0.30414
0.9, 0.306651, 0.26, 0.74, 0.316038
0.9, 0.314555, 0.26, 0.74, 0.311899
0.9, 0.303656, 0.26, 0.74, 0.309864
0.9, 0.315898, 0.26, 0.74, 0.327399
0.9, 0.322859, 0.27, 0.73, 0.32919
0.9, 0.32321, 0.27, 0.73, 0.331931
0.9, 0.324746, 0.27, 0.73, 0.328743
0.9, 0.31594, 0.27, 0.73, 0.328405
0.9, 0.323684, 0.27, 0.73, 0.334044
0.9, 0.329395, 0.27, 0.73, 0.333782
0.9, 0.327471, 0.27, 0.73, 0.333397
0.9, 0.32799, 0.27, 0.73, 0.335099
0.9, 0.326569, 0.27, 0.73, 0.327521
0.9, 0.332353, 0.27, 0.73, 0.338633
0.9, 0.322838, 0.27, 0.73, 0.330997
0.9, 0.319743, 0.27, 0.73, 0.328092
0.9, 0.315545, 0.27, 0.73, 0.325598
0.9, 0.319605, 0.27, 0.73, 0.326008
0.9, 0.319574, 0.27, 0.73, 0.332011
0.9, 0.329302, 0.27, 0.73, 0.335247
0.9, 0.316294, 0.27, 0.73, 0.328187
0.9, 0.326935, 0.27, 0.73, 0.333398
0.9, 0.322116, 0.27, 0.73, 0.327809
0.9, 0.325239, 0.27, 0.73, 0.32978
0.9, 0.319189, 0.27, 0.73, 0.329109
0.9, 0.325089, 0.27, 0.73, 0.329884
0.9, 0.32847, 0.27, 0.73, 0.3314
0.9, 0.322726, 0.27, 0.73, 0.33272
0.9, 0.31545, 0.27, 0.73, 0.329306
0.9, 0.346994, 0.28, 0.72, 0.347427
0.9, 0.33216, 0.28, 0.72, 0.344054
0.9, 0.331853, 0.28, 0.72, 0.342209
0.9, 0.335624, 0.28, 0.72, 0.343564
0.9, 0.343489, 0.28, 0.72, 0.347576
0.9, 0.33368, 0.28, 0.72, 0.346111
0.9, 0.343573, 0.28, 0.72, 0.355933
0.9, 0.329249, 0.28, 0.72, 0.342088
0.9, 0.339378, 0.28, 0.72, 0.346004
0.9, 0.345541, 0.28, 0.72, 0.351695
0.9, 0.341258, 0.28, 0.72, 0.348509
0.9, 0.339469, 0.28, 0.72, 0.352467
0.9, 0.344916, 0.28, 0.72, 0.356185
0.9, 0.33978, 0.28, 0.72, 0.35209
0.9, 0.344916, 0.28, 0.72, 0.352279
0.9, 0.334862, 0.28, 0.72, 0.343752
0.9, 0.334457, 0.28, 0.72, 0.33419
0.9, 0.348402, 0.28, 0.72, 0.351484
0.9, 0.337664, 0.28, 0.72, 0.34962
0.9, 0.348708, 0.28, 0.72, 0.353607
0.9, 0.32856, 0.28, 0.72, 0.333867
0.9, 0.333665, 0.28, 0.72, 0.33731
0.9, 0.328913, 0.28, 0.72, 0.344171
0.9, 0.339342, 0.28, 0.72, 0.34434
0.9, 0.342021, 0.28, 0.72, 0.348587
0.9, 0.356926, 0.29, 0.71, 0.370207
0.9, 0.349445, 0.29, 0.71, 0.361321
0.9, 0.364453, 0.29, 0.71, 0.371208
0.9, 0.359376, 0.29, 0.71, 0.368752
0.9, 0.36087, 0.29, 0.71, 0.368616
0.9, 0.350146, 0.29, 0.71, 0.362014
0.9, 0.358373, 0.29, 0.71, 0.369437
0.9, 0.364868, 0.29, 0.71, 0.372576
0.9, 0.338112, 0.29, 0.71, 0.34974
0.9, 0.35538, 0.29, 0.71, 0.367396
0.9, 0.356614, 0.29, 0.71, 0.361418
0.9, 0.372305, 0.29, 0.71, 0.381853
0.9, 0.350496, 0.29, 0.71, 0.359363
0.9, 0.366244, 0.29, 0.71, 0.367569
0.9, 0.362766, 0.29, 0.71, 0.369438
0.9, 0.356266, 0.29, 0.71, 0.364763
0.9, 0.359708, 0.29, 0.71, 0.362429
0.9, 0.361326, 0.29, 0.71, 0.371787
0.9, 0.353595, 0.29, 0.71, 0.365509
0.9, 0.353455, 0.29, 0.71, 0.362853
0.9, 0.360542, 0.29, 0.71, 0.369847
0.9, 0.352273, 0.29, 0.71, 0.365912
0.9, 0.345638, 0.29, 0.71, 0.349711
0.9, 0.343996, 0.29, 0.71, 0.358831
0.9, 0.34949, 0.29, 0.71, 0.360432
0.9, 0.372489, 0.3, 0.7, 0.380046
0.9, 0.371179, 0.3, 0.7, 0.376054
0.9, 0.372884, 0.3, 0.7, 0.379509
0.9, 0.377019, 0.3, 0.7, 0.377702
0.9, 0.363273, 0.3, 0.7, 0.375811
0.9, 0.37623, 0.3, 0.7, 0.38432
0.9, 0.377436, 0.3, 0.7, 0.391319
0.9, 0.375649, 0.3, 0.7, 0.384564
0.9, 0.378368, 0.3, 0.7, 0.37977
0.9, 0.374508, 0.3, 0.7, 0.37727
0.9, 0.368718, 0.3, 0.7, 0.377044
0.9, 0.376339, 0.3, 0.7, 0.385614
0.9, 0.379308, 0.3, 0.7, 0.384789
0.9, 0.377831, 0.3, 0.7, 0.388756
0.9, 0.372401, 0.3, 0.7, 0.378902
0.9, 0.372577, 0.3, 0.7, 0.380432
0.9, 0.367852, 0.3, 0.7, 0.379826
0.9, 0.372059, 0.3, 0.7, 0.378076
0.9, 0.36561, 0.3, 0.7, 0.379365
0.9, 0.377748, 0.3, 0.7, 0.38357
0.9, 0.371318, 0.3, 0.7, 0.373878
0.9, 0.370448, 0.3, 0.7, 0.379406
0.9, 0.376944, 0.3, 0.7, 0.383169
0.9, 0.36897, 0.3, 0.7, 0.378922
0.9, 0.370872, 0.3, 0.7, 0.382471
0.95, 0.163489, 0.15, 0.85, 0.164058
0.95, 0.159567, 0.15, 0.85, 0.16586
0.95, 0.159696, 0.15, 0.85, 0.161579
0.95, 0.165145, 0.15, 0.85, 0.168751
0.95, 0.163902, 0.15, 0.85, 0.165447
0.95, 0.163453, 0.15, 0.85, 0.16547
0.95, 0.160592, 0.15, 0.85, 0.165421
0.95, 0.167252, 0.15, 0.85, 0.166011
0.95, 0.166153, 0.15, 0.85, 0.170393
0.95, 0.163774, 0.15, 0.85, 0.165721
0.95, 0.168875, 0.15, 0.85, 0.171167
0.95, 0.161169, 0.15, 0.85, 0.169645
0.95, 0.160406, 0.15, 0.85, 0.161744
0.95, 0.162022, 0.15, 0.85, 0.165173
0.95, 0.16427, 0.15, 0.85, 0.167104
0.95, 0.166327, 0.15, 0.85, 0.165319
0.95, 0.162256, 0.15, 0.85, 0.161672
0.95, 0.162924, 0.15, 0.85, 0.164943
0.95, 0.15692, 0.15, 0.85, 0.162617
0.95, 0.157607, 0.15, 0.85, 0.162861
0.95, 0.166535, 0.15, 0.85, 0.164745
0.95, 0.161631, 0.15, 0.85, 0.164091
0.95, 0.158658, 0.15, 0.85, 0.164161
0.95, 0.163646, 0.15, 0.85, 0.16337
0.95, 0.159745, 0.15, 0.85, 0.16302
0.95, 0.173522, 0.16, 0.84, 0.176426
0.95, 0.177409, 0.16, 0.84, 0.179192
0.95, 0.176291, 0.16, 0.84, 0.179064
0.95, 0.181646, 0.16, 0.84, 0.176949
0.95, 0.167666, 0.16, 0.84, 0.171576
0.95, 0.177387, 0.16, 0.84, 0.180718
0.95, 0.175051, 0.16, 0.84, 0.183711
0.95, 0.176505, 0.16, 0.84, 0.177817
0.95, 0.173642, 0.16, 0.84, 0.178129
0.95, 0.168944, 0.16, 0.84, 0.174887
0.95, 0.175796, 0.16, 0.84, 0.173168
0.95, 0.177202, 0.16, 0.84, 0.178621
0.95, 0.177371, 0.16, 0.84, 0.176123
0.95, 0.183466, 0.16, 0.84, 0.179443
0.95, 0.183109, 0.16, 0.84, 0.179788
0.95, 0.177967, 0.16, 0.84, 0.178099
0.95, 0.183385, 0.16, 0.84, 0.183604
0.95, 0.176399, 0.16, 0.84, 0.180474
0.95, 0.175201, 0.16, 0.84, 0.181013
0.95, 0.173983, 0.16, 0.84, 0.179407
0.95, 0.174891, 0.16, 0.84, 0.177408
0.95, 0.177404, 0.16, 0.84, 0.180865
0.95, 0.180993, 0.16, 0.84, 0.182318
0.95, 0.174664, 0.16, 0.84, 0.174932
0.95, 0.17925, 0.16, 0.84, 0.178452
0.95, 0.192767, 0.17, 0.83, 0.19704
0.95, 0.191253, 0.17, 0.83, 0.193778
0.95, 0.184649, 0.17, 0.83, 0.189363
0.95, 0.196658, 0.17, 0.83, 0.196895
0.95, 0.189018, 0.17, 0.83, 0.191275
0.95, 0.18988, 0.17, 0.83, 0.190277
0.95, 0.195941, 0.17, 0.83, 0.194682
0.95, 0.182378, 0.17, 0.83, 0.189678
0.95, 0.184764, 0.17, 0.83, 0.188494
0.95, 0.190264, 0.17, 0.83, 0.19179
0.95, 0.183967, 0.17, 0.83, 0.186675
0.95, 0.18728, 0.17, 0.83, 0.197018
0.95, 0.187962, 0.17, 0.83, 0.193871
0.95, 0.190803, 0.17, 0.83, 0.194267
0.95, 0.1918, 0.17, 0.83, 0.195877
0.95, 0.195347, 0.17, 0.83, 0.197172
0.95, 0.193145, 0.17, 0.83, 0.199146
0.95, 0.19888, 0.17, 0.83, 0.196847
0.95, 0.188803, 0.17, 0.83, 0.192874
0.95, 0.193614, 0.17, 0.83, 0.197117
0.95, 0.195705, 0.17, 0.83, 0.19697
0.95, 0.18548, 0.17, 0.83, 0.190703
0.95, 0.191056, 0.17, 0.83, 0.197122
0.95, 0.201662, 0.17, 0.83, 0.202521
0.95, 0.187506, 0.17, 0.83, 0.191955
0.95, 0.201993, 0.18, 0.82, 0.205735
0.95, 0.201884, 0.18, 0.82, 0.210377
0.95, 0.20826, 0.18, 0.82, 0.213538
0.95, 0.199227, 0.18, 0.82, 0.200222
0.95, 0.204778, 0.18, 0.82, 0.206178
0.95, 0.203504, 0.18, 0.82, 0.204868
0.95, 0.208044, 0.18, 0.82, 0.21272
0.95, 0.195189, 0.18, 0.82, 0.197218
0.95, 0.208132, 0.18, 0.82, 0.211567
0.95, 0.198958, 0.18, 0.82, 0.205535
0.95, 0.197091, 0.18, 0.82, 0.206201
0.95, 0.203591, 0.18, 0.82, 0.206862
0.95, 0.194225, 0.18, 0.82, 0.200925
0.95, 0.203727, 0.18, 0.82, 0.208375
0.95, 0.195095, 0.18, 0.82, 0.196317
0.95, 0.201773, 0.18, 0.82, 0.202294
0.95, 0.210895, 0.18, 0.82, 0.210405
0.95, 0.206217, 0.18, 0.82, 0.208905
0.95, 0.19747, 0.18, 0.82, 0.198834
0.95, 0.199079, 0.18, 0.82, 0.205963
0.95, 0.200639, 0.18, 0.82, 0.209882
0.95, 0.200206, 0.18, 0.82, 0.205578
0.95, 0.20577, 0.18, 0.82, 0.206563
0.95, 0.205434, 0.18, 0.82, 0.209057
0.95, 0.209088, 0.18, 0.82, 0.209571
0.95, 0.220026, 0.19, 0.81, 0.222276
0.95, 0.214012, 0.19, 0.81, 0.220136
0.95, 0.225721, 0.19, 0.81, 0.22552
0.95, 0.218342, 0.19, 0.81, 0.2212
0.95, 0.214919, 0.19, 0.81, 0.218927
0.95, 0.21296, 0.19, 0.81, 0.214844
0.95, 0.214382, 0.19, 0.81, 0.217104
0.95, 0.213552, 0.19, 0.81, 0.214409
0.95, 0.216701, 0.19, 0.81, 0.223198
0.95, 0.220987, 0.19, 0.81, 0.220711
0.95, 0.217507, 0.19, 0.81, 0.224823
0.95, 0.219509, 0.19, 0.81, 0.218176
0.95, 0.214259, 0.19, 0.81, 0.217072
0.95, 0.218708, 0.19, 0.81, 0.220457
0.95, 0.214221, 0.19, 0.81, 0.218502
0.95, 0.218857, 0.19, 0.81, 0.219193
0.95, 0.215559, 0.19, 0.81, 0.218004
0.95, 0.207971, 0.19, 0.81, 0.216434
0.95, 0.216456, 0.19, 0.81, 0.219682
0.95, 0.2154, 0.19, 0.81, 0.21975
0.95, 0.211428, 0.19, 0.81, 0.220441
0.95, 0.217718, 0.19, 0.81, 0.22249
0.95, 0.211025, 0.19, 0.81, 0.218449
0.95, 0.206357, 0.19, 0.81, 0.213999
0.95, 0.212958, 0.19, 0.81, 0.219213
0.95, 0.240253, 0.2, 0.8, 0.239974
0.95, 0.229399, 0.2, 0.8, 0.232892
0.95, 0.230249, 0.2, 0.8, 0.236531
0.95, 0.23498, 0.2, 0.8, 0.236938
0.95, 0.236353, 0.2, 0.8, 0.238481
0.95, 0.233483, 0.2, 0.8, 0.236609
0.95, 0.230435, 0.2, 0.8, 0.231908
0.95, 0.224363, 0.2, 0.8, 0.233106
0.95, 0.226399, 0.2, 0.8, 0.230366
0.95, 0.227463, 0.2, 0.8, 0.234223
0.95, 0.234163, 0.2, 0.8, 0.236017
0.95, 0.235609, 0.2, 0.8, 0.240543
0.95, 0.233429, 0.2, 0.8, 0.236666
0.95, 0.228093, 0.2, 0.8, 0.231909
0.95, 0.235784, 0.2, 0.8, 0.235683
0.95, 0.231348, 0.2, 0.8, 0.234258
0.95, 0.222137, 0.2, 0.8, 0.230416
0.95, 0.237265, 0.2, 0.8, 0.239297
0.95, 0.235795, 0.2, 0.8, 0.239822
0.95, 0.229346, 0.2, 0.8, 0.234118
0.95, 0.222543, 0.2, 0.8, 0.227313
0.95, 0.228718, 0.2, 0.8, 0.23169
0.95, 0.22584, 0.2, 0.8, 0.229432
0.95, 0.236287, 0.2, 0.8, 0.239352
0.95, 0.229108, 0.2, 0.8, 0.23622
0.95, 0.256026, 0.21, 0.79, 0.252273
0.95, 0.249591, 0.21, 0.79, 0.253845
0.95, 0.253835, 0.21, 0.79, 0.256659
0.95, 0.244122, 0.21, 0.79, 0.250569
0.95, 0.244151, 0.21, 0.79, 0.250046
0.95, 0.247993, 0.21, 0.79, 0.252849
0.95, 0.247986, 0.21, 0.79, 0.250212
0.95, 0.239585, 0.21, 0.79, 0.244604
0.95, 0.238204, 0.21, 0.79, 0.244923
0.95, 0.249898, 0.21, 0.79, 0.246832
0.95, 0.229533, 0.21, 0.79, 0.237285
0.95, 0.247104, 0.21, 0.79, 0.251062
0.95, 0.240203, 0.21, 0.79, 0.2495
0.95, 0.251911, 0.21, 0.79, 0.24807
0.95, 0.239979, 0.21, 0.79, 0.243986
0.95, 0.240024, 0.21, 0.79, 0.245102
0.95, 0.255546, 0.21, 0.79, 0.257559
0.95, 0.240434, 0.21, 0.79, 0.248914
0.95, 0.237434, 0.21, 0.79, 0.244487
0.95, 0.24253, 0.21, 0.79, 0.248036
0.95, 0.239462, 0.21, 0.79, 0.245437
0.95, 0.244277, 0.21, 0.79, 0.251774
0.95, 0.233507, 0.21, 0.79, 0.242204
0.95, 0.250545, 0.21, 0.79, 0.25507
0.95, 0.243452, 0.21, 0.79, 0.251627
0.95, 0.257186, 0.22, 0.78, 0.264615
0.95, 0.254687, 0.22, 0.78, 0.26239
0.95, 0.258945, 0.22, 0.78, 0.260292
0.95, 0.257525, 0.22, 0.78, 0.25878
0.95, 0.266315, 0.22, 0.78, 0.269411
0.95, 0.267793, 0.22, 0.78, 0.270055
0.95, 0.266666, 0.22, 0.78, 0.269257
0.95, 0.251262, 0.22, 0.78, 0.25728
0.95, 0.262033, 0.22, 0.78, 0.263875
0.95, 0.258069, 0.22, 0.78, 0.264447
0.95, 0.259744, 0.22, 0.78, 0.263148
0.95, 0.256904, 0.22, 0.78, 0.259006
0.95, 0.270553, 0.22, 0.78, 0.267891
0.95, 0.261426, 0.22, 0.78, 0.269926
0.95, 0.25258, 0.22, 0.78, 0.25973
0.95, 0.249367, 0.22, 0.78, 0.258575
0.95, 0.256155, 0.22, 0.78, 0.261986
0.95, 0.25464, 0.22, 0.78, 0.265276
0.95, 0.259704, 0.22, 0.78, 0.262974
0.95, 0.253586, 0.22, 0.78, 0.257803
0.95, 0.266049, 0.22, 0.78, 0.265705
0.95, 0.261407, 0.22, 0.78, 0.265481
0.95, 0.256137, 0.22, 0.78, 0.259813
0.95, 0.250497, 0.22, 0.78, 0.261208
0.95, 0.260154, 0.22, 0.78, 0.271427
0.95, 0.25773, 0.23, 0.77, 0.269146
0.95, 0.270434, 0.23, 0.77, 0.275491
0.95, 0.267018, 0.23, 0.77, 0.275927
0.95, 0.269813, 0.23, 0.77, 0.275979
0.95, 0.266274, 0.23, 0.77, 0.264199
0.95, 0.274831, 0.23, 0.77, 0.279668
0.95, 0.275358, 0.23, 0.77, 0.27826
0.95, 0.266003, 0.23, 0.77, 0.274706
0.95, 0.274256, 0.23, 0.77, 0.275549
0.95, 0.279322, 0.23, 0.77, 0.281779
0.95, 0.26692, 0.23, 0.77, 0.272655
0.95, 0.270648, 0.23, 0.77, 0.273328
0.95, 0.271572, 0.23, 0.77, 0.275921
0.95, 0.27212, 0.23, 0.77, 0.276083
0.95, 0.266768, 0.23, 0.77, 0.277223
0.95, 0.260734, 0.23, 0.77, 0.271151
0.95, 0.263808, 0.23, 0.77, 0.275018
0.95, 0.269247, 0.23, 0.77, 0.276112
0.95, 0.272086, 0.23, 0.77, 0.277367
0.95, 0.268134, 0.23, 0.77, 0.279594
0.95, 0.27286, 0.23, 0.77, 0.277147
0.95, 0.274638, 0.23, 0.77, 0.282222
0.95, 0.27201, 0.23, 0.77, 0.278224
0.95, 0.268661, 0.23, 0.77, 0.272976
0.95, 0.262824, 0.23, 0.77, 0.275288
0.95, 0.291484, 0.24, 0.76, 0.301687
0.95, 0.281267, 0.24, 0.76, 0.287219
0.95, 0.283933, 0.24, 0.76, 0.290298
0.95, 0.286271, 0.24, 0.76, 0.291933
0.95, 0.293941, 0.24, 0.76, 0.29611
0.95, 0.286397, 0.24, 0.76, 0.292194
0.95, 0.285593, 0.24, 0.76, 0.29365
0.95, 0.299935, 0.24, 0.76, 0.305074
0.95, 0.282718, 0.24, 0.76, 0.288976
0.95, 0.289131, 0.24, 0.76, 0.294848
0.95, 0.28355, 0.24, 0.76, 0.293733
0.95, 0.293699, 0.24, 0.76, 0.293474
0.95, 0.290242, 0.24, 0.76, 0.297577
0.95, 0.285829, 0.24, 0.76, 0.292034
0.95, 0.286055, 0.24, 0.76, 0.291053
0.95, 0.288682, 0.24, 0.76, 0.294901
0.95, 0.286178, 0.24, 0.76, 0.291068
0.95, 0.282067, 0.24, 0.76, 0.281775
0.95, 0.288131, 0.24, 0.76, 0.293605
0.95, 0.296392, 0.24, 0.76, 0.294007
0.95, 0.288417, 0.24, 0.76, 0.289801
0.95, 0.289562, 0.24, 0.76, 0.296393
0.95, 0.279663, 0.24, 0.76, 0.292325
0.95, 0.284657, 0.24, 0.76, 0.295877
0.95, 0.287808, 0.24, 0.76, 0.288281
0.95, 0.304852, 0.25, 0.75, 0.314195
0.95, 0.304821, 0.25, 0.75, 0.311926
0.95, 0.295229, 0.25, 0.75, 0.305132
0.95, 0.292918, 0.25, 0.75, 0.299673
0.95, 0.302074, 0.25, 0.75, 0.308156
0.95, 0.29384, 0.25, 0.75, 0.30234
0.95, 0.305988, 0.25, 0.75, 0.308419
0.95, 0.294456, 0.25, 0.75, 0.305185
0.95, 0.307114, 0.25, 0.75, 0.311407
0.95, 0.292632, 0.25, 0.75, 0.300616
0.95, 0.297929, 0.25, 0.75, 0.304277
0.95, 0.289196, 0.25, 0.75, 0.302893
0.95, 0.307046, 0.25, 0.75, 0.314288
0.95, 0.298377, 0.25, 0.75, 0.301188
0.95, 0.299429, 0.25, 0.75, 0.30828
0.95, 0.299398, 0.25, 0.75, 0.301332
0.95, 0.30718, 0.25, 0.75, 0.312464
0.95, 0.298354, 0.25, 0.75, 0.307904
0.95, 0.304184, 0.25, 0.75, 0.309998
0.95, 0.302467, 0.25, 0.75, 0.305754
0.95, 0.291427, 0.25, 0.75, 0.302251
0.95, 0.29989, 0.25, 0.75, 0.309858
0.95, 0.290253, 0.25, 0.75, 0.296045
0.95, 0.299813, 0.25, 0.75, 0.309128
0.95, 0.300271, 0.25, 0.75, 0.30339
0.95, 0.322428, 0.26, 0.74, 0.326083
0.95, 0.319393, 0.26, 0.74, 0.325948
0.95, 0.309136, 0.26, 0.74, 0.315846
0.95, 0.312979, 0.26, 0.74, 0.320974
0.95, 0.312653, 0.26, 0.74, 0.320488
0.95, 0.313773, 0.26, 0.74, 0.323226
0.95, 0.316733, 0.26, 0.74, 0.323033
0.95, 0.322681, 0.26, 0.74, 0.324295
0.95, 0.320413, 0.26, 0.74, 0.326166
0.95, 0.319427, 0.26, 0.74, 0.323554
0.95, 0.318111, 0.26, 0.74, 0.325656
0.95, 0.315181, 0.26, 0.74, 0.320182
0.95, 0.314592, 0.26, 0.74, 0.326099
0.95, 0.323544, 0.26, 0.74, 0.329785
0.95, 0.309971, 0.26, 0.74, 0.316446
0.95, 0.314692, 0.26, 0.74, 0.316969
0.95, 0.312643, 0.26, 0.74, 0.322897
0.95, 0.31558, 0.26, 0.74, 0.328778
0.95, 0.318608, 0.26, 0.74, 0.329937
0.95, 0.312038, 0.26, 0.74, 0.320804
0.95, 0.330583, 0.26, 0.74, 0.332697
0.95, 0.314235, 0.26, 0.74, 0.323912
0.95, 0.309628, 0.26, 0.74, 0.318525
0.95, 0.311247, 0.26, 0.74, 0.318872
0.95, 0.299887, 0.26, 0.74, 0.308037
0.95, 0.334192, 0.27, 0.73, 0.340751
0.95, 0.331467, 0.27, 0.73, 0.341948
0.95, 0.337424, 0.27, 0.73, 0.343133
0.95, 0.324764, 0.27, 0.73, 0.334079
0.95, 0.327931, 0.27, 0.73, 0.337305
0.95, 0.333182, 0.27, 0.73, 0.339029
0.95, 0.334603, 0.27, 0.73, 0.344852
0.95, 0.333343, 0.27, 0.73, 0.344637
0.95, 0.343776, 0.27, 0.73, 0.345727
0.95, 0.33024, 0.27, 0.73, 0.341181
0.95, 0.328095, 0.27, 0.73, 0.336477
0.95, 0.33787, 0.27, 0.73, 0.345338
0.95, 0.33811, 0.27, 0.73, 0.342865
0.95, 0.317817, 0.27, 0.73, 0.332841
0.95, 0.330774, 0.27, 0.73, 0.337954
0.95, 0.336727, 0.27, 0.73, 0.337958
0.95, 0.331437, 0.27, 0.73, 0.344028
0.95, 0.330327, 0.27, 0.73, 0.330233
0.95, 0.325302, 0.27, 0.73, 0.332868
0.95, 0.320066, 0.27, 0.73, 0.329256
0.95, 0.328409, 0.27, 0.73, 0.332908
0.95, 0.326351, 0.27, 0.73, 0.337576
0.95, 0.337764, 0.27, 0.73, 0.346247
0.95, 0.332724, 0.27, 0.73, 0.339158
0.95, 0.332618, 0.27, 0.73, 0.341118
0.95, 0.354699, 0.28, 0.72, 0.360785
0.95, 0.348685, 0.28, 0.72, 0.35535
0.95, 0.344424, 0.28, 0.72, 0.354541
0.95, 0.354326, 0.28, 0.72, 0.360736
0.95, 0.344915, 0.28, 0.72, 0.356748
0.95, 0.350896, 0.28, 0.72, 0.357882
0.95, 0.349821, 0.28, 0.72, 0.359701
0.95, 0.344337, 0.28, 0.72, 0.349833
0.95, 0.344125, 0.28, 0.72, 0.356418
0.95, 0.328012, 0.28, 0.72, 0.341541
0.95, 0.341802, 0.28, 0.72, 0.350937
0.95, 0.345704, 0.28, 0.72, 0.360704
0.95, 0.345758, 0.28, 0.72, 0.355823
0.95, 0.344517, 0.28, 0.72, 0.350646
0.95, 0.333614, 0.28, 0.72, 0.347086
0.95, 0.335879, 0.28, 0.72, 0.350802
0.95, 0.340453, 0.28, 0.72, 0.348745
0.95, 0.345706, 0.28, 0.72, 0.352154
0.95, 0.344384, 0.28, 0.72, 0.358753
0.95, 0.341459, 0.28, 0.72, 0.350659
0.95, 0.348409, 0.28, 0.72, 0.356503
0.95, 0.343036, 0.28, 0.72, 0.354319
0.95, 0.34291, 0.28, 0.72, 0.348652
0.95, 0.338029, 0.28, 0.72, 0.347601
0.95, 0.352583, 0.28, 0.72, 0.353215
0.95, 0.353667, 0.29, 0.71, 0.369531
0.95, 0.372452, 0.29, 0.71, 0.376161
0.95, 0.376267, 0.29, 0.71, 0.383196
0.95, 0.350277, 0.29, 0.71, 0.35888
0.95, 0.363968, 0.29, 0.71, 0.377243
0.95, 0.362747, 0.29, 0.71, 0.36835
0.95, 0.36304, 0.29, 0.71, 0.370488
0.95, 0.367317, 0.29, 0.71, 0.374771
0.95, 0.350878, 0.29, 0.71, 0.360352
0.95, 0.35245, 0.29, 0.71, 0.35957
0.95, 0.360471, 0.29, 0.71, 0.375867
0.95, 0.348112, 0.29, 0.71, 0.359517
0.95, 0.359536, 0.29, 0.71, 0.370076
0.95, 0.363001, 0.29, 0.71, 0.367216
0.95, 0.362897, 0.29, 0.71, 0.36787
0.95, 0.361463, 0.29, 0.71, 0.372059
0.95, 0.369673, 0.29, 0.71, 0.376076
0.95, 0.369482, 0.29, 0.71, 0.376482
0.95, 0.360168, 0.29, 0.71, 0.36751
0.95, 0.363144, 0.29, 0.71, 0.368483
0.95, 0.355267, 0.29, 0.71, 0.366915
0.95, 0.374561, 0.29, 0.71, 0.378218
0.95, 0.352543, 0.29, 0.71, 0.357767
0.95, 0.364257, 0.29, 0.71, 0.367669
0.95, 0.347387, 0.29, 0.71, 0.359914
0.95, 0.378853, 0.3, 0.7, 0.388105
0.95, 0.377513, 0.3, 0.7, 0.388007
0.95, 0.372743, 0.3, 0.7, 0.38759
0.95, 0.375639, 0.3, 0.7, 0.390849
0.95, 0.394675, 0.3, 0.7, 0.396398
0.95, 0.373395, 0.3, 0.7, 0.38338
0.95, 0.38525, 0.3, 0.7, 0.399339
0.95, 0.385177, 0.3, 0.7, 0.393009
0.95, 0.378091, 0.3, 0.7, 0.385404
0.95, 0.369163, 0.3, 0.7, 0.385094
0.95, 0.369053, 0.3, 0.7, 0.379649
0.95, 0.382898, 0.3, 0.7, 0.391796
0.95, 0.392869, 0.3, 0.7, 0.401979
0.95, 0.360925, 0.3, 0.7, 0.378734
0.95, 0.388642, 0.3, 0.7, 0.392463
0.95, 0.373779, 0.3, 0.7, 0.385385
0.95, 0.383834, 0.3, 0.7, 0.38813
0.95, 0.3713, 0.3, 0.7, 0.383424
0.95, 0.376375, 0.3, 0.7, 0.390585
0.95, 0.382566, 0.3, 0.7, 0.390242
0.95, 0.372825, 0.3, 0.7, 0.381903
0.95, 0.379381, 0.3, 0.7, 0.385321
0.95, 0.380082, 0.3, 0.7, 0.387108
0.95, 0.374818, 0.3, 0.7, 0.379319
0.95, 0.384959, 0.3, 0.7, 0.387622
1, 0.170441, 0.15, 0.85, 0.176687
1, 0.173158, 0.15, 0.85, 0.175017
1, 0.177028, 0.15, 0.85, 0.177201
1, 0.171928, 0.15, 0.85, 0.176464
1, 0.170427, 0.15, 0.85, 0.175134
1, 0.171535, 0.15, 0.85, 0.174604
1, 0.177471, 0.15, 0.85, 0.173773
1, 0.170134, 0.15, 0.85, 0.173195
1, 0.172711, 0.15, 0.85, 0.170585
1, 0.172796, 0.15, 0.85, 0.173309
1, 0.173275, 0.15, 0.85, 0.171684
1, 0.174241, 0.15, 0.85, 0.170857
1, 0.173416, 0.15, 0.85, 0.170815
1, 0.168944, 0.15, 0.85, 0.174518
1, 0.169671, 0.15, 0.85, 0.171321
1, 0.16394, 0.15, 0.85, 0.172204
1, 0.171806, 0.15, 0.85, 0.171655
1, 0.174904, 0.15, 0.85, 0.178813
1, 0.174404, 0.15, 0.85, 0.173301
1, 0.166248, 0.15, 0.85, 0.168276
1, 0.168466, 0.15, 0.85, 0.173953
1, 0.180204, 0.15, 0.85, 0.178859
1, 0.16945, 0.15, 0.85, 0.172418
1, 0.173169, 0.15, 0.85, 0.173857
1, 0.169257, 0.15, 0.85, 0.174961
1, 0.179092, 0.16, 0.84, 0.183232
1, 0.183225, 0.16, 0.84, 0.184512
1, 0.189256, 0.16, 0.84, 0.192229
1, 0.183674, 0.16, 0.84, 0.187525
1, 0.177877, 0.16, 0.84, 0.183285
1, 0.186849, 0.16, 0.84, 0.187308
1, 0.181021, 0.16, 0.84, 0.186925
1, 0.185622, 0.16, 0.84, 0.189068
1, 0.182059, 0.16, 0.84, 0.185514
1, 0.185566, 0.16, 0.84, 0.185952
1, 0.17746, 0.16, 0.84, 0.182679
1, 0.187125, 0.16, 0.84, 0.192648
1, 0.18342, 0.16, 0.84, 0.188818
1, 0.182749, 0.16, 0.84, 0.184543
1, 0.185443, 0.16, 0.84, 0.185487
1, 0.186092, 0.16, 0.84, 0.183891
1, 0.18542, 0.16, 0.84, 0.185735
1, 0.178669, 0.16, 0.84, 0.185298
1, 0.185539, 0.16, 0.84, 0.185085
1, 0.191943, 0.16, 0.84, 0.191168
1, 0.183257, 0.16, 0.84, 0.188414
1, 0.173705, 0.16, 0.84, 0.185359
1, 0.18178, 0.16, 0.84, 0.186544
1, 0.180569, 0.16, 0.84, 0.184455
1, 0.175455, 0.16, 0.84, 0.182219
1, 0.195643, 0.17, 0.83, 0.197789
1, 0.197297, 0.17, 0.83, 0.198929
1, 0.195738, 0.17, 0.83, 0.198005
1, 0.198412, 0.17, 0.83, 0.194418
1, 0.196354, 0.17, 0.83, 0.200708
1, 0.199933, 0.17, 0.83, 0.201068
1, 0.191226, 0.17, 0.83, 0.201085
1, 0.197281, 0.17, 0.83, 0.20109
1, 0.187974, 0.17, 0.83, 0.190198
1, 0.194385, 0.17, 0.83, 0.193539
1, 0.192765, 0.17, 0.83, 0.197961
1, 0.197438, 0.17, 0.83, 0.201238
1, 0.194793, 0.17, 0.83, 0.200012
1, 0.200811, 0.17, 0.83, 0.209111
1, 0.199881, 0.17, 0.83, 0.19555
1, 0.195545, 0.17, 0.83, 0.199139
1, 0.19582, 0.17, 0.83, 0.196674
1, 0.193932, 0.17, 0.83, 0.198529
1, 0.194662, 0.17, 0.83, 0.2
1, 0.191792, 0.17, 0.83, 0.195962
1, 0.19457, 0.17, 0.83, 0.199685
1, 0.195202, 0.17, 0.83, 0.198262
1, 0.197316, 0.17, 0.83, 0.199768
1, 0.195953, 0.17, 0.83, 0.200447
1, 0.202383, 0.17, 0.83, 0.205083
1, 0.209281, 0.18, 0.82, 0.214707
1, 0.208166, 0.18, 0.82, 0.214778
1, 0.217068, 0.18, 0.82, 0.21909
1, 0.204224, 0.18, 0.82, 0.211963
1, 0.213187, 0.18, 0.82, 0.217802
1, 0.205671, 0.18, 0.82, 0.213536
1, 0.208417, 0.18, 0.82, 0.212411
1, 0.210916, 0.18, 0.82, 0.213549
1, 0.208825, 0.18, 0.82, 0.213728
1, 0.20835, 0.18, 0.82, 0.211409
1, 0.202576, 0.18, 0.82, 0.207258
1, 0.204698, 0.18, 0.82, 0.206819
1, 0.209984, 0.18, 0.82, 0.211838
1, 0.204621, 0.18, 0.82, 0.210386
1, 0.210921, 0.18, 0.82, 0.21717
1, 0.213475, 0.18, 0.82, 0.211264
1, 0.209776, 0.18, 0.82, 0.214384
1, 0.208292, 0.18, 0.82, 0.210601
1, 0.211785, 0.18, 0.82, 0.213204
1, 0.21409, 0.18, 0.82, 0.216119
1, 0.208859, 0.18, 0.82, 0.213501
1, 0.215095, 0.18, 0.82, 0.213474
1, 0.212712, 0.18, 0.82, 0.213361
1, 0.206654, 0.18, 0.82, 0.20496
1, 0.209009, 0.18, 0.82, 0.21282
1, 0.21729, 0.19, 0.81, 0.223937
1, 0.22159, 0.19, 0.81, 0.22787
1, 0.220946, 0.19, 0.81, 0.228299
1, 0.227404, 0.19, 0.81, 0.224776
1, 0.222363, 0.19, 0.81, 0.22524
1, 0.226552, 0.19, 0.81, 0.233401
1, 0.215498, 0.19, 0.81, 0.222654
1, 0.222792, 0.19, 0.81, 0.226539
1, 0.220473, 0.19, 0.81, 0.225262
1, 0.22322, 0.19, 0.81, 0.226461
1, 0.21732, 0.19, 0.81, 0.22056
1, 0.223397, 0.19, 0.81, 0.226587
1, 0.22376, 0.19, 0.81, 0.22472
1, 0.221919, 0.19, 0.81, 0.2286
1, 0.223138, 0.19, 0.81, 0.227332
1, 0.218808, 0.19, 0.81, 0.223218
1, 0.223816, 0.19, 0.81, 0.228805
1, 0.220672, 0.19, 0.81, 0.221752
1, 0.220174, 0.19, 0.81, 0.221132
1, 0.219724, 0.19, 0.81, 0.226843
1, 0.22536, 0.19, 0.81, 0.230071
1, 0.224716, 0.19, 0.81, 0.227297
1, 0.214168, 0.19, 0.81, 0.224556
1, 0.221617, 0.19, 0.81, 0.223845
1, 0.223561, 0.19, 0.81, 0.226563
1, 0.238708, 0.2, 0.8, 0.242844
1, 0.235286, 0.2, 0.8, 0.235993
1, 0.236839, 0.2, 0.8, 0.242084
1, 0.229488, 0.2, 0.8, 0.235942
1, 0.238298, 0.2, 0.8, 0.24057
1, 0.231523, 0.2, 0.8, 0.231308
1, 0.239099, 0.2, 0.8, 0.242208
1, 0.241102, 0.2, 0.8, 0.242942
1, 0.231475, 0.2, 0.8, 0.238642
1, 0.234923, 0.2, 0.8, 0.239643
1, 0.227548, 0.2, 0.8, 0.23314
1, 0.226041, 0.2, 0.8, 0.23203
1, 0.247147, 0.2, 0.8, 0.2475
1, 0.232094, 0.2, 0.8, 0.238266
1, 0.23672, 0.2, 0.8, 0.24086
1, 0.235528, 0.2, 0.8, 0.23783
1, 0.241424, 0.2, 0.8, 0.247287
1, 0.234486, 0.2, 0.8, 0.238173
1, 0.241779, 0.2, 0.8, 0.249516
1, 0.240311, 0.2, 0.8, 0.245909
1, 0.237377, 0.2, 0.8, 0.240536
1, 0.246237, 0.2, 0.8, 0.248659
1, 0.241516, 0.2, 0.8, 0.244717
1, 0.244696, 0.2, 0.8, 0.24446
1, 0.24084, 0.2, 0.8, 0.245273
1, 0.232086, 0.21, 0.79, 0.241644
1, 0.243711, 0.21, 0.79, 0.252937
1, 0.247275, 0.21, 0.79, 0.255408
1, 0.253215, 0.21, 0.79, 0.254559
1, 0.247449, 0.21, 0.79, 0.254394
1, 0.242081, 0.21, 0.79, 0.252072
1, 0.255751, 0.21, 0.79, 0.261093
1, 0.255323, 0.21, 0.79, 0.261527
1, 0.24987, 0.21, 0.79, 0.255217
1, 0.241606, 0.21, 0.79, 0.248259
1, 0.24214, 0.21, 0.79, 0.248605
1, 0.262161, 0.21, 0.79, 0.264625
1, 0.253117, 0.21, 0.79, 0.255732
1, 0.249133, 0.21, 0.79, 0.2546
1, 0.241489, 0.21, 0.79, 0.252779
1, 0.251057, 0.21, 0.79, 0.258206
1, 0.25139, 0.21, 0.79, 0.256451
1, 0.250525, 0.21, 0.79, 0.24997
1, 0.253857, 0.21, 0.79, 0.260327
1, 0.251153, 0.21, 0.79, 0.259713
1, 0.246201, 0.21, 0.79, 0.250885
1, 0.243689, 0.21, 0.79, 0.247866
1, 0.252639, 0.21, 0.79, 0.255379
1, 0.24875, 0.21, 0.79, 0.251735
1, 0.247464, 0.21, 0.79, 0.254268
1, 0.254576, 0.22, 0.78, 0.265911
1, 0.259988, 0.22, 0.78, 0.263404
1, 0.261384, 0.22, 0.78, 0.271395
1, 0.25639, 0.22, 0.78, 0.266817
1, 0.262073, 0.22, 0.78, 0.265379
1, 0.258197, 0.22, 0.78, 0.259544
1, 0.269191, 0.22, 0.78, 0.273587
1, 0.263457, 0.22, 0.78, 0.264114
1, 0.258294, 0.22, 0.78, 0.264681
1, 0.260339, 0.22, 0.78, 0.265179
1, 0.259761, 0.22, 0.78, 0.267723
1, 0.264324, 0.22, 0.78, 0.271994
1, 0.267735, 0.22, 0.78, 0.26988
1, 0.259727, 0.22, 0.78, 0.266053
1, 0.257374, 0.22, 0.78, 0.269158
1, 0.263031, 0.22, 0.78, 0.278871
1, 0.262243, 0.22, 0.78, 0.26644
1, 0.26506, 0.22, 0.78, 0.268285
1, 0.269099, 0.22, 0.78, 0.268986
1, 0.262966, 0.22, 0.78, 0.271733
1, 0.255475, 0.22, 0.78, 0.262759
1, 0.262032, 0.22, 0.78, 0.271596
1, 0.263296, 0.22, 0.78, 0.270362
1, 0.2652, 0.22, 0.78, 0.268055
1, 0.271555, 0.22, 0.78, 0.273985
1, 0.26979, 0.23, 0.77, 0.280167
1, 0.281115, 0.23, 0.77, 0.280486
1, 0.277472, 0.23, 0.77, 0.28469
1, 0.282972, 0.23, 0.77, 0.285046
1, 0.270743, 0.23, 0.77, 0.284279
1, 0.279156, 0.23, 0.77, 0.283589
1, 0.279427, 0.23, 0.77, 0.286482
1, 0.279813, 0.23, 0.77, 0.28249
1, 0.267401, 0.23, 0.77, 0.278612
1, 0.27878, 0.23, 0.77, 0.291386
1, 0.284243, 0.23, 0.77, 0.287913
1, 0.285784, 0.23, 0.77, 0.28531
1, 0.271007, 0.23, 0.77, 0.278285
1, 0.28741, 0.23, 0.77, 0.289877
1, 0.279407, 0.23, 0.77, 0.281974
1, 0.276702, 0.23, 0.77, 0.279138
1, 0.273599, 0.23, 0.77, 0.283231
1, 0.282513, 0.23, 0.77, 0.2852
1, 0.266653, 0.23, 0.77, 0.269289
1, 0.283674, 0.23, 0.77, 0.288137
1, 0.285243, 0.23, 0.77, 0.285635
1, 0.279388, 0.23, 0.77, 0.283401
1, 0.272634, 0.23, 0.77, 0.277781
1, 0.269334, 0.23, 0.77, 0.278235
1, 0.277011, 0.23, 0.77, 0.285236
1, 0.294728, 0.24, 0.76, 0.297783
1, 0.291544, 0.24, 0.76, 0.302563
1, 0.292365, 0.24, 0.76, 0.295539
1, 0.299893, 0.24, 0.76, 0.300669
1, 0.294836, 0.24, 0.76, 0.298963
1, 0.289264, 0.24, 0.76, 0.300131
1, 0.290411, 0.24, 0.76, 0.296066
1, 0.29738, 0.24, 0.76, 0.30247
1, 0.294941, 0.24, 0.76, 0.30259
1, 0.294344, 0.24, 0.76, 0.298647
1, 0.28721, 0.24, 0.76, 0.296214
1, 0.2863, 0.24, 0.76, 0.297435
1, 0.30191, 0.24, 0.76, 0.305374
1, 0.290234, 0.24, 0.76, 0.298963
1, 0.29215, 0.24, 0.76, 0.298288
1, 0.30027, 0.24, 0.76, 0.301631
1, 0.296682, 0.24, 0.76, 0.302942
1, 0.286608, 0.24, 0.76, 0.292268
1, 0.286339, 0.24, 0.76, 0.295331
1, 0.298312, 0.24, 0.76, 0.301107
1, 0.290866, 0.24, 0.76, 0.296358
1, 0.290595, 0.24, 0.76, 0.299622
1, 0.28974, 0.24, 0.76, 0.293684
1, 0.300727, 0.24, 0.76, 0.303963
1, 0.295475, 0.24, 0.76, 0.297888
1, 0.293522, 0.25, 0.75, 0.304169
1, 0.309555, 0.25, 0.75, 0.316706
1, 0.311443, 0.25, 0.75, 0.319664
1, 0.303639, 0.25, 0.75, 0.316401
1, 0.314566, 0.25, 0.75, 0.318567
1, 0.303251, 0.25, 0.75, 0.314415
1, 0.312617, 0.25, 0.75, 0.319609
1, 0.300919, 0.25, 0.75, 0.311708
1, 0.301392, 0.25, 0.75, 0.315915
1, 0.315617, 0.25, 0.75, 0.32072
1, 0.298954, 0.25, 0.75, 0.314122
1, 0.308215, 0.25, 0.75, 0.315097
1, 0.294844, 0.25, 0.75, 0.301195
1, 0.305865, 0.25, 0.75, 0.316778
1, 0.297337, 0.25, 0.75, 0.309131
1, 0.305097, 0.25, 0.75, 0.304756
1, 0.308873, 0.25, 0.75, 0.320977
1, 0.305857, 0.25, 0.75, 0.314598
1, 0.308348, 0.25, 0.75, 0.31319
1, 0.309397, 0.25, 0.75, 0.316797
1, 0.309741, 0.25, 0.75, 0.31696
1, 0.298959, 0.25, 0.75, 0.303607
1, 0.307478, 0.25, 0.75, 0.312878
1, 0.311514, 0.25, 0.75, 0.316127
1, 0.303657, 0.25, 0.75, 0.311911
1, 0.336699, 0.26, 0.74, 0.341668
1, 0.333092, 0.26, 0.74, 0.33981
1, 0.336869, 0.26, 0.74, 0.340516
1, 0.322548, 0.26, 0.74, 0.331323
1, 0.327173, 0.26, 0.74, 0.326752
1, 0.313775, 0.26, 0.74, 0.32214
1, 0.322474, 0.26, 0.74, 0.327717
1, 0.308077, 0.26, 0.74, 0.325758
1, 0.324257, 0.26, 0.74, 0.330603
1, 0.313134, 0.26, 0.74, 0.325412
1, 0.316373, 0.26, 0.74, 0.325481
1, 0.332703, 0.26, 0.74, 0.34098
1, 0.320627, 0.26, 0.74, 0.326713
1, 0.32193, 0.26, 0.74, 0.329478
1, 0.317782, 0.26, 0.74, 0.328975
1, 0.318456, 0.26, 0.74, 0.32486
1, 0.321139, 0.26, 0.74, 0.328855
1, 0.325677, 0.26, 0.74, 0.329511
1, 0.321374, 0.26, 0.74, 0.327744
1, 0.321141, 0.26, 0.74, 0.331396
1, 0.307464, 0.26, 0.74, 0.320548
1, 0.323319, 0.26, 0.74, 0.335721
1, 0.313768, 0.26, 0.74, 0.321307
1, 0.324794, 0.26, 0.74, 0.329415
1, 0.311535, 0.26, 0.74, 0.328401
1, 0.340704, 0.27, 0.73, 0.350312
1, 0.338853, 0.27, 0.73, 0.344333
1, 0.336268, 0.27, 0.73, 0.341987
1, 0.339969, 0.27, 0.73, 0.347812
1, 0.344653, 0.27, 0.73, 0.349518
1, 0.346504, 0.27, 0.73, 0.353938
1, 0.330833, 0.27, 0.73, 0.342608
1, 0.33375, 0.27, 0.73, 0.341961
1, 0.338356, 0.27, 0.73, 0.344928
1, 0.335524, 0.27, 0.73, 0.344015
1, 0.336801, 0.27, 0.73, 0.348265
1, 0.336221, 0.27, 0.73, 0.344572
1, 0.341804, 0.27, 0.73, 0.354233
1, 0.339707, 0.27, 0.73, 0.347932
1, 0.333297, 0.27, 0.73, 0.345527
1, 0.333755, 0.27, 0.73, 0.344903
1, 0.341069, 0.27, 0.73, 0.34456
1, 0.340225, 0.27, 0.73, 0.351709
1, 0.332761, 0.27, 0.73, 0.344317
1, 0.33515, 0.27, 0.73, 0.352667
1, 0.326437, 0.27, 0.73, 0.340776
1, 0.336276, 0.27, 0.73, 0.34423
1, 0.336698, 0.27, 0.73, 0.343264
1, 0.339198, 0.27, 0.73, 0.348381
1, 0.326174, 0.27, 0.73, 0.337243
1, 0.354308, 0.28, 0.72, 0.36197
1, 0.355786, 0.28, 0.72, 0.362674
1, 0.36335, 0.28, 0.72, 0.364064
1, 0.361224, 0.28, 0.72, 0.369173
1, 0.353486, 0.28, 0.72, 0.35883
1, 0.347561, 0.28, 0.72, 0.359391
1, 0.354768, 0.28, 0.72, 0.360293
1, 0.350983, 0.28, 0.72, 0.366129
1, 0.348612, 0.28, 0.72, 0.360563
1, 0.350348, 0.28, 0.72, 0.36144
1, 0.350245, 0.28, 0.72, 0.356301
1, 0.360401, 0.28, 0.72, 0.364558
1, 0.355118, 0.28, 0.72, 0.366837
1, 0.350965, 0.28, 0.72, 0.363055
1, 0.354436, 0.28, 0.72, 0.3609
1, 0.359953, 0.28, 0.72, 0.361449
1, 0.354972, 0.28, 0.72, 0.361772
1, 0.360446, 0.28, 0.72, 0.372958
1, 0.341023, 0.28, 0.72, 0.358008
1, 0.358522, 0.28, 0.72, 0.365847
1, 0.350893, 0.28, 0.72, 0.359565
1, 0.363352, 0.28, 0.72, 0.363601
1, 0.352289, 0.28, 0.72, 0.364579
1, 0.342545, 0.28, 0.72, 0.353614
1, 0.347857, 0.28, 0.72, 0.36308
1, 0.366142, 0.29, 0.71, 0.37769
1, 0.374498, 0.29, 0.71, 0.388193
1, 0.359648, 0.29, 0.71, 0.37441
1, 0.364919, 0.29, 0.71, 0.37568
1, 0.364394, 0.29, 0.71, 0.369736
1, 0.378717, 0.29, 0.71, 0.381596
1, 0.371512, 0.29, 0.71, 0.379033
1, 0.377279, 0.29, 0.71, 0.384747
1, 0.364897, 0.29, 0.71, 0.374693
1, 0.379531, 0.29, 0.71, 0.386244
1, 0.366342, 0.29, 0.71, 0.38036
1, 0.371648, 0.29, 0.71, 0.383934
1, 0.377399, 0.29, 0.71, 0.385475
1, 0.369572, 0.29, 0.71, 0.378794
1, 0.377576, 0.29, 0.71, 0.379691
1, 0.369647, 0.29, 0.71, 0.380146
1, 0.369835, 0.29, 0.71, 0.380684
1, 0.36797, 0.29, 0.71, 0.381443
1, 0.369741, 0.29, 0.71, 0.382351
1, 0.370422, 0.29, 0.71, 0.373546
1, 0.356195, 0.29, 0.71, 0.369551
1, 0.354554, 0.29, 0.71, 0.371086
1, 0.363273, 0.29, 0.71, 0.37115
1, 0.372528, 0.29, 0.71, 0.376302
1, 0.368371, 0.29, 0.71, 0.37513
1, 0.381142, 0.3, 0.7, 0.391514
1, 0.382131, 0.3, 0.7, 0.401171
1, 0.384227, 0.3, 0.7, 0.389935
1, 0.385772, 0.3, 0.7, 0.4054
1, 0.381306, 0.3, 0.7, 0.394567
1, 0.381038, 0.3, 0.7, 0.395152
1, 0.375638, 0.3, 0.7, 0.388692
1, 0.396417, 0.3, 0.7, 0.408219
1, 0.393946, 0.3, 0.7, 0.403723
1, 0.38554, 0.3, 0.7, 0.391333
1, 0.390627, 0.3, 0.7, 0.403288
1, 0.381439, 0.3, 0.7, 0.400794
1, 0.379638, 0.3, 0.7, 0.392702
1, 0.391381, 0.3, 0.7, 0.401343
1, 0.38883, 0.3, 0.7, 0.394953
1, 0.377582, 0.3, 0.7, 0.387814
1, 0.388558, 0.3, 0.7, 0.39784
1, 0.38604, 0.3, 0.7, 0.395245
1, 0.392642, 0.3, 0.7, 0.400453
1, 0.38976, 0.3, 0.7, 0.399296
1, 0.390728, 0.3, 0.7, 0.397105
1, 0.378507, 0.3, 0.7, 0.393768
1, 0.384045, 0.3, 0.7, 0.390716
1, 0.391533, 0.3, 0.7, 0.398618
1, 0.38837, 0.3, 0.7, 0.399552
