# B5 Gamma Dynamic Simulation Results
# Strategy schedule: schedules/schedule_b5_gamma_triple_rotation.txt
# Gamma schedule: schedules/gamma_schedule_volatile.txt
# Hash rate range: 0.15 - 0.3 (15% - 30%) in 0.01 increments
InitialGamma, Miner0_ProfitFraction, Miner0_HashRate, Miner1_HashRate, Miner0_BlockFraction
0.95, 0.157465, 0.15, 0.85, 0.157952
0.95, 0.160352, 0.15, 0.85, 0.159271
0.95, 0.157428, 0.15, 0.85, 0.158599
0.95, 0.16147, 0.15, 0.85, 0.162408
0.95, 0.157554, 0.15, 0.85, 0.164876
0.95, 0.160883, 0.15, 0.85, 0.159975
0.95, 0.156542, 0.15, 0.85, 0.161518
0.95, 0.163762, 0.15, 0.85, 0.164235
0.95, 0.161677, 0.15, 0.85, 0.162631
0.95, 0.163857, 0.15, 0.85, 0.160657
0.95, 0.160067, 0.15, 0.85, 0.161507
0.95, 0.161493, 0.15, 0.85, 0.162484
0.95, 0.159745, 0.15, 0.85, 0.158978
0.95, 0.157519, 0.15, 0.85, 0.160947
0.95, 0.168196, 0.15, 0.85, 0.165799
0.95, 0.158804, 0.15, 0.85, 0.160078
0.95, 0.15358, 0.15, 0.85, 0.158098
0.95, 0.152224, 0.15, 0.85, 0.155494
0.95, 0.151489, 0.15, 0.85, 0.155803
0.95, 0.165274, 0.15, 0.85, 0.161652
0.95, 0.148301, 0.15, 0.85, 0.153683
0.95, 0.15032, 0.15, 0.85, 0.155708
0.95, 0.158493, 0.15, 0.85, 0.160059
0.95, 0.156657, 0.15, 0.85, 0.156263
0.95, 0.159899, 0.15, 0.85, 0.15938
0.95, 0.171146, 0.16, 0.84, 0.173124
0.95, 0.169805, 0.16, 0.84, 0.175455
0.95, 0.169547, 0.16, 0.84, 0.169278
0.95, 0.171487, 0.16, 0.84, 0.169944
0.95, 0.166961, 0.16, 0.84, 0.168002
0.95, 0.170028, 0.16, 0.84, 0.171406
0.95, 0.163115, 0.16, 0.84, 0.170054
0.95, 0.171804, 0.16, 0.84, 0.171229
0.95, 0.173461, 0.16, 0.84, 0.173091
0.95, 0.168881, 0.16, 0.84, 0.170034
0.95, 0.168231, 0.16, 0.84, 0.171617
0.95, 0.17154, 0.16, 0.84, 0.173037
0.95, 0.171461, 0.16, 0.84, 0.171711
0.95, 0.169928, 0.16, 0.84, 0.16916
0.95, 0.166352, 0.16, 0.84, 0.164391
0.95, 0.17124, 0.16, 0.84, 0.169852
0.95, 0.175893, 0.16, 0.84, 0.170647
0.95, 0.175548, 0.16, 0.84, 0.174647
0.95, 0.176969, 0.16, 0.84, 0.181227
0.95, 0.178768, 0.16, 0.84, 0.175522
0.95, 0.165803, 0.16, 0.84, 0.166067
0.95, 0.168171, 0.16, 0.84, 0.167457
0.95, 0.166112, 0.16, 0.84, 0.17098
0.95, 0.16681, 0.16, 0.84, 0.170734
0.95, 0.172915, 0.16, 0.84, 0.174872
0.95, 0.187198, 0.17, 0.83, 0.186154
0.95, 0.183586, 0.17, 0.83, 0.18622
0.95, 0.183047, 0.17, 0.83, 0.183926
0.95, 0.183057, 0.17, 0.83, 0.18574
0.95, 0.18431, 0.17, 0.83, 0.185887
0.95, 0.177739, 0.17, 0.83, 0.180102
0.95, 0.185253, 0.17, 0.83, 0.186843
0.95, 0.189075, 0.17, 0.83, 0.190086
0.95, 0.183613, 0.17, 0.83, 0.183527
0.95, 0.190553, 0.17, 0.83, 0.184854
0.95, 0.182489, 0.17, 0.83, 0.185817
0.95, 0.184528, 0.17, 0.83, 0.183556
0.95, 0.182165, 0.17, 0.83, 0.185012
0.95, 0.183438, 0.17, 0.83, 0.184349
0.95, 0.182367, 0.17, 0.83, 0.188554
0.95, 0.171986, 0.17, 0.83, 0.178114
0.95, 0.180845, 0.17, 0.83, 0.179706
0.95, 0.187839, 0.17, 0.83, 0.186962
0.95, 0.186658, 0.17, 0.83, 0.184665
0.95, 0.178592, 0.17, 0.83, 0.181506
0.95, 0.175975, 0.17, 0.83, 0.177031
0.95, 0.186084, 0.17, 0.83, 0.183652
0.95, 0.184085, 0.17, 0.83, 0.182174
0.95, 0.185399, 0.17, 0.83, 0.183027
0.95, 0.181997, 0.17, 0.83, 0.180843
0.95, 0.192627, 0.18, 0.82, 0.194401
0.95, 0.190708, 0.18, 0.82, 0.18729
0.95, 0.192607, 0.18, 0.82, 0.193189
0.95, 0.195811, 0.18, 0.82, 0.195151
0.95, 0.1927, 0.18, 0.82, 0.192663
0.95, 0.190953, 0.18, 0.82, 0.193977
0.95, 0.199797, 0.18, 0.82, 0.199802
0.95, 0.194766, 0.18, 0.82, 0.195132
0.95, 0.186854, 0.18, 0.82, 0.192588
0.95, 0.19983, 0.18, 0.82, 0.202377
0.95, 0.196979, 0.18, 0.82, 0.198753
0.95, 0.190108, 0.18, 0.82, 0.195598
0.95, 0.193072, 0.18, 0.82, 0.194496
0.95, 0.199046, 0.18, 0.82, 0.198675
0.95, 0.199015, 0.18, 0.82, 0.197198
0.95, 0.193403, 0.18, 0.82, 0.196688
0.95, 0.200281, 0.18, 0.82, 0.200488
0.95, 0.192808, 0.18, 0.82, 0.199369
0.95, 0.194854, 0.18, 0.82, 0.198944
0.95, 0.200797, 0.18, 0.82, 0.195501
0.95, 0.194152, 0.18, 0.82, 0.196507
0.95, 0.208361, 0.18, 0.82, 0.204299
0.95, 0.18983, 0.18, 0.82, 0.195657
0.95, 0.190164, 0.18, 0.82, 0.192314
0.95, 0.194796, 0.18, 0.82, 0.196294
0.95, 0.20551, 0.19, 0.81, 0.209451
0.95, 0.206307, 0.19, 0.81, 0.210079
0.95, 0.209259, 0.19, 0.81, 0.21305
0.95, 0.207195, 0.19, 0.81, 0.206175
0.95, 0.206751, 0.19, 0.81, 0.209742
0.95, 0.207267, 0.19, 0.81, 0.208934
0.95, 0.208585, 0.19, 0.81, 0.20758
0.95, 0.211316, 0.19, 0.81, 0.211748
0.95, 0.209743, 0.19, 0.81, 0.209051
0.95, 0.211289, 0.19, 0.81, 0.217168
0.95, 0.216418, 0.19, 0.81, 0.217758
0.95, 0.203712, 0.19, 0.81, 0.203853
0.95, 0.203617, 0.19, 0.81, 0.206536
0.95, 0.199937, 0.19, 0.81, 0.204758
0.95, 0.209587, 0.19, 0.81, 0.212291
0.95, 0.211121, 0.19, 0.81, 0.211132
0.95, 0.210886, 0.19, 0.81, 0.21098
0.95, 0.210763, 0.19, 0.81, 0.209798
0.95, 0.205744, 0.19, 0.81, 0.2083
0.95, 0.208948, 0.19, 0.81, 0.212834
0.95, 0.20466, 0.19, 0.81, 0.207785
0.95, 0.206517, 0.19, 0.81, 0.206897
0.95, 0.210231, 0.19, 0.81, 0.212501
0.95, 0.209792, 0.19, 0.81, 0.210134
0.95, 0.209599, 0.19, 0.81, 0.207487
0.95, 0.214099, 0.2, 0.8, 0.214945
0.95, 0.2179, 0.2, 0.8, 0.222124
0.95, 0.212836, 0.2, 0.8, 0.219577
0.95, 0.218603, 0.2, 0.8, 0.222997
0.95, 0.219183, 0.2, 0.8, 0.218523
0.95, 0.223417, 0.2, 0.8, 0.227602
0.95, 0.214403, 0.2, 0.8, 0.220442
0.95, 0.221056, 0.2, 0.8, 0.224373
0.95, 0.220448, 0.2, 0.8, 0.220381
0.95, 0.219233, 0.2, 0.8, 0.221263
0.95, 0.230398, 0.2, 0.8, 0.231294
0.95, 0.225407, 0.2, 0.8, 0.21931
0.95, 0.21872, 0.2, 0.8, 0.223718
0.95, 0.223746, 0.2, 0.8, 0.223125
0.95, 0.221429, 0.2, 0.8, 0.221358
0.95, 0.219942, 0.2, 0.8, 0.216959
0.95, 0.216733, 0.2, 0.8, 0.220955
0.95, 0.217722, 0.2, 0.8, 0.22065
0.95, 0.214169, 0.2, 0.8, 0.212923
0.95, 0.221457, 0.2, 0.8, 0.223488
0.95, 0.21744, 0.2, 0.8, 0.220467
0.95, 0.220396, 0.2, 0.8, 0.226547
0.95, 0.212101, 0.2, 0.8, 0.217873
0.95, 0.218106, 0.2, 0.8, 0.220438
0.95, 0.225439, 0.2, 0.8, 0.225801
0.95, 0.230622, 0.21, 0.79, 0.23595
0.95, 0.232798, 0.21, 0.79, 0.236875
0.95, 0.232079, 0.21, 0.79, 0.239383
0.95, 0.237366, 0.21, 0.79, 0.235808
0.95, 0.240073, 0.21, 0.79, 0.236131
0.95, 0.224879, 0.21, 0.79, 0.225518
0.95, 0.235361, 0.21, 0.79, 0.236916
0.95, 0.233293, 0.21, 0.79, 0.236688
0.95, 0.2395, 0.21, 0.79, 0.235427
0.95, 0.234619, 0.21, 0.79, 0.2392
0.95, 0.233973, 0.21, 0.79, 0.238154
0.95, 0.231565, 0.21, 0.79, 0.235041
0.95, 0.232128, 0.21, 0.79, 0.232729
0.95, 0.228525, 0.21, 0.79, 0.235643
0.95, 0.232106, 0.21, 0.79, 0.23848
0.95, 0.232774, 0.21, 0.79, 0.237516
0.95, 0.23591, 0.21, 0.79, 0.241007
0.95, 0.23295, 0.21, 0.79, 0.235367
0.95, 0.23819, 0.21, 0.79, 0.239939
0.95, 0.229755, 0.21, 0.79, 0.23276
0.95, 0.236359, 0.21, 0.79, 0.240426
0.95, 0.231875, 0.21, 0.79, 0.233956
0.95, 0.241615, 0.21, 0.79, 0.242837
0.95, 0.235693, 0.21, 0.79, 0.236083
0.95, 0.23477, 0.21, 0.79, 0.23498
0.95, 0.252568, 0.22, 0.78, 0.249311
0.95, 0.244148, 0.22, 0.78, 0.248339
0.95, 0.247901, 0.22, 0.78, 0.251799
0.95, 0.245904, 0.22, 0.78, 0.245236
0.95, 0.244574, 0.22, 0.78, 0.246731
0.95, 0.257551, 0.22, 0.78, 0.255022
0.95, 0.249207, 0.22, 0.78, 0.252625
0.95, 0.251767, 0.22, 0.78, 0.256007
0.95, 0.244603, 0.22, 0.78, 0.250931
0.95, 0.249688, 0.22, 0.78, 0.249332
0.95, 0.246337, 0.22, 0.78, 0.249584
0.95, 0.241735, 0.22, 0.78, 0.244588
0.95, 0.245903, 0.22, 0.78, 0.249104
0.95, 0.247619, 0.22, 0.78, 0.247419
0.95, 0.248012, 0.22, 0.78, 0.251891
0.95, 0.24636, 0.22, 0.78, 0.250884
0.95, 0.245559, 0.22, 0.78, 0.245426
0.95, 0.252548, 0.22, 0.78, 0.253019
0.95, 0.252807, 0.22, 0.78, 0.256869
0.95, 0.238091, 0.22, 0.78, 0.244673
0.95, 0.253192, 0.22, 0.78, 0.256427
0.95, 0.248391, 0.22, 0.78, 0.250725
0.95, 0.245934, 0.22, 0.78, 0.252174
0.95, 0.256979, 0.22, 0.78, 0.256623
0.95, 0.240103, 0.22, 0.78, 0.244802
0.95, 0.260023, 0.23, 0.77, 0.267854
0.95, 0.258357, 0.23, 0.77, 0.260532
0.95, 0.266685, 0.23, 0.77, 0.265854
0.95, 0.250912, 0.23, 0.77, 0.256152
0.95, 0.26583, 0.23, 0.77, 0.261646
0.95, 0.262335, 0.23, 0.77, 0.263291
0.95, 0.260361, 0.23, 0.77, 0.263569
0.95, 0.274982, 0.23, 0.77, 0.276093
0.95, 0.262911, 0.23, 0.77, 0.263528
0.95, 0.262369, 0.23, 0.77, 0.26152
0.95, 0.260836, 0.23, 0.77, 0.261675
0.95, 0.255836, 0.23, 0.77, 0.264583
0.95, 0.26797, 0.23, 0.77, 0.267738
0.95, 0.258226, 0.23, 0.77, 0.263977
0.95, 0.268767, 0.23, 0.77, 0.269374
0.95, 0.267194, 0.23, 0.77, 0.268658
0.95, 0.254705, 0.23, 0.77, 0.257597
0.95, 0.262438, 0.23, 0.77, 0.263257
0.95, 0.260968, 0.23, 0.77, 0.262063
0.95, 0.260447, 0.23, 0.77, 0.268198
0.95, 0.270946, 0.23, 0.77, 0.270241
0.95, 0.262572, 0.23, 0.77, 0.265487
0.95, 0.25735, 0.23, 0.77, 0.262275
0.95, 0.261125, 0.23, 0.77, 0.262283
0.95, 0.271508, 0.23, 0.77, 0.269601
0.95, 0.272837, 0.24, 0.76, 0.273937
0.95, 0.291006, 0.24, 0.76, 0.292591
0.95, 0.279217, 0.24, 0.76, 0.275738
0.95, 0.271952, 0.24, 0.76, 0.272898
0.95, 0.275013, 0.24, 0.76, 0.286533
0.95, 0.258382, 0.24, 0.76, 0.270973
0.95, 0.277564, 0.24, 0.76, 0.278118
0.95, 0.258935, 0.24, 0.76, 0.271717
0.95, 0.28738, 0.24, 0.76, 0.287387
0.95, 0.278656, 0.24, 0.76, 0.280192
0.95, 0.275672, 0.24, 0.76, 0.274716
0.95, 0.272902, 0.24, 0.76, 0.276642
0.95, 0.286403, 0.24, 0.76, 0.279428
0.95, 0.269006, 0.24, 0.76, 0.276023
0.95, 0.278495, 0.24, 0.76, 0.280953
0.95, 0.283258, 0.24, 0.76, 0.283769
0.95, 0.273062, 0.24, 0.76, 0.276481
0.95, 0.276321, 0.24, 0.76, 0.276133
0.95, 0.273002, 0.24, 0.76, 0.276273
0.95, 0.271025, 0.24, 0.76, 0.271277
0.95, 0.278994, 0.24, 0.76, 0.282065
0.95, 0.268821, 0.24, 0.76, 0.275862
0.95, 0.284984, 0.24, 0.76, 0.289944
0.95, 0.283648, 0.24, 0.76, 0.286427
0.95, 0.272218, 0.24, 0.76, 0.275625
0.95, 0.296289, 0.25, 0.75, 0.294221
0.95, 0.298659, 0.25, 0.75, 0.298511
0.95, 0.293691, 0.25, 0.75, 0.294994
0.95, 0.289012, 0.25, 0.75, 0.288435
0.95, 0.28486, 0.25, 0.75, 0.291574
0.95, 0.282135, 0.25, 0.75, 0.287647
0.95, 0.284495, 0.25, 0.75, 0.289117
0.95, 0.294705, 0.25, 0.75, 0.293799
0.95, 0.284773, 0.25, 0.75, 0.287883
0.95, 0.292842, 0.25, 0.75, 0.295572
0.95, 0.296923, 0.25, 0.75, 0.296954
0.95, 0.297307, 0.25, 0.75, 0.293235
0.95, 0.289802, 0.25, 0.75, 0.291905
0.95, 0.274242, 0.25, 0.75, 0.279901
0.95, 0.289458, 0.25, 0.75, 0.294431
0.95, 0.285132, 0.25, 0.75, 0.293014
0.95, 0.281722, 0.25, 0.75, 0.289589
0.95, 0.298234, 0.25, 0.75, 0.297414
0.95, 0.283654, 0.25, 0.75, 0.294085
0.95, 0.287801, 0.25, 0.75, 0.288423
0.95, 0.286405, 0.25, 0.75, 0.291951
0.95, 0.286891, 0.25, 0.75, 0.288807
0.95, 0.286575, 0.25, 0.75, 0.297249
0.95, 0.299729, 0.25, 0.75, 0.299324
0.95, 0.281295, 0.25, 0.75, 0.286824
0.95, 0.304918, 0.26, 0.74, 0.307359
0.95, 0.296928, 0.26, 0.74, 0.300251
0.95, 0.2925, 0.26, 0.74, 0.297799
0.95, 0.304721, 0.26, 0.74, 0.306227
0.95, 0.308539, 0.26, 0.74, 0.314923
0.95, 0.294656, 0.26, 0.74, 0.301781
0.95, 0.304451, 0.26, 0.74, 0.308828
0.95, 0.297161, 0.26, 0.74, 0.29906
0.95, 0.295051, 0.26, 0.74, 0.30294
0.95, 0.302915, 0.26, 0.74, 0.307416
0.95, 0.30547, 0.26, 0.74, 0.307979
0.95, 0.309276, 0.26, 0.74, 0.308272
0.95, 0.306515, 0.26, 0.74, 0.310462
0.95, 0.305914, 0.26, 0.74, 0.306358
0.95, 0.306997, 0.26, 0.74, 0.307193
0.95, 0.296301, 0.26, 0.74, 0.302829
0.95, 0.30105, 0.26, 0.74, 0.311539
0.95, 0.311306, 0.26, 0.74, 0.3101
0.95, 0.305667, 0.26, 0.74, 0.30909
0.95, 0.300363, 0.26, 0.74, 0.30253
0.95, 0.301795, 0.26, 0.74, 0.305445
0.95, 0.304206, 0.26, 0.74, 0.304179
0.95, 0.298571, 0.26, 0.74, 0.304369
0.95, 0.304395, 0.26, 0.74, 0.304425
0.95, 0.301426, 0.26, 0.74, 0.305049
0.95, 0.318771, 0.27, 0.73, 0.324318
0.95, 0.314598, 0.27, 0.73, 0.32045
0.95, 0.313406, 0.27, 0.73, 0.318531
0.95, 0.323004, 0.27, 0.73, 0.322818
0.95, 0.325683, 0.27, 0.73, 0.319506
0.95, 0.315477, 0.27, 0.73, 0.315789
0.95, 0.322984, 0.27, 0.73, 0.323838
0.95, 0.319879, 0.27, 0.73, 0.318541
0.95, 0.315061, 0.27, 0.73, 0.319788
0.95, 0.309248, 0.27, 0.73, 0.312604
0.95, 0.318775, 0.27, 0.73, 0.317425
0.95, 0.323077, 0.27, 0.73, 0.326665
0.95, 0.314746, 0.27, 0.73, 0.316326
0.95, 0.320874, 0.27, 0.73, 0.323821
0.95, 0.324472, 0.27, 0.73, 0.321299
0.95, 0.311709, 0.27, 0.73, 0.320069
0.95, 0.310879, 0.27, 0.73, 0.318608
0.95, 0.307813, 0.27, 0.73, 0.318204
0.95, 0.312692, 0.27, 0.73, 0.318731
0.95, 0.318446, 0.27, 0.73, 0.318416
0.95, 0.319387, 0.27, 0.73, 0.31889
0.95, 0.325507, 0.27, 0.73, 0.326446
0.95, 0.320485, 0.27, 0.73, 0.326648
0.95, 0.316729, 0.27, 0.73, 0.319672
0.95, 0.317719, 0.27, 0.73, 0.324129
0.95, 0.329755, 0.28, 0.72, 0.333061
0.95, 0.329114, 0.28, 0.72, 0.33188
0.95, 0.325, 0.28, 0.72, 0.334557
0.95, 0.341674, 0.28, 0.72, 0.346035
0.95, 0.337704, 0.28, 0.72, 0.336339
0.95, 0.333581, 0.28, 0.72, 0.334317
0.95, 0.330639, 0.28, 0.72, 0.332457
0.95, 0.322596, 0.28, 0.72, 0.330169
0.95, 0.343142, 0.28, 0.72, 0.345754
0.95, 0.336043, 0.28, 0.72, 0.339003
0.95, 0.325091, 0.28, 0.72, 0.325567
0.95, 0.336048, 0.28, 0.72, 0.336957
0.95, 0.336254, 0.28, 0.72, 0.339969
0.95, 0.344387, 0.28, 0.72, 0.34244
0.95, 0.329383, 0.28, 0.72, 0.333458
0.95, 0.338436, 0.28, 0.72, 0.338917
0.95, 0.33839, 0.28, 0.72, 0.343
0.95, 0.320501, 0.28, 0.72, 0.329559
0.95, 0.338219, 0.28, 0.72, 0.33928
0.95, 0.332175, 0.28, 0.72, 0.337433
0.95, 0.331273, 0.28, 0.72, 0.333333
0.95, 0.328734, 0.28, 0.72, 0.342418
0.95, 0.33162, 0.28, 0.72, 0.334993
0.95, 0.32324, 0.28, 0.72, 0.329234
0.95, 0.334641, 0.28, 0.72, 0.33416
0.95, 0.342356, 0.29, 0.71, 0.342138
0.95, 0.336671, 0.29, 0.71, 0.34688
0.95, 0.348926, 0.29, 0.71, 0.352516
0.95, 0.357656, 0.29, 0.71, 0.363357
0.95, 0.340357, 0.29, 0.71, 0.343906
0.95, 0.341812, 0.29, 0.71, 0.345416
0.95, 0.342024, 0.29, 0.71, 0.344972
0.95, 0.345133, 0.29, 0.71, 0.349754
0.95, 0.33574, 0.29, 0.71, 0.337491
0.95, 0.347421, 0.29, 0.71, 0.355914
0.95, 0.349277, 0.29, 0.71, 0.348093
0.95, 0.355373, 0.29, 0.71, 0.35577
0.95, 0.356854, 0.29, 0.71, 0.360192
0.95, 0.336082, 0.29, 0.71, 0.341653
0.95, 0.331115, 0.29, 0.71, 0.339654
0.95, 0.345687, 0.29, 0.71, 0.354228
0.95, 0.349468, 0.29, 0.71, 0.354362
0.95, 0.352757, 0.29, 0.71, 0.351879
0.95, 0.339748, 0.29, 0.71, 0.351227
0.95, 0.345244, 0.29, 0.71, 0.351431
0.95, 0.338982, 0.29, 0.71, 0.343896
0.95, 0.342535, 0.29, 0.71, 0.353873
0.95, 0.343828, 0.29, 0.71, 0.346284
0.95, 0.355015, 0.29, 0.71, 0.359429
0.95, 0.351819, 0.29, 0.71, 0.356615
0.95, 0.36042, 0.3, 0.7, 0.360203
0.95, 0.368426, 0.3, 0.7, 0.36933
0.95, 0.360627, 0.3, 0.7, 0.366772
0.95, 0.368494, 0.3, 0.7, 0.3745
0.95, 0.364958, 0.3, 0.7, 0.364152
0.95, 0.371826, 0.3, 0.7, 0.370728
0.95, 0.375004, 0.3, 0.7, 0.375672
0.95, 0.363775, 0.3, 0.7, 0.366988
0.95, 0.36361, 0.3, 0.7, 0.366356
0.95, 0.374413, 0.3, 0.7, 0.369056
0.95, 0.36385, 0.3, 0.7, 0.366555
0.95, 0.352398, 0.3, 0.7, 0.358796
0.95, 0.367804, 0.3, 0.7, 0.37128
0.95, 0.359016, 0.3, 0.7, 0.366537
0.95, 0.370887, 0.3, 0.7, 0.371298
0.95, 0.362681, 0.3, 0.7, 0.36737
0.95, 0.370505, 0.3, 0.7, 0.372346
0.95, 0.355273, 0.3, 0.7, 0.366236
0.95, 0.36797, 0.3, 0.7, 0.365669
0.95, 0.36977, 0.3, 0.7, 0.372196
0.95, 0.363257, 0.3, 0.7, 0.371068
0.95, 0.366967, 0.3, 0.7, 0.368771
0.95, 0.358361, 0.3, 0.7, 0.363862
0.95, 0.360911, 0.3, 0.7, 0.361243
0.95, 0.368972, 0.3, 0.7, 0.371347
