# B5 Gamma Dynamic Simulation Results
# Strategy schedule: schedules/schedule_b5_pure_selfish.txt
# Gamma schedule: schedules/gamma_schedule_volatile.txt
# Hash rate range: 0.15 - 0.3 (15% - 30%) in 0.01 increments
InitialGamma, Miner0_ProfitFraction, Miner0_HashRate, Miner1_HashRate, Miner0_BlockFraction
0.95, 0.161512, 0.15, 0.85, 0.160536
0.95, 0.161772, 0.15, 0.85, 0.161329
0.95, 0.152407, 0.15, 0.85, 0.155355
0.95, 0.150368, 0.15, 0.85, 0.152954
0.95, 0.162049, 0.15, 0.85, 0.164265
0.95, 0.15814, 0.15, 0.85, 0.156005
0.95, 0.157523, 0.15, 0.85, 0.160021
0.95, 0.162891, 0.15, 0.85, 0.15957
0.95, 0.155639, 0.15, 0.85, 0.15794
0.95, 0.156134, 0.15, 0.85, 0.15722
0.95, 0.159594, 0.15, 0.85, 0.159838
0.95, 0.156834, 0.15, 0.85, 0.156304
0.95, 0.166347, 0.15, 0.85, 0.163803
0.95, 0.166394, 0.15, 0.85, 0.166542
0.95, 0.1594, 0.15, 0.85, 0.160845
0.95, 0.153987, 0.15, 0.85, 0.158627
0.95, 0.163765, 0.15, 0.85, 0.162329
0.95, 0.162874, 0.15, 0.85, 0.161189
0.95, 0.158335, 0.15, 0.85, 0.161067
0.95, 0.159371, 0.15, 0.85, 0.156722
0.95, 0.15075, 0.15, 0.85, 0.155984
0.95, 0.159171, 0.15, 0.85, 0.157713
0.95, 0.156087, 0.15, 0.85, 0.155923
0.95, 0.158111, 0.15, 0.85, 0.158406
0.95, 0.157992, 0.15, 0.85, 0.159046
0.95, 0.169861, 0.16, 0.84, 0.168664
0.95, 0.168227, 0.16, 0.84, 0.170914
0.95, 0.174732, 0.16, 0.84, 0.174361
0.95, 0.170072, 0.16, 0.84, 0.172847
0.95, 0.169009, 0.16, 0.84, 0.16969
0.95, 0.173636, 0.16, 0.84, 0.173534
0.95, 0.160519, 0.16, 0.84, 0.165913
0.95, 0.166416, 0.16, 0.84, 0.167512
0.95, 0.174644, 0.16, 0.84, 0.173861
0.95, 0.173885, 0.16, 0.84, 0.175634
0.95, 0.16734, 0.16, 0.84, 0.16859
0.95, 0.17457, 0.16, 0.84, 0.174162
0.95, 0.167224, 0.16, 0.84, 0.170702
0.95, 0.173513, 0.16, 0.84, 0.173036
0.95, 0.170979, 0.16, 0.84, 0.170809
0.95, 0.175103, 0.16, 0.84, 0.173687
0.95, 0.178226, 0.16, 0.84, 0.178153
0.95, 0.171083, 0.16, 0.84, 0.171952
0.95, 0.165842, 0.16, 0.84, 0.167268
0.95, 0.168802, 0.16, 0.84, 0.171962
0.95, 0.16722, 0.16, 0.84, 0.173453
0.95, 0.171684, 0.16, 0.84, 0.170186
0.95, 0.171841, 0.16, 0.84, 0.171195
0.95, 0.170404, 0.16, 0.84, 0.166208
0.95, 0.175603, 0.16, 0.84, 0.175348
0.95, 0.186505, 0.17, 0.83, 0.187034
0.95, 0.177042, 0.17, 0.83, 0.18054
0.95, 0.184686, 0.17, 0.83, 0.184471
0.95, 0.189951, 0.17, 0.83, 0.189609
0.95, 0.186044, 0.17, 0.83, 0.18694
0.95, 0.187531, 0.17, 0.83, 0.191002
0.95, 0.179084, 0.17, 0.83, 0.181681
0.95, 0.187766, 0.17, 0.83, 0.190952
0.95, 0.186127, 0.17, 0.83, 0.188377
0.95, 0.178264, 0.17, 0.83, 0.181185
0.95, 0.178638, 0.17, 0.83, 0.177838
0.95, 0.181882, 0.17, 0.83, 0.184029
0.95, 0.17829, 0.17, 0.83, 0.179933
0.95, 0.183779, 0.17, 0.83, 0.182236
0.95, 0.186317, 0.17, 0.83, 0.18805
0.95, 0.18637, 0.17, 0.83, 0.185767
0.95, 0.178656, 0.17, 0.83, 0.182215
0.95, 0.187717, 0.17, 0.83, 0.185542
0.95, 0.18363, 0.17, 0.83, 0.182677
0.95, 0.179134, 0.17, 0.83, 0.181683
0.95, 0.18212, 0.17, 0.83, 0.178657
0.95, 0.185411, 0.17, 0.83, 0.187447
0.95, 0.175252, 0.17, 0.83, 0.17938
0.95, 0.178222, 0.17, 0.83, 0.181343
0.95, 0.178129, 0.17, 0.83, 0.180143
0.95, 0.196226, 0.18, 0.82, 0.195804
0.95, 0.196017, 0.18, 0.82, 0.19691
0.95, 0.198827, 0.18, 0.82, 0.199943
0.95, 0.190908, 0.18, 0.82, 0.1932
0.95, 0.205654, 0.18, 0.82, 0.200105
0.95, 0.189155, 0.18, 0.82, 0.196332
0.95, 0.188153, 0.18, 0.82, 0.195108
0.95, 0.203626, 0.18, 0.82, 0.199083
0.95, 0.19234, 0.18, 0.82, 0.195421
0.95, 0.200498, 0.18, 0.82, 0.202363
0.95, 0.200975, 0.18, 0.82, 0.202356
0.95, 0.198277, 0.18, 0.82, 0.199674
0.95, 0.196143, 0.18, 0.82, 0.198866
0.95, 0.194173, 0.18, 0.82, 0.196043
0.95, 0.19598, 0.18, 0.82, 0.200151
0.95, 0.19742, 0.18, 0.82, 0.198429
0.95, 0.191138, 0.18, 0.82, 0.193866
0.95, 0.203086, 0.18, 0.82, 0.201326
0.95, 0.195134, 0.18, 0.82, 0.198765
0.95, 0.19747, 0.18, 0.82, 0.197028
0.95, 0.195035, 0.18, 0.82, 0.192984
0.95, 0.193775, 0.18, 0.82, 0.192844
0.95, 0.192624, 0.18, 0.82, 0.192476
0.95, 0.189816, 0.18, 0.82, 0.193023
0.95, 0.201193, 0.18, 0.82, 0.202641
0.95, 0.211983, 0.19, 0.81, 0.212043
0.95, 0.208835, 0.19, 0.81, 0.211639
0.95, 0.202212, 0.19, 0.81, 0.204445
0.95, 0.203512, 0.19, 0.81, 0.21071
0.95, 0.211759, 0.19, 0.81, 0.214231
0.95, 0.205049, 0.19, 0.81, 0.207437
0.95, 0.2031, 0.19, 0.81, 0.205445
0.95, 0.208754, 0.19, 0.81, 0.208108
0.95, 0.205654, 0.19, 0.81, 0.205675
0.95, 0.211018, 0.19, 0.81, 0.207438
0.95, 0.202102, 0.19, 0.81, 0.205364
0.95, 0.209864, 0.19, 0.81, 0.211887
0.95, 0.214089, 0.19, 0.81, 0.216739
0.95, 0.216838, 0.19, 0.81, 0.216642
0.95, 0.213522, 0.19, 0.81, 0.216081
0.95, 0.217636, 0.19, 0.81, 0.216594
0.95, 0.207194, 0.19, 0.81, 0.205559
0.95, 0.210928, 0.19, 0.81, 0.2153
0.95, 0.202792, 0.19, 0.81, 0.205855
0.95, 0.202481, 0.19, 0.81, 0.205059
0.95, 0.213693, 0.19, 0.81, 0.211118
0.95, 0.203503, 0.19, 0.81, 0.209415
0.95, 0.205871, 0.19, 0.81, 0.203484
0.95, 0.204139, 0.19, 0.81, 0.205482
0.95, 0.208499, 0.19, 0.81, 0.207875
0.95, 0.231718, 0.2, 0.8, 0.228553
0.95, 0.233463, 0.2, 0.8, 0.234048
0.95, 0.214769, 0.2, 0.8, 0.21791
0.95, 0.220847, 0.2, 0.8, 0.222997
0.95, 0.223964, 0.2, 0.8, 0.223814
0.95, 0.217461, 0.2, 0.8, 0.224994
0.95, 0.215851, 0.2, 0.8, 0.222419
0.95, 0.20926, 0.2, 0.8, 0.213092
0.95, 0.224802, 0.2, 0.8, 0.228223
0.95, 0.221766, 0.2, 0.8, 0.227201
0.95, 0.218705, 0.2, 0.8, 0.217661
0.95, 0.21974, 0.2, 0.8, 0.222222
0.95, 0.225723, 0.2, 0.8, 0.223877
0.95, 0.218117, 0.2, 0.8, 0.219103
0.95, 0.223815, 0.2, 0.8, 0.22308
0.95, 0.221018, 0.2, 0.8, 0.228972
0.95, 0.230016, 0.2, 0.8, 0.227542
0.95, 0.2153, 0.2, 0.8, 0.217419
0.95, 0.21847, 0.2, 0.8, 0.21498
0.95, 0.223023, 0.2, 0.8, 0.222137
0.95, 0.215525, 0.2, 0.8, 0.220508
0.95, 0.21712, 0.2, 0.8, 0.221128
0.95, 0.220639, 0.2, 0.8, 0.22064
0.95, 0.22134, 0.2, 0.8, 0.222453
0.95, 0.226958, 0.2, 0.8, 0.226556
0.95, 0.234843, 0.21, 0.79, 0.245185
0.95, 0.22615, 0.21, 0.79, 0.234045
0.95, 0.229819, 0.21, 0.79, 0.23595
0.95, 0.237091, 0.21, 0.79, 0.239058
0.95, 0.222343, 0.21, 0.79, 0.228951
0.95, 0.239646, 0.21, 0.79, 0.239478
0.95, 0.228282, 0.21, 0.79, 0.231401
0.95, 0.236731, 0.21, 0.79, 0.236508
0.95, 0.242016, 0.21, 0.79, 0.23511
0.95, 0.233043, 0.21, 0.79, 0.240394
0.95, 0.231873, 0.21, 0.79, 0.230334
0.95, 0.231227, 0.21, 0.79, 0.230583
0.95, 0.237739, 0.21, 0.79, 0.239378
0.95, 0.232776, 0.21, 0.79, 0.236922
0.95, 0.236666, 0.21, 0.79, 0.2382
0.95, 0.230837, 0.21, 0.79, 0.232945
0.95, 0.224617, 0.21, 0.79, 0.227787
0.95, 0.232059, 0.21, 0.79, 0.235207
0.95, 0.232844, 0.21, 0.79, 0.233693
0.95, 0.226179, 0.21, 0.79, 0.234273
0.95, 0.234934, 0.21, 0.79, 0.236632
0.95, 0.22662, 0.21, 0.79, 0.233203
0.95, 0.226417, 0.21, 0.79, 0.22898
0.95, 0.230156, 0.21, 0.79, 0.231594
0.95, 0.231698, 0.21, 0.79, 0.237653
0.95, 0.258646, 0.22, 0.78, 0.254243
0.95, 0.244894, 0.22, 0.78, 0.244722
0.95, 0.247945, 0.22, 0.78, 0.249985
0.95, 0.245511, 0.22, 0.78, 0.252414
0.95, 0.243656, 0.22, 0.78, 0.244401
0.95, 0.246573, 0.22, 0.78, 0.248277
0.95, 0.250789, 0.22, 0.78, 0.252752
0.95, 0.255553, 0.22, 0.78, 0.252753
0.95, 0.251544, 0.22, 0.78, 0.247544
0.95, 0.237025, 0.22, 0.78, 0.240639
0.95, 0.246799, 0.22, 0.78, 0.2503
0.95, 0.244272, 0.22, 0.78, 0.2517
0.95, 0.244562, 0.22, 0.78, 0.247909
0.95, 0.246039, 0.22, 0.78, 0.251869
0.95, 0.253293, 0.22, 0.78, 0.251454
0.95, 0.241323, 0.22, 0.78, 0.246522
0.95, 0.248383, 0.22, 0.78, 0.249002
0.95, 0.248538, 0.22, 0.78, 0.247755
0.95, 0.249862, 0.22, 0.78, 0.247126
0.95, 0.244862, 0.22, 0.78, 0.248924
0.95, 0.243848, 0.22, 0.78, 0.244882
0.95, 0.244529, 0.22, 0.78, 0.247404
0.95, 0.248462, 0.22, 0.78, 0.253698
0.95, 0.246282, 0.22, 0.78, 0.246291
0.95, 0.242638, 0.22, 0.78, 0.247852
0.95, 0.264479, 0.23, 0.77, 0.266554
0.95, 0.265393, 0.23, 0.77, 0.263167
0.95, 0.262856, 0.23, 0.77, 0.264639
0.95, 0.25885, 0.23, 0.77, 0.264905
0.95, 0.257338, 0.23, 0.77, 0.260015
0.95, 0.259526, 0.23, 0.77, 0.265626
0.95, 0.257975, 0.23, 0.77, 0.261079
0.95, 0.259471, 0.23, 0.77, 0.257471
0.95, 0.256613, 0.23, 0.77, 0.262401
0.95, 0.255616, 0.23, 0.77, 0.262083
0.95, 0.258633, 0.23, 0.77, 0.260396
0.95, 0.256459, 0.23, 0.77, 0.260418
0.95, 0.256119, 0.23, 0.77, 0.259789
0.95, 0.271677, 0.23, 0.77, 0.274018
0.95, 0.256964, 0.23, 0.77, 0.260611
0.95, 0.259994, 0.23, 0.77, 0.261992
0.95, 0.260064, 0.23, 0.77, 0.259128
0.95, 0.260461, 0.23, 0.77, 0.263842
0.95, 0.26562, 0.23, 0.77, 0.266667
0.95, 0.251749, 0.23, 0.77, 0.256795
0.95, 0.265416, 0.23, 0.77, 0.269489
0.95, 0.267993, 0.23, 0.77, 0.270351
0.95, 0.260938, 0.23, 0.77, 0.266165
0.95, 0.260192, 0.23, 0.77, 0.266727
0.95, 0.258215, 0.23, 0.77, 0.261614
0.95, 0.269024, 0.24, 0.76, 0.277997
0.95, 0.268765, 0.24, 0.76, 0.272312
0.95, 0.271122, 0.24, 0.76, 0.277389
0.95, 0.276705, 0.24, 0.76, 0.278081
0.95, 0.271909, 0.24, 0.76, 0.278545
0.95, 0.272632, 0.24, 0.76, 0.276596
0.95, 0.27537, 0.24, 0.76, 0.276879
0.95, 0.27885, 0.24, 0.76, 0.279552
0.95, 0.279085, 0.24, 0.76, 0.28355
0.95, 0.267037, 0.24, 0.76, 0.275585
0.95, 0.267484, 0.24, 0.76, 0.275552
0.95, 0.269929, 0.24, 0.76, 0.276654
0.95, 0.272234, 0.24, 0.76, 0.277997
0.95, 0.265295, 0.24, 0.76, 0.270687
0.95, 0.266103, 0.24, 0.76, 0.275393
0.95, 0.26862, 0.24, 0.76, 0.272019
0.95, 0.276826, 0.24, 0.76, 0.280786
0.95, 0.273233, 0.24, 0.76, 0.273768
0.95, 0.265268, 0.24, 0.76, 0.27368
0.95, 0.268027, 0.24, 0.76, 0.276872
0.95, 0.272403, 0.24, 0.76, 0.275776
0.95, 0.272035, 0.24, 0.76, 0.278497
0.95, 0.283075, 0.24, 0.76, 0.28484
0.95, 0.264183, 0.24, 0.76, 0.270116
0.95, 0.272026, 0.24, 0.76, 0.277113
0.95, 0.279423, 0.25, 0.75, 0.290027
0.95, 0.284599, 0.25, 0.75, 0.290667
0.95, 0.292823, 0.25, 0.75, 0.295989
0.95, 0.289673, 0.25, 0.75, 0.298962
0.95, 0.29448, 0.25, 0.75, 0.294385
0.95, 0.28601, 0.25, 0.75, 0.288556
0.95, 0.296371, 0.25, 0.75, 0.295418
0.95, 0.290311, 0.25, 0.75, 0.29458
0.95, 0.292595, 0.25, 0.75, 0.297373
0.95, 0.296251, 0.25, 0.75, 0.292774
0.95, 0.287549, 0.25, 0.75, 0.292848
0.95, 0.289456, 0.25, 0.75, 0.293873
0.95, 0.29831, 0.25, 0.75, 0.299725
0.95, 0.279228, 0.25, 0.75, 0.284358
0.95, 0.286698, 0.25, 0.75, 0.287482
0.95, 0.293278, 0.25, 0.75, 0.292655
0.95, 0.296749, 0.25, 0.75, 0.297831
0.95, 0.285979, 0.25, 0.75, 0.288007
0.95, 0.297208, 0.25, 0.75, 0.293857
0.95, 0.285792, 0.25, 0.75, 0.296601
0.95, 0.278255, 0.25, 0.75, 0.287222
0.95, 0.276304, 0.25, 0.75, 0.289605
0.95, 0.288522, 0.25, 0.75, 0.291355
0.95, 0.289021, 0.25, 0.75, 0.28836
0.95, 0.285448, 0.25, 0.75, 0.288904
0.95, 0.305648, 0.26, 0.74, 0.312055
0.95, 0.304516, 0.26, 0.74, 0.313408
0.95, 0.302892, 0.26, 0.74, 0.304868
0.95, 0.300081, 0.26, 0.74, 0.308066
0.95, 0.293251, 0.26, 0.74, 0.305034
0.95, 0.303745, 0.26, 0.74, 0.306331
0.95, 0.303356, 0.26, 0.74, 0.311867
0.95, 0.301602, 0.26, 0.74, 0.311155
0.95, 0.306813, 0.26, 0.74, 0.310605
0.95, 0.298838, 0.26, 0.74, 0.301696
0.95, 0.302146, 0.26, 0.74, 0.304211
0.95, 0.296026, 0.26, 0.74, 0.304995
0.95, 0.309588, 0.26, 0.74, 0.309059
0.95, 0.303318, 0.26, 0.74, 0.305407
0.95, 0.30827, 0.26, 0.74, 0.310016
0.95, 0.310236, 0.26, 0.74, 0.311671
0.95, 0.292828, 0.26, 0.74, 0.297552
0.95, 0.295642, 0.26, 0.74, 0.304496
0.95, 0.305199, 0.26, 0.74, 0.309326
0.95, 0.302007, 0.26, 0.74, 0.308024
0.95, 0.307776, 0.26, 0.74, 0.309772
0.95, 0.306499, 0.26, 0.74, 0.305888
0.95, 0.292748, 0.26, 0.74, 0.304108
0.95, 0.301727, 0.26, 0.74, 0.306589
0.95, 0.302829, 0.26, 0.74, 0.309768
0.95, 0.316932, 0.27, 0.73, 0.320877
0.95, 0.315761, 0.27, 0.73, 0.32839
0.95, 0.322811, 0.27, 0.73, 0.326122
0.95, 0.316133, 0.27, 0.73, 0.317786
0.95, 0.313776, 0.27, 0.73, 0.323539
0.95, 0.311435, 0.27, 0.73, 0.31882
0.95, 0.318679, 0.27, 0.73, 0.324053
0.95, 0.327906, 0.27, 0.73, 0.329664
0.95, 0.316105, 0.27, 0.73, 0.323632
0.95, 0.3136, 0.27, 0.73, 0.324008
0.95, 0.314691, 0.27, 0.73, 0.317562
0.95, 0.313575, 0.27, 0.73, 0.313129
0.95, 0.323928, 0.27, 0.73, 0.325489
0.95, 0.317484, 0.27, 0.73, 0.319327
0.95, 0.306533, 0.27, 0.73, 0.316068
0.95, 0.31615, 0.27, 0.73, 0.317792
0.95, 0.317187, 0.27, 0.73, 0.322316
0.95, 0.317671, 0.27, 0.73, 0.324534
0.95, 0.32706, 0.27, 0.73, 0.323086
0.95, 0.316398, 0.27, 0.73, 0.322273
0.95, 0.314931, 0.27, 0.73, 0.318906
0.95, 0.330847, 0.27, 0.73, 0.322874
0.95, 0.313163, 0.27, 0.73, 0.320628
0.95, 0.308316, 0.27, 0.73, 0.308692
0.95, 0.322013, 0.27, 0.73, 0.325643
0.95, 0.333606, 0.28, 0.72, 0.340114
0.95, 0.331279, 0.28, 0.72, 0.33482
0.95, 0.338148, 0.28, 0.72, 0.334867
0.95, 0.326883, 0.28, 0.72, 0.335638
0.95, 0.334085, 0.28, 0.72, 0.33646
0.95, 0.33238, 0.28, 0.72, 0.334625
0.95, 0.331512, 0.28, 0.72, 0.338641
0.95, 0.325855, 0.28, 0.72, 0.331896
0.95, 0.329971, 0.28, 0.72, 0.331294
0.95, 0.331489, 0.28, 0.72, 0.334412
0.95, 0.33433, 0.28, 0.72, 0.338874
0.95, 0.323623, 0.28, 0.72, 0.328611
0.95, 0.325653, 0.28, 0.72, 0.333022
0.95, 0.320113, 0.28, 0.72, 0.33644
0.95, 0.319505, 0.28, 0.72, 0.327907
0.95, 0.327834, 0.28, 0.72, 0.332667
0.95, 0.332108, 0.28, 0.72, 0.336921
0.95, 0.322824, 0.28, 0.72, 0.326049
0.95, 0.338678, 0.28, 0.72, 0.33881
0.95, 0.325113, 0.28, 0.72, 0.33064
0.95, 0.330745, 0.28, 0.72, 0.329965
0.95, 0.335027, 0.28, 0.72, 0.334165
0.95, 0.330093, 0.28, 0.72, 0.335355
0.95, 0.338481, 0.28, 0.72, 0.338073
0.95, 0.340294, 0.28, 0.72, 0.339361
0.95, 0.355389, 0.29, 0.71, 0.356955
0.95, 0.35135, 0.29, 0.71, 0.35513
0.95, 0.356269, 0.29, 0.71, 0.357188
0.95, 0.355245, 0.29, 0.71, 0.350263
0.95, 0.342653, 0.29, 0.71, 0.347206
0.95, 0.348497, 0.29, 0.71, 0.355769
0.95, 0.35267, 0.29, 0.71, 0.352316
0.95, 0.355049, 0.29, 0.71, 0.354541
0.95, 0.335568, 0.29, 0.71, 0.347397
0.95, 0.341298, 0.29, 0.71, 0.346175
0.95, 0.354909, 0.29, 0.71, 0.351686
0.95, 0.346507, 0.29, 0.71, 0.349708
0.95, 0.355619, 0.29, 0.71, 0.35873
0.95, 0.344654, 0.29, 0.71, 0.34554
0.95, 0.344008, 0.29, 0.71, 0.344305
0.95, 0.341437, 0.29, 0.71, 0.350521
0.95, 0.348974, 0.29, 0.71, 0.355127
0.95, 0.347841, 0.29, 0.71, 0.351377
0.95, 0.341388, 0.29, 0.71, 0.348674
0.95, 0.34115, 0.29, 0.71, 0.347339
0.95, 0.350463, 0.29, 0.71, 0.354448
0.95, 0.339774, 0.29, 0.71, 0.346193
0.95, 0.34955, 0.29, 0.71, 0.354104
0.95, 0.342956, 0.29, 0.71, 0.346991
0.95, 0.349886, 0.29, 0.71, 0.354654
0.95, 0.35928, 0.3, 0.7, 0.365692
0.95, 0.359046, 0.3, 0.7, 0.362637
0.95, 0.37038, 0.3, 0.7, 0.373931
0.95, 0.359035, 0.3, 0.7, 0.362184
0.95, 0.372352, 0.3, 0.7, 0.375
0.95, 0.369361, 0.3, 0.7, 0.368441
0.95, 0.356881, 0.3, 0.7, 0.366819
0.95, 0.367814, 0.3, 0.7, 0.373583
0.95, 0.361442, 0.3, 0.7, 0.364309
0.95, 0.367624, 0.3, 0.7, 0.367399
0.95, 0.361553, 0.3, 0.7, 0.363814
0.95, 0.365799, 0.3, 0.7, 0.369417
0.95, 0.361261, 0.3, 0.7, 0.362493
0.95, 0.370316, 0.3, 0.7, 0.37831
0.95, 0.367184, 0.3, 0.7, 0.368484
0.95, 0.360708, 0.3, 0.7, 0.367409
0.95, 0.371882, 0.3, 0.7, 0.378071
0.95, 0.365241, 0.3, 0.7, 0.37116
0.95, 0.369163, 0.3, 0.7, 0.373204
0.95, 0.369412, 0.3, 0.7, 0.371976
0.95, 0.368859, 0.3, 0.7, 0.375328
0.95, 0.36653, 0.3, 0.7, 0.370791
0.95, 0.363851, 0.3, 0.7, 0.36937
0.95, 0.355584, 0.3, 0.7, 0.366377
0.95, 0.361384, 0.3, 0.7, 0.369727
