# B5 Gamma Dynamic Simulation Results
# Strategy schedule: schedules/schedule_b5_gamma_adaptive_selfish.txt
# Gamma schedule: schedules/gamma_schedule_volatile.txt
# Hash rate range: 0.15 - 0.3 (15% - 30%) in 0.01 increments
InitialGamma, Miner0_ProfitFraction, Miner0_HashRate, Miner1_HashRate, Miner0_BlockFraction
0.95, 0.165569, 0.15, 0.85, 0.161936
0.95, 0.160434, 0.15, 0.85, 0.163101
0.95, 0.159887, 0.15, 0.85, 0.162158
0.95, 0.164811, 0.15, 0.85, 0.163063
0.95, 0.157283, 0.15, 0.85, 0.160202
0.95, 0.160711, 0.15, 0.85, 0.163328
0.95, 0.153195, 0.15, 0.85, 0.155739
0.95, 0.165663, 0.15, 0.85, 0.164855
0.95, 0.163138, 0.15, 0.85, 0.162511
0.95, 0.159223, 0.15, 0.85, 0.162061
0.95, 0.152717, 0.15, 0.85, 0.155402
0.95, 0.153126, 0.15, 0.85, 0.155594
0.95, 0.151774, 0.15, 0.85, 0.155397
0.95, 0.162083, 0.15, 0.85, 0.161844
0.95, 0.161611, 0.15, 0.85, 0.160023
0.95, 0.152468, 0.15, 0.85, 0.154089
0.95, 0.158517, 0.15, 0.85, 0.160138
0.95, 0.166414, 0.15, 0.85, 0.16277
0.95, 0.157435, 0.15, 0.85, 0.158416
0.95, 0.164983, 0.15, 0.85, 0.164265
0.95, 0.154424, 0.15, 0.85, 0.157976
0.95, 0.161599, 0.15, 0.85, 0.161861
0.95, 0.156462, 0.15, 0.85, 0.159645
0.95, 0.155588, 0.15, 0.85, 0.157259
0.95, 0.157854, 0.15, 0.85, 0.159456
0.95, 0.179354, 0.16, 0.84, 0.175137
0.95, 0.16507, 0.16, 0.84, 0.170492
0.95, 0.175313, 0.16, 0.84, 0.172211
0.95, 0.169718, 0.16, 0.84, 0.166959
0.95, 0.171894, 0.16, 0.84, 0.173528
0.95, 0.172905, 0.16, 0.84, 0.167998
0.95, 0.165617, 0.16, 0.84, 0.170931
0.95, 0.169516, 0.16, 0.84, 0.169507
0.95, 0.177801, 0.16, 0.84, 0.178505
0.95, 0.173625, 0.16, 0.84, 0.172085
0.95, 0.170996, 0.16, 0.84, 0.171599
0.95, 0.177755, 0.16, 0.84, 0.17568
0.95, 0.171088, 0.16, 0.84, 0.173077
0.95, 0.173355, 0.16, 0.84, 0.176612
0.95, 0.173618, 0.16, 0.84, 0.173576
0.95, 0.171517, 0.16, 0.84, 0.175241
0.95, 0.170466, 0.16, 0.84, 0.170572
0.95, 0.170882, 0.16, 0.84, 0.167519
0.95, 0.176096, 0.16, 0.84, 0.177368
0.95, 0.181573, 0.16, 0.84, 0.176849
0.95, 0.169737, 0.16, 0.84, 0.168919
0.95, 0.169962, 0.16, 0.84, 0.169896
0.95, 0.170442, 0.16, 0.84, 0.1694
0.95, 0.172551, 0.16, 0.84, 0.172911
0.95, 0.170715, 0.16, 0.84, 0.171313
0.95, 0.181959, 0.17, 0.83, 0.183953
0.95, 0.175389, 0.17, 0.83, 0.181881
0.95, 0.182915, 0.17, 0.83, 0.179516
0.95, 0.178524, 0.17, 0.83, 0.18145
0.95, 0.181909, 0.17, 0.83, 0.181771
0.95, 0.182754, 0.17, 0.83, 0.187192
0.95, 0.181361, 0.17, 0.83, 0.17996
0.95, 0.178515, 0.17, 0.83, 0.179438
0.95, 0.190586, 0.17, 0.83, 0.190798
0.95, 0.188175, 0.17, 0.83, 0.190811
0.95, 0.172053, 0.17, 0.83, 0.173522
0.95, 0.175225, 0.17, 0.83, 0.17944
0.95, 0.178968, 0.17, 0.83, 0.185162
0.95, 0.183438, 0.17, 0.83, 0.185379
0.95, 0.187614, 0.17, 0.83, 0.184662
0.95, 0.171324, 0.17, 0.83, 0.180257
0.95, 0.180078, 0.17, 0.83, 0.184144
0.95, 0.18105, 0.17, 0.83, 0.184864
0.95, 0.184177, 0.17, 0.83, 0.18391
0.95, 0.188532, 0.17, 0.83, 0.189823
0.95, 0.184587, 0.17, 0.83, 0.18963
0.95, 0.183967, 0.17, 0.83, 0.184713
0.95, 0.18555, 0.17, 0.83, 0.186491
0.95, 0.176294, 0.17, 0.83, 0.179154
0.95, 0.185318, 0.17, 0.83, 0.186595
0.95, 0.194482, 0.18, 0.82, 0.198206
0.95, 0.189969, 0.18, 0.82, 0.192497
0.95, 0.190931, 0.18, 0.82, 0.197065
0.95, 0.189869, 0.18, 0.82, 0.194583
0.95, 0.19786, 0.18, 0.82, 0.19808
0.95, 0.195328, 0.18, 0.82, 0.198548
0.95, 0.198316, 0.18, 0.82, 0.197764
0.95, 0.19495, 0.18, 0.82, 0.195486
0.95, 0.196713, 0.18, 0.82, 0.1957
0.95, 0.199704, 0.18, 0.82, 0.201339
0.95, 0.188136, 0.18, 0.82, 0.192414
0.95, 0.194796, 0.18, 0.82, 0.194443
0.95, 0.192969, 0.18, 0.82, 0.196904
0.95, 0.201136, 0.18, 0.82, 0.198565
0.95, 0.198259, 0.18, 0.82, 0.198628
0.95, 0.188717, 0.18, 0.82, 0.194752
0.95, 0.189343, 0.18, 0.82, 0.191619
0.95, 0.198118, 0.18, 0.82, 0.196444
0.95, 0.196364, 0.18, 0.82, 0.200445
0.95, 0.197648, 0.18, 0.82, 0.193608
0.95, 0.186736, 0.18, 0.82, 0.194099
0.95, 0.197348, 0.18, 0.82, 0.199435
0.95, 0.198725, 0.18, 0.82, 0.199873
0.95, 0.214356, 0.18, 0.82, 0.210061
0.95, 0.199966, 0.18, 0.82, 0.198934
0.95, 0.203634, 0.19, 0.81, 0.203816
0.95, 0.197767, 0.19, 0.81, 0.201381
0.95, 0.204522, 0.19, 0.81, 0.203167
0.95, 0.219778, 0.19, 0.81, 0.214375
0.95, 0.202023, 0.19, 0.81, 0.211607
0.95, 0.215917, 0.19, 0.81, 0.215619
0.95, 0.214206, 0.19, 0.81, 0.214987
0.95, 0.208226, 0.19, 0.81, 0.210685
0.95, 0.213501, 0.19, 0.81, 0.214466
0.95, 0.21096, 0.19, 0.81, 0.212685
0.95, 0.209201, 0.19, 0.81, 0.209772
0.95, 0.203001, 0.19, 0.81, 0.205836
0.95, 0.202793, 0.19, 0.81, 0.208873
0.95, 0.211677, 0.19, 0.81, 0.215435
0.95, 0.213471, 0.19, 0.81, 0.218208
0.95, 0.207976, 0.19, 0.81, 0.208219
0.95, 0.204151, 0.19, 0.81, 0.208268
0.95, 0.207971, 0.19, 0.81, 0.208483
0.95, 0.208524, 0.19, 0.81, 0.209805
0.95, 0.210064, 0.19, 0.81, 0.2093
0.95, 0.206012, 0.19, 0.81, 0.212134
0.95, 0.203672, 0.19, 0.81, 0.204115
0.95, 0.209455, 0.19, 0.81, 0.208695
0.95, 0.213075, 0.19, 0.81, 0.216706
0.95, 0.207503, 0.19, 0.81, 0.210345
0.95, 0.22595, 0.2, 0.8, 0.223272
0.95, 0.224794, 0.2, 0.8, 0.225411
0.95, 0.221915, 0.2, 0.8, 0.223647
0.95, 0.217594, 0.2, 0.8, 0.220532
0.95, 0.22494, 0.2, 0.8, 0.22148
0.95, 0.217079, 0.2, 0.8, 0.219919
0.95, 0.218065, 0.2, 0.8, 0.221115
0.95, 0.222088, 0.2, 0.8, 0.220383
0.95, 0.223072, 0.2, 0.8, 0.228616
0.95, 0.224686, 0.2, 0.8, 0.225524
0.95, 0.22195, 0.2, 0.8, 0.224469
0.95, 0.222258, 0.2, 0.8, 0.220845
0.95, 0.220413, 0.2, 0.8, 0.225348
0.95, 0.224915, 0.2, 0.8, 0.222646
0.95, 0.213209, 0.2, 0.8, 0.219557
0.95, 0.21895, 0.2, 0.8, 0.2231
0.95, 0.21255, 0.2, 0.8, 0.218838
0.95, 0.222163, 0.2, 0.8, 0.223169
0.95, 0.219491, 0.2, 0.8, 0.224868
0.95, 0.2128, 0.2, 0.8, 0.220652
0.95, 0.220119, 0.2, 0.8, 0.221453
0.95, 0.21502, 0.2, 0.8, 0.218256
0.95, 0.223276, 0.2, 0.8, 0.22508
0.95, 0.223693, 0.2, 0.8, 0.219154
0.95, 0.217887, 0.2, 0.8, 0.224254
0.95, 0.234004, 0.21, 0.79, 0.237695
0.95, 0.234435, 0.21, 0.79, 0.23765
0.95, 0.222617, 0.21, 0.79, 0.228635
0.95, 0.231364, 0.21, 0.79, 0.233702
0.95, 0.227161, 0.21, 0.79, 0.232536
0.95, 0.228842, 0.21, 0.79, 0.233052
0.95, 0.234555, 0.21, 0.79, 0.233644
0.95, 0.240394, 0.21, 0.79, 0.234713
0.95, 0.236135, 0.21, 0.79, 0.23594
0.95, 0.233011, 0.21, 0.79, 0.233884
0.95, 0.226696, 0.21, 0.79, 0.232765
0.95, 0.237881, 0.21, 0.79, 0.236494
0.95, 0.232854, 0.21, 0.79, 0.236355
0.95, 0.232379, 0.21, 0.79, 0.232144
0.95, 0.234018, 0.21, 0.79, 0.238847
0.95, 0.229002, 0.21, 0.79, 0.231208
0.95, 0.236808, 0.21, 0.79, 0.241959
0.95, 0.239355, 0.21, 0.79, 0.241134
0.95, 0.237852, 0.21, 0.79, 0.235628
0.95, 0.232866, 0.21, 0.79, 0.240315
0.95, 0.240616, 0.21, 0.79, 0.23889
0.95, 0.242383, 0.21, 0.79, 0.2392
0.95, 0.240416, 0.21, 0.79, 0.23551
0.95, 0.236856, 0.21, 0.79, 0.24029
0.95, 0.23122, 0.21, 0.79, 0.232736
0.95, 0.247155, 0.22, 0.78, 0.248272
0.95, 0.261999, 0.22, 0.78, 0.256768
0.95, 0.240086, 0.22, 0.78, 0.248085
0.95, 0.249917, 0.22, 0.78, 0.254625
0.95, 0.25646, 0.22, 0.78, 0.256846
0.95, 0.254322, 0.22, 0.78, 0.254836
0.95, 0.254637, 0.22, 0.78, 0.254507
0.95, 0.247764, 0.22, 0.78, 0.251997
0.95, 0.23956, 0.22, 0.78, 0.249536
0.95, 0.241873, 0.22, 0.78, 0.247825
0.95, 0.249053, 0.22, 0.78, 0.247643
0.95, 0.233879, 0.22, 0.78, 0.242016
0.95, 0.248728, 0.22, 0.78, 0.247372
0.95, 0.251069, 0.22, 0.78, 0.253972
0.95, 0.24072, 0.22, 0.78, 0.24571
0.95, 0.253909, 0.22, 0.78, 0.256224
0.95, 0.23321, 0.22, 0.78, 0.241669
0.95, 0.259909, 0.22, 0.78, 0.252579
0.95, 0.250602, 0.22, 0.78, 0.251784
0.95, 0.242967, 0.22, 0.78, 0.249097
0.95, 0.252528, 0.22, 0.78, 0.25137
0.95, 0.247665, 0.22, 0.78, 0.251046
0.95, 0.259297, 0.22, 0.78, 0.25551
0.95, 0.250229, 0.22, 0.78, 0.251324
0.95, 0.250878, 0.22, 0.78, 0.255022
0.95, 0.263581, 0.23, 0.77, 0.265521
0.95, 0.263484, 0.23, 0.77, 0.262419
0.95, 0.264994, 0.23, 0.77, 0.26582
0.95, 0.265994, 0.23, 0.77, 0.272268
0.95, 0.261008, 0.23, 0.77, 0.269838
0.95, 0.264107, 0.23, 0.77, 0.264866
0.95, 0.262961, 0.23, 0.77, 0.26727
0.95, 0.266548, 0.23, 0.77, 0.268762
0.95, 0.252639, 0.23, 0.77, 0.256746
0.95, 0.261184, 0.23, 0.77, 0.261049
0.95, 0.25778, 0.23, 0.77, 0.262057
0.95, 0.262411, 0.23, 0.77, 0.263947
0.95, 0.258799, 0.23, 0.77, 0.26365
0.95, 0.254925, 0.23, 0.77, 0.259141
0.95, 0.256286, 0.23, 0.77, 0.262949
0.95, 0.261789, 0.23, 0.77, 0.267168
0.95, 0.266171, 0.23, 0.77, 0.266634
0.95, 0.258293, 0.23, 0.77, 0.261629
0.95, 0.260146, 0.23, 0.77, 0.262558
0.95, 0.258067, 0.23, 0.77, 0.261533
0.95, 0.267398, 0.23, 0.77, 0.271738
0.95, 0.268681, 0.23, 0.77, 0.269464
0.95, 0.262282, 0.23, 0.77, 0.264486
0.95, 0.267175, 0.23, 0.77, 0.269676
0.95, 0.262352, 0.23, 0.77, 0.26596
0.95, 0.275847, 0.24, 0.76, 0.276178
0.95, 0.276248, 0.24, 0.76, 0.279568
0.95, 0.27372, 0.24, 0.76, 0.277629
0.95, 0.273336, 0.24, 0.76, 0.276991
0.95, 0.279691, 0.24, 0.76, 0.282885
0.95, 0.267456, 0.24, 0.76, 0.271305
0.95, 0.271451, 0.24, 0.76, 0.276318
0.95, 0.277795, 0.24, 0.76, 0.283015
0.95, 0.277332, 0.24, 0.76, 0.280472
0.95, 0.280932, 0.24, 0.76, 0.283777
0.95, 0.276502, 0.24, 0.76, 0.277069
0.95, 0.27196, 0.24, 0.76, 0.272024
0.95, 0.270888, 0.24, 0.76, 0.278071
0.95, 0.269662, 0.24, 0.76, 0.273556
0.95, 0.266403, 0.24, 0.76, 0.273056
0.95, 0.270251, 0.24, 0.76, 0.27386
0.95, 0.286077, 0.24, 0.76, 0.288497
0.95, 0.270722, 0.24, 0.76, 0.27175
0.95, 0.274148, 0.24, 0.76, 0.27982
0.95, 0.285223, 0.24, 0.76, 0.282564
0.95, 0.274224, 0.24, 0.76, 0.283822
0.95, 0.272832, 0.24, 0.76, 0.274462
0.95, 0.279834, 0.24, 0.76, 0.282379
0.95, 0.270281, 0.24, 0.76, 0.2769
0.95, 0.272868, 0.24, 0.76, 0.278391
0.95, 0.288084, 0.25, 0.75, 0.292268
0.95, 0.284115, 0.25, 0.75, 0.285187
0.95, 0.29667, 0.25, 0.75, 0.298082
0.95, 0.290262, 0.25, 0.75, 0.295496
0.95, 0.298576, 0.25, 0.75, 0.299315
0.95, 0.286197, 0.25, 0.75, 0.291968
0.95, 0.293625, 0.25, 0.75, 0.296862
0.95, 0.292199, 0.25, 0.75, 0.297897
0.95, 0.286677, 0.25, 0.75, 0.287575
0.95, 0.287029, 0.25, 0.75, 0.287648
0.95, 0.289828, 0.25, 0.75, 0.290905
0.95, 0.280056, 0.25, 0.75, 0.285453
0.95, 0.284664, 0.25, 0.75, 0.288529
0.95, 0.294318, 0.25, 0.75, 0.294459
0.95, 0.283921, 0.25, 0.75, 0.291768
0.95, 0.285968, 0.25, 0.75, 0.287495
0.95, 0.281366, 0.25, 0.75, 0.284762
0.95, 0.291366, 0.25, 0.75, 0.294071
0.95, 0.284052, 0.25, 0.75, 0.290783
0.95, 0.29305, 0.25, 0.75, 0.292851
0.95, 0.288481, 0.25, 0.75, 0.288869
0.95, 0.293386, 0.25, 0.75, 0.296785
0.95, 0.291244, 0.25, 0.75, 0.294516
0.95, 0.289543, 0.25, 0.75, 0.292966
0.95, 0.291629, 0.25, 0.75, 0.294002
0.95, 0.306083, 0.26, 0.74, 0.312831
0.95, 0.29977, 0.26, 0.74, 0.308936
0.95, 0.304912, 0.26, 0.74, 0.305838
0.95, 0.296485, 0.26, 0.74, 0.301988
0.95, 0.301372, 0.26, 0.74, 0.301216
0.95, 0.302459, 0.26, 0.74, 0.308299
0.95, 0.309373, 0.26, 0.74, 0.310055
0.95, 0.301224, 0.26, 0.74, 0.303344
0.95, 0.31061, 0.26, 0.74, 0.311334
0.95, 0.306419, 0.26, 0.74, 0.311614
0.95, 0.300395, 0.26, 0.74, 0.304327
0.95, 0.297384, 0.26, 0.74, 0.30835
0.95, 0.290333, 0.26, 0.74, 0.297676
0.95, 0.309646, 0.26, 0.74, 0.312851
0.95, 0.303245, 0.26, 0.74, 0.309339
0.95, 0.309978, 0.26, 0.74, 0.308938
0.95, 0.295306, 0.26, 0.74, 0.304852
0.95, 0.312851, 0.26, 0.74, 0.313694
0.95, 0.302706, 0.26, 0.74, 0.301547
0.95, 0.309868, 0.26, 0.74, 0.308667
0.95, 0.306302, 0.26, 0.74, 0.310745
0.95, 0.305357, 0.26, 0.74, 0.302152
0.95, 0.302787, 0.26, 0.74, 0.307659
0.95, 0.304976, 0.26, 0.74, 0.30523
0.95, 0.304014, 0.26, 0.74, 0.304243
0.95, 0.310911, 0.27, 0.73, 0.319505
0.95, 0.323027, 0.27, 0.73, 0.320707
0.95, 0.321497, 0.27, 0.73, 0.321318
0.95, 0.322338, 0.27, 0.73, 0.325177
0.95, 0.317425, 0.27, 0.73, 0.325983
0.95, 0.319048, 0.27, 0.73, 0.317014
0.95, 0.319649, 0.27, 0.73, 0.322031
0.95, 0.322805, 0.27, 0.73, 0.321583
0.95, 0.318728, 0.27, 0.73, 0.317884
0.95, 0.323173, 0.27, 0.73, 0.330495
0.95, 0.325146, 0.27, 0.73, 0.327585
0.95, 0.310007, 0.27, 0.73, 0.316803
0.95, 0.311629, 0.27, 0.73, 0.315345
0.95, 0.318449, 0.27, 0.73, 0.323447
0.95, 0.308635, 0.27, 0.73, 0.311424
0.95, 0.310539, 0.27, 0.73, 0.321284
0.95, 0.315095, 0.27, 0.73, 0.320352
0.95, 0.320335, 0.27, 0.73, 0.325351
0.95, 0.321348, 0.27, 0.73, 0.318755
0.95, 0.313991, 0.27, 0.73, 0.318547
0.95, 0.313486, 0.27, 0.73, 0.319333
0.95, 0.307628, 0.27, 0.73, 0.317362
0.95, 0.317531, 0.27, 0.73, 0.32123
0.95, 0.316385, 0.27, 0.73, 0.323118
0.95, 0.313953, 0.27, 0.73, 0.318792
0.95, 0.341576, 0.28, 0.72, 0.336568
0.95, 0.335299, 0.28, 0.72, 0.334223
0.95, 0.346603, 0.28, 0.72, 0.342102
0.95, 0.337974, 0.28, 0.72, 0.344797
0.95, 0.325701, 0.28, 0.72, 0.334513
0.95, 0.329585, 0.28, 0.72, 0.331108
0.95, 0.32754, 0.28, 0.72, 0.331687
0.95, 0.342923, 0.28, 0.72, 0.3463
0.95, 0.330579, 0.28, 0.72, 0.336682
0.95, 0.334588, 0.28, 0.72, 0.343347
0.95, 0.346676, 0.28, 0.72, 0.342963
0.95, 0.341949, 0.28, 0.72, 0.34074
0.95, 0.326969, 0.28, 0.72, 0.330079
0.95, 0.322665, 0.28, 0.72, 0.328262
0.95, 0.326182, 0.28, 0.72, 0.333729
0.95, 0.334209, 0.28, 0.72, 0.332167
0.95, 0.333588, 0.28, 0.72, 0.333312
0.95, 0.335179, 0.28, 0.72, 0.33722
0.95, 0.32685, 0.28, 0.72, 0.334158
0.95, 0.33293, 0.28, 0.72, 0.335701
0.95, 0.333696, 0.28, 0.72, 0.335048
0.95, 0.334217, 0.28, 0.72, 0.334718
0.95, 0.338779, 0.28, 0.72, 0.339543
0.95, 0.334832, 0.28, 0.72, 0.332035
0.95, 0.329627, 0.28, 0.72, 0.330592
0.95, 0.343379, 0.29, 0.71, 0.349871
0.95, 0.353994, 0.29, 0.71, 0.353996
0.95, 0.350614, 0.29, 0.71, 0.350987
0.95, 0.35352, 0.29, 0.71, 0.357752
0.95, 0.345784, 0.29, 0.71, 0.348183
0.95, 0.366652, 0.29, 0.71, 0.36551
0.95, 0.354081, 0.29, 0.71, 0.356155
0.95, 0.344103, 0.29, 0.71, 0.352934
0.95, 0.339913, 0.29, 0.71, 0.348553
0.95, 0.349275, 0.29, 0.71, 0.35098
0.95, 0.345028, 0.29, 0.71, 0.356001
0.95, 0.352981, 0.29, 0.71, 0.35456
0.95, 0.340934, 0.29, 0.71, 0.34552
0.95, 0.349138, 0.29, 0.71, 0.35329
0.95, 0.332688, 0.29, 0.71, 0.341339
0.95, 0.343673, 0.29, 0.71, 0.34816
0.95, 0.360283, 0.29, 0.71, 0.357964
0.95, 0.351938, 0.29, 0.71, 0.355157
0.95, 0.355611, 0.29, 0.71, 0.356545
0.95, 0.344534, 0.29, 0.71, 0.350286
0.95, 0.35524, 0.29, 0.71, 0.354962
0.95, 0.341132, 0.29, 0.71, 0.344078
0.95, 0.337076, 0.29, 0.71, 0.351155
0.95, 0.345518, 0.29, 0.71, 0.352967
0.95, 0.346017, 0.29, 0.71, 0.35512
0.95, 0.378266, 0.3, 0.7, 0.376081
0.95, 0.36115, 0.3, 0.7, 0.358842
0.95, 0.373489, 0.3, 0.7, 0.368104
0.95, 0.364972, 0.3, 0.7, 0.366041
0.95, 0.347529, 0.3, 0.7, 0.359547
0.95, 0.364057, 0.3, 0.7, 0.368318
0.95, 0.364911, 0.3, 0.7, 0.370139
0.95, 0.367183, 0.3, 0.7, 0.375403
0.95, 0.365965, 0.3, 0.7, 0.369595
0.95, 0.353304, 0.3, 0.7, 0.357553
0.95, 0.372454, 0.3, 0.7, 0.371956
0.95, 0.369762, 0.3, 0.7, 0.368192
0.95, 0.3707, 0.3, 0.7, 0.369515
0.95, 0.359116, 0.3, 0.7, 0.363016
0.95, 0.347699, 0.3, 0.7, 0.350691
0.95, 0.369917, 0.3, 0.7, 0.36822
0.95, 0.368651, 0.3, 0.7, 0.374349
0.95, 0.362081, 0.3, 0.7, 0.368267
0.95, 0.361697, 0.3, 0.7, 0.365366
0.95, 0.356645, 0.3, 0.7, 0.356156
0.95, 0.351491, 0.3, 0.7, 0.365745
0.95, 0.3584, 0.3, 0.7, 0.364103
0.95, 0.363372, 0.3, 0.7, 0.363717
0.95, 0.361502, 0.3, 0.7, 0.372524
0.95, 0.367427, 0.3, 0.7, 0.368385
