# B5 Gamma Dynamic Simulation Results
# Strategy schedule: schedules/schedule_b5_honest_selfish_1000.txt
# Gamma schedule: schedules/gamma_schedule_gradual_decline.txt
# Hash rate range: 0.15 - 0.3 (15% - 30%) in 0.01 increments
InitialGamma, Miner0_ProfitFraction, Miner0_HashRate, Miner1_HashRate, Miner0_BlockFraction
0.95, 0.154085, 0.15, 0.85, 0.155075
0.95, 0.154967, 0.15, 0.85, 0.149432
0.95, 0.157085, 0.15, 0.85, 0.155855
0.95, 0.158923, 0.15, 0.85, 0.155367
0.95, 0.147109, 0.15, 0.85, 0.152589
0.95, 0.154557, 0.15, 0.85, 0.153659
0.95, 0.151248, 0.15, 0.85, 0.151832
0.95, 0.157972, 0.15, 0.85, 0.159898
0.95, 0.154233, 0.15, 0.85, 0.155884
0.95, 0.153245, 0.15, 0.85, 0.157199
0.95, 0.158132, 0.15, 0.85, 0.156692
0.95, 0.156299, 0.15, 0.85, 0.15458
0.95, 0.14796, 0.15, 0.85, 0.151949
0.95, 0.157626, 0.15, 0.85, 0.156179
0.95, 0.149019, 0.15, 0.85, 0.146889
0.95, 0.15648, 0.15, 0.85, 0.154678
0.95, 0.155295, 0.15, 0.85, 0.159221
0.95, 0.151377, 0.15, 0.85, 0.151776
0.95, 0.150032, 0.15, 0.85, 0.152154
0.95, 0.159555, 0.15, 0.85, 0.15535
0.95, 0.160643, 0.15, 0.85, 0.158899
0.95, 0.161651, 0.15, 0.85, 0.159827
0.95, 0.159637, 0.15, 0.85, 0.1544
0.95, 0.15286, 0.15, 0.85, 0.153123
0.95, 0.154475, 0.15, 0.85, 0.155212
0.95, 0.168391, 0.16, 0.84, 0.169824
0.95, 0.167856, 0.16, 0.84, 0.170144
0.95, 0.162229, 0.16, 0.84, 0.164961
0.95, 0.163331, 0.16, 0.84, 0.165923
0.95, 0.161644, 0.16, 0.84, 0.163276
0.95, 0.173016, 0.16, 0.84, 0.171153
0.95, 0.163905, 0.16, 0.84, 0.164733
0.95, 0.164299, 0.16, 0.84, 0.165675
0.95, 0.162409, 0.16, 0.84, 0.163497
0.95, 0.170107, 0.16, 0.84, 0.169321
0.95, 0.161854, 0.16, 0.84, 0.164186
0.95, 0.166953, 0.16, 0.84, 0.16271
0.95, 0.159817, 0.16, 0.84, 0.16025
0.95, 0.16736, 0.16, 0.84, 0.165627
0.95, 0.164948, 0.16, 0.84, 0.16611
0.95, 0.162601, 0.16, 0.84, 0.166022
0.95, 0.166441, 0.16, 0.84, 0.167313
0.95, 0.164093, 0.16, 0.84, 0.166676
0.95, 0.164258, 0.16, 0.84, 0.163235
0.95, 0.172198, 0.16, 0.84, 0.168334
0.95, 0.165835, 0.16, 0.84, 0.162158
0.95, 0.170726, 0.16, 0.84, 0.166174
0.95, 0.168592, 0.16, 0.84, 0.164637
0.95, 0.167973, 0.16, 0.84, 0.165045
0.95, 0.165625, 0.16, 0.84, 0.165563
0.95, 0.174723, 0.17, 0.83, 0.172457
0.95, 0.180092, 0.17, 0.83, 0.179296
0.95, 0.170873, 0.17, 0.83, 0.176916
0.95, 0.17403, 0.17, 0.83, 0.173098
0.95, 0.176879, 0.17, 0.83, 0.175749
0.95, 0.170651, 0.17, 0.83, 0.172949
0.95, 0.184665, 0.17, 0.83, 0.180255
0.95, 0.17723, 0.17, 0.83, 0.175475
0.95, 0.177799, 0.17, 0.83, 0.174263
0.95, 0.174103, 0.17, 0.83, 0.176414
0.95, 0.174907, 0.17, 0.83, 0.176149
0.95, 0.168338, 0.17, 0.83, 0.167222
0.95, 0.174434, 0.17, 0.83, 0.173097
0.95, 0.178748, 0.17, 0.83, 0.180353
0.95, 0.169523, 0.17, 0.83, 0.172082
0.95, 0.176854, 0.17, 0.83, 0.173429
0.95, 0.181186, 0.17, 0.83, 0.178623
0.95, 0.177896, 0.17, 0.83, 0.179224
0.95, 0.172214, 0.17, 0.83, 0.167929
0.95, 0.174604, 0.17, 0.83, 0.175456
0.95, 0.175148, 0.17, 0.83, 0.174735
0.95, 0.174818, 0.17, 0.83, 0.176578
0.95, 0.17469, 0.17, 0.83, 0.172279
0.95, 0.173528, 0.17, 0.83, 0.175841
0.95, 0.1753, 0.17, 0.83, 0.176987
0.95, 0.19096, 0.18, 0.82, 0.192186
0.95, 0.182206, 0.18, 0.82, 0.18431
0.95, 0.187327, 0.18, 0.82, 0.188044
0.95, 0.183822, 0.18, 0.82, 0.183922
0.95, 0.187319, 0.18, 0.82, 0.182007
0.95, 0.188313, 0.18, 0.82, 0.188989
0.95, 0.188495, 0.18, 0.82, 0.18744
0.95, 0.181429, 0.18, 0.82, 0.185835
0.95, 0.179898, 0.18, 0.82, 0.187224
0.95, 0.186317, 0.18, 0.82, 0.18561
0.95, 0.187031, 0.18, 0.82, 0.187925
0.95, 0.185689, 0.18, 0.82, 0.186107
0.95, 0.184587, 0.18, 0.82, 0.183811
0.95, 0.184374, 0.18, 0.82, 0.181594
0.95, 0.184925, 0.18, 0.82, 0.184395
0.95, 0.189588, 0.18, 0.82, 0.185578
0.95, 0.190736, 0.18, 0.82, 0.191533
0.95, 0.188756, 0.18, 0.82, 0.186466
0.95, 0.194782, 0.18, 0.82, 0.195369
0.95, 0.183227, 0.18, 0.82, 0.19098
0.95, 0.1884, 0.18, 0.82, 0.186769
0.95, 0.194994, 0.18, 0.82, 0.189166
0.95, 0.180706, 0.18, 0.82, 0.184621
0.95, 0.191572, 0.18, 0.82, 0.191959
0.95, 0.191133, 0.18, 0.82, 0.192198
0.95, 0.202234, 0.19, 0.81, 0.203859
0.95, 0.190198, 0.19, 0.81, 0.195099
0.95, 0.200162, 0.19, 0.81, 0.192865
0.95, 0.197384, 0.19, 0.81, 0.200496
0.95, 0.199701, 0.19, 0.81, 0.202118
0.95, 0.200427, 0.19, 0.81, 0.203984
0.95, 0.198234, 0.19, 0.81, 0.200436
0.95, 0.198169, 0.19, 0.81, 0.199114
0.95, 0.198453, 0.19, 0.81, 0.198454
0.95, 0.198025, 0.19, 0.81, 0.198288
0.95, 0.200449, 0.19, 0.81, 0.201081
0.95, 0.196088, 0.19, 0.81, 0.2
0.95, 0.203445, 0.19, 0.81, 0.200501
0.95, 0.20594, 0.19, 0.81, 0.202157
0.95, 0.209212, 0.19, 0.81, 0.202381
0.95, 0.196532, 0.19, 0.81, 0.196352
0.95, 0.201696, 0.19, 0.81, 0.204329
0.95, 0.195742, 0.19, 0.81, 0.197288
0.95, 0.196425, 0.19, 0.81, 0.197159
0.95, 0.213107, 0.19, 0.81, 0.204661
0.95, 0.197294, 0.19, 0.81, 0.198431
0.95, 0.195542, 0.19, 0.81, 0.199352
0.95, 0.201439, 0.19, 0.81, 0.197376
0.95, 0.201929, 0.19, 0.81, 0.197594
0.95, 0.203467, 0.19, 0.81, 0.198871
0.95, 0.214298, 0.2, 0.8, 0.214844
0.95, 0.205328, 0.2, 0.8, 0.209787
0.95, 0.215447, 0.2, 0.8, 0.214047
0.95, 0.213218, 0.2, 0.8, 0.212159
0.95, 0.2141, 0.2, 0.8, 0.212527
0.95, 0.208429, 0.2, 0.8, 0.206927
0.95, 0.214479, 0.2, 0.8, 0.214286
0.95, 0.210342, 0.2, 0.8, 0.210699
0.95, 0.20536, 0.2, 0.8, 0.209192
0.95, 0.205691, 0.2, 0.8, 0.201444
0.95, 0.210517, 0.2, 0.8, 0.211569
0.95, 0.21259, 0.2, 0.8, 0.209833
0.95, 0.204009, 0.2, 0.8, 0.206353
0.95, 0.209945, 0.2, 0.8, 0.210404
0.95, 0.211481, 0.2, 0.8, 0.212738
0.95, 0.211249, 0.2, 0.8, 0.213475
0.95, 0.214694, 0.2, 0.8, 0.213274
0.95, 0.20193, 0.2, 0.8, 0.206488
0.95, 0.214612, 0.2, 0.8, 0.213292
0.95, 0.207434, 0.2, 0.8, 0.208042
0.95, 0.209692, 0.2, 0.8, 0.212683
0.95, 0.211208, 0.2, 0.8, 0.209824
0.95, 0.209929, 0.2, 0.8, 0.216597
0.95, 0.210314, 0.2, 0.8, 0.211938
0.95, 0.198728, 0.2, 0.8, 0.20407
0.95, 0.227214, 0.21, 0.79, 0.22517
0.95, 0.215557, 0.21, 0.79, 0.217038
0.95, 0.220881, 0.21, 0.79, 0.223508
0.95, 0.221427, 0.21, 0.79, 0.221031
0.95, 0.224623, 0.21, 0.79, 0.227125
0.95, 0.220181, 0.21, 0.79, 0.219356
0.95, 0.224422, 0.21, 0.79, 0.227228
0.95, 0.224291, 0.21, 0.79, 0.220802
0.95, 0.227997, 0.21, 0.79, 0.22323
0.95, 0.225335, 0.21, 0.79, 0.2248
0.95, 0.220532, 0.21, 0.79, 0.219167
0.95, 0.217069, 0.21, 0.79, 0.221417
0.95, 0.220416, 0.21, 0.79, 0.222111
0.95, 0.223813, 0.21, 0.79, 0.226083
0.95, 0.224352, 0.21, 0.79, 0.221629
0.95, 0.225892, 0.21, 0.79, 0.226635
0.95, 0.219277, 0.21, 0.79, 0.222854
0.95, 0.223567, 0.21, 0.79, 0.224645
0.95, 0.2147, 0.21, 0.79, 0.218033
0.95, 0.22203, 0.21, 0.79, 0.22267
0.95, 0.223557, 0.21, 0.79, 0.22423
0.95, 0.221814, 0.21, 0.79, 0.224333
0.95, 0.223721, 0.21, 0.79, 0.226035
0.95, 0.22158, 0.21, 0.79, 0.223252
0.95, 0.223601, 0.21, 0.79, 0.227175
0.95, 0.235481, 0.22, 0.78, 0.235242
0.95, 0.241145, 0.22, 0.78, 0.236034
0.95, 0.241922, 0.22, 0.78, 0.242229
0.95, 0.236929, 0.22, 0.78, 0.236597
0.95, 0.24288, 0.22, 0.78, 0.237562
0.95, 0.241264, 0.22, 0.78, 0.240851
0.95, 0.237553, 0.22, 0.78, 0.235794
0.95, 0.229271, 0.22, 0.78, 0.232479
0.95, 0.24629, 0.22, 0.78, 0.241212
0.95, 0.236231, 0.22, 0.78, 0.232804
0.95, 0.233009, 0.22, 0.78, 0.231464
0.95, 0.237739, 0.22, 0.78, 0.239261
0.95, 0.237076, 0.22, 0.78, 0.237924
0.95, 0.227493, 0.22, 0.78, 0.22958
0.95, 0.238385, 0.22, 0.78, 0.235608
0.95, 0.226103, 0.22, 0.78, 0.233072
0.95, 0.229063, 0.22, 0.78, 0.23114
0.95, 0.228996, 0.22, 0.78, 0.233374
0.95, 0.233984, 0.22, 0.78, 0.235867
0.95, 0.232795, 0.22, 0.78, 0.233361
0.95, 0.235215, 0.22, 0.78, 0.232931
0.95, 0.230763, 0.22, 0.78, 0.235056
0.95, 0.23648, 0.22, 0.78, 0.23212
0.95, 0.246296, 0.22, 0.78, 0.239441
0.95, 0.230779, 0.22, 0.78, 0.230313
0.95, 0.254228, 0.23, 0.77, 0.250454
0.95, 0.244882, 0.23, 0.77, 0.24634
0.95, 0.249052, 0.23, 0.77, 0.2425
0.95, 0.251643, 0.23, 0.77, 0.252132
0.95, 0.248859, 0.23, 0.77, 0.252896
0.95, 0.251773, 0.23, 0.77, 0.250482
0.95, 0.246722, 0.23, 0.77, 0.24816
0.95, 0.248903, 0.23, 0.77, 0.249655
0.95, 0.250093, 0.23, 0.77, 0.250869
0.95, 0.253813, 0.23, 0.77, 0.251955
0.95, 0.241812, 0.23, 0.77, 0.243028
0.95, 0.247663, 0.23, 0.77, 0.24594
0.95, 0.243162, 0.23, 0.77, 0.242264
0.95, 0.249247, 0.23, 0.77, 0.24807
0.95, 0.248119, 0.23, 0.77, 0.249124
0.95, 0.243075, 0.23, 0.77, 0.245499
0.95, 0.241607, 0.23, 0.77, 0.243015
0.95, 0.25398, 0.23, 0.77, 0.253509
0.95, 0.252473, 0.23, 0.77, 0.249118
0.95, 0.236528, 0.23, 0.77, 0.238825
0.95, 0.246923, 0.23, 0.77, 0.244559
0.95, 0.241929, 0.23, 0.77, 0.242953
0.95, 0.250408, 0.23, 0.77, 0.248971
0.95, 0.246764, 0.23, 0.77, 0.245204
0.95, 0.24134, 0.23, 0.77, 0.24911
0.95, 0.254171, 0.24, 0.76, 0.256243
0.95, 0.256812, 0.24, 0.76, 0.257091
0.95, 0.256305, 0.24, 0.76, 0.259916
0.95, 0.260866, 0.24, 0.76, 0.259282
0.95, 0.264885, 0.24, 0.76, 0.263038
0.95, 0.252941, 0.24, 0.76, 0.258555
0.95, 0.257658, 0.24, 0.76, 0.257695
0.95, 0.256697, 0.24, 0.76, 0.260561
0.95, 0.256922, 0.24, 0.76, 0.253646
0.95, 0.253283, 0.24, 0.76, 0.256313
0.95, 0.254841, 0.24, 0.76, 0.255405
0.95, 0.258553, 0.24, 0.76, 0.255772
0.95, 0.256403, 0.24, 0.76, 0.253378
0.95, 0.256309, 0.24, 0.76, 0.257791
0.95, 0.270839, 0.24, 0.76, 0.26637
0.95, 0.258551, 0.24, 0.76, 0.256349
0.95, 0.2601, 0.24, 0.76, 0.260252
0.95, 0.254361, 0.24, 0.76, 0.258888
0.95, 0.252682, 0.24, 0.76, 0.25827
0.95, 0.258563, 0.24, 0.76, 0.260732
0.95, 0.248313, 0.24, 0.76, 0.253856
0.95, 0.269433, 0.24, 0.76, 0.266085
0.95, 0.258233, 0.24, 0.76, 0.256058
0.95, 0.256712, 0.24, 0.76, 0.258816
0.95, 0.264499, 0.24, 0.76, 0.260118
0.95, 0.271628, 0.25, 0.75, 0.274581
0.95, 0.269052, 0.25, 0.75, 0.27066
0.95, 0.269121, 0.25, 0.75, 0.268459
0.95, 0.268969, 0.25, 0.75, 0.266825
0.95, 0.264581, 0.25, 0.75, 0.27104
0.95, 0.274021, 0.25, 0.75, 0.270536
0.95, 0.26797, 0.25, 0.75, 0.269724
0.95, 0.263258, 0.25, 0.75, 0.26731
0.95, 0.266743, 0.25, 0.75, 0.271589
0.95, 0.273044, 0.25, 0.75, 0.272413
0.95, 0.278703, 0.25, 0.75, 0.272556
0.95, 0.275096, 0.25, 0.75, 0.271859
0.95, 0.271464, 0.25, 0.75, 0.27035
0.95, 0.276192, 0.25, 0.75, 0.271171
0.95, 0.273902, 0.25, 0.75, 0.28013
0.95, 0.271553, 0.25, 0.75, 0.27023
0.95, 0.267542, 0.25, 0.75, 0.266224
0.95, 0.271035, 0.25, 0.75, 0.269314
0.95, 0.270812, 0.25, 0.75, 0.269623
0.95, 0.269831, 0.25, 0.75, 0.275078
0.95, 0.26716, 0.25, 0.75, 0.26607
0.95, 0.278111, 0.25, 0.75, 0.27036
0.95, 0.269641, 0.25, 0.75, 0.272
0.95, 0.273254, 0.25, 0.75, 0.269909
0.95, 0.268848, 0.25, 0.75, 0.270711
0.95, 0.291317, 0.26, 0.74, 0.285411
0.95, 0.284837, 0.26, 0.74, 0.284551
0.95, 0.28507, 0.26, 0.74, 0.28091
0.95, 0.288901, 0.26, 0.74, 0.286113
0.95, 0.276396, 0.26, 0.74, 0.278346
0.95, 0.280345, 0.26, 0.74, 0.282641
0.95, 0.293598, 0.26, 0.74, 0.292707
0.95, 0.278049, 0.26, 0.74, 0.278606
0.95, 0.284183, 0.26, 0.74, 0.283706
0.95, 0.273108, 0.26, 0.74, 0.273593
0.95, 0.280254, 0.26, 0.74, 0.280833
0.95, 0.277218, 0.26, 0.74, 0.282257
0.95, 0.280841, 0.26, 0.74, 0.280539
0.95, 0.291145, 0.26, 0.74, 0.286702
0.95, 0.277703, 0.26, 0.74, 0.279439
0.95, 0.278779, 0.26, 0.74, 0.282221
0.95, 0.280327, 0.26, 0.74, 0.280355
0.95, 0.279966, 0.26, 0.74, 0.279111
0.95, 0.277815, 0.26, 0.74, 0.274451
0.95, 0.280866, 0.26, 0.74, 0.283249
0.95, 0.277333, 0.26, 0.74, 0.280472
0.95, 0.279873, 0.26, 0.74, 0.280982
0.95, 0.286901, 0.26, 0.74, 0.282471
0.95, 0.275846, 0.26, 0.74, 0.279543
0.95, 0.279176, 0.26, 0.74, 0.277064
0.95, 0.287403, 0.27, 0.73, 0.290486
0.95, 0.294492, 0.27, 0.73, 0.293742
0.95, 0.29189, 0.27, 0.73, 0.296251
0.95, 0.292669, 0.27, 0.73, 0.292063
0.95, 0.298062, 0.27, 0.73, 0.296467
0.95, 0.301709, 0.27, 0.73, 0.295888
0.95, 0.300256, 0.27, 0.73, 0.297005
0.95, 0.295549, 0.27, 0.73, 0.289145
0.95, 0.300154, 0.27, 0.73, 0.294645
0.95, 0.301301, 0.27, 0.73, 0.294505
0.95, 0.298111, 0.27, 0.73, 0.291241
0.95, 0.296223, 0.27, 0.73, 0.294227
0.95, 0.30012, 0.27, 0.73, 0.297624
0.95, 0.303744, 0.27, 0.73, 0.299768
0.95, 0.288185, 0.27, 0.73, 0.292366
0.95, 0.298111, 0.27, 0.73, 0.296668
0.95, 0.292049, 0.27, 0.73, 0.290088
0.95, 0.302973, 0.27, 0.73, 0.29787
0.95, 0.309933, 0.27, 0.73, 0.304449
0.95, 0.304393, 0.27, 0.73, 0.299581
0.95, 0.294734, 0.27, 0.73, 0.291433
0.95, 0.297845, 0.27, 0.73, 0.296809
0.95, 0.300783, 0.27, 0.73, 0.296346
0.95, 0.295538, 0.27, 0.73, 0.296567
0.95, 0.293011, 0.27, 0.73, 0.293936
0.95, 0.305386, 0.28, 0.72, 0.304041
0.95, 0.305558, 0.28, 0.72, 0.308381
0.95, 0.318281, 0.28, 0.72, 0.310429
0.95, 0.308535, 0.28, 0.72, 0.309979
0.95, 0.308873, 0.28, 0.72, 0.311525
0.95, 0.309742, 0.28, 0.72, 0.305759
0.95, 0.307424, 0.28, 0.72, 0.305842
0.95, 0.31321, 0.28, 0.72, 0.308206
0.95, 0.31157, 0.28, 0.72, 0.308345
0.95, 0.308839, 0.28, 0.72, 0.308796
0.95, 0.313571, 0.28, 0.72, 0.310779
0.95, 0.318637, 0.28, 0.72, 0.315
0.95, 0.305371, 0.28, 0.72, 0.308099
0.95, 0.312675, 0.28, 0.72, 0.306442
0.95, 0.304993, 0.28, 0.72, 0.308835
0.95, 0.30865, 0.28, 0.72, 0.308579
0.95, 0.315076, 0.28, 0.72, 0.308677
0.95, 0.306679, 0.28, 0.72, 0.305997
0.95, 0.301618, 0.28, 0.72, 0.308882
0.95, 0.308909, 0.28, 0.72, 0.301312
0.95, 0.295611, 0.28, 0.72, 0.298301
0.95, 0.311838, 0.28, 0.72, 0.309746
0.95, 0.306509, 0.28, 0.72, 0.309517
0.95, 0.308714, 0.28, 0.72, 0.309529
0.95, 0.302886, 0.28, 0.72, 0.303258
0.95, 0.326855, 0.29, 0.71, 0.328014
0.95, 0.327158, 0.29, 0.71, 0.325385
0.95, 0.318205, 0.29, 0.71, 0.32471
0.95, 0.314944, 0.29, 0.71, 0.311649
0.95, 0.316919, 0.29, 0.71, 0.317431
0.95, 0.321702, 0.29, 0.71, 0.31758
0.95, 0.316839, 0.29, 0.71, 0.317753
0.95, 0.319025, 0.29, 0.71, 0.321861
0.95, 0.321509, 0.29, 0.71, 0.325392
0.95, 0.327559, 0.29, 0.71, 0.323478
0.95, 0.328751, 0.29, 0.71, 0.323478
0.95, 0.315076, 0.29, 0.71, 0.317095
0.95, 0.319933, 0.29, 0.71, 0.319124
0.95, 0.311587, 0.29, 0.71, 0.317456
0.95, 0.328608, 0.29, 0.71, 0.317419
0.95, 0.318906, 0.29, 0.71, 0.31741
0.95, 0.313743, 0.29, 0.71, 0.319456
0.95, 0.32467, 0.29, 0.71, 0.321156
0.95, 0.319965, 0.29, 0.71, 0.315588
0.95, 0.318971, 0.29, 0.71, 0.322902
0.95, 0.330955, 0.29, 0.71, 0.323906
0.95, 0.316376, 0.29, 0.71, 0.31755
0.95, 0.328213, 0.29, 0.71, 0.324814
0.95, 0.317988, 0.29, 0.71, 0.318566
0.95, 0.331066, 0.29, 0.71, 0.325224
0.95, 0.341219, 0.3, 0.7, 0.335628
0.95, 0.333972, 0.3, 0.7, 0.330068
0.95, 0.342122, 0.3, 0.7, 0.335954
0.95, 0.32742, 0.3, 0.7, 0.329212
0.95, 0.332236, 0.3, 0.7, 0.330318
0.95, 0.335066, 0.3, 0.7, 0.331871
0.95, 0.331446, 0.3, 0.7, 0.330667
0.95, 0.333429, 0.3, 0.7, 0.331103
0.95, 0.330333, 0.3, 0.7, 0.330105
0.95, 0.33219, 0.3, 0.7, 0.329112
0.95, 0.337152, 0.3, 0.7, 0.332784
0.95, 0.326114, 0.3, 0.7, 0.330892
0.95, 0.336019, 0.3, 0.7, 0.337863
0.95, 0.345801, 0.3, 0.7, 0.338019
0.95, 0.339088, 0.3, 0.7, 0.33205
0.95, 0.33119, 0.3, 0.7, 0.331775
0.95, 0.333268, 0.3, 0.7, 0.330387
0.95, 0.338021, 0.3, 0.7, 0.330631
0.95, 0.343855, 0.3, 0.7, 0.335188
0.95, 0.342531, 0.3, 0.7, 0.337836
0.95, 0.347488, 0.3, 0.7, 0.340343
0.95, 0.335108, 0.3, 0.7, 0.332482
0.95, 0.336189, 0.3, 0.7, 0.335656
0.95, 0.337474, 0.3, 0.7, 0.338288
0.95, 0.333115, 0.3, 0.7, 0.328779
