# B5 Gamma Dynamic Simulation Results
# Strategy schedule: schedules/schedule_b5_gamma_lead_trail.txt
# Gamma schedule: schedules/gamma_schedule_volatile.txt
# Hash rate range: 0.15 - 0.3 (15% - 30%) in 0.01 increments
InitialGamma, Miner0_ProfitFraction, Miner0_HashRate, Miner1_HashRate, Miner0_BlockFraction
0.95, 0.164099, 0.15, 0.85, 0.165446
0.95, 0.164839, 0.15, 0.85, 0.165203
0.95, 0.16357, 0.15, 0.85, 0.163004
0.95, 0.161246, 0.15, 0.85, 0.162103
0.95, 0.156391, 0.15, 0.85, 0.159491
0.95, 0.154819, 0.15, 0.85, 0.159355
0.95, 0.153425, 0.15, 0.85, 0.155846
0.95, 0.160804, 0.15, 0.85, 0.162727
0.95, 0.158682, 0.15, 0.85, 0.158022
0.95, 0.152405, 0.15, 0.85, 0.15423
0.95, 0.155039, 0.15, 0.85, 0.158694
0.95, 0.150291, 0.15, 0.85, 0.153694
0.95, 0.157048, 0.15, 0.85, 0.161815
0.95, 0.162786, 0.15, 0.85, 0.165875
0.95, 0.161037, 0.15, 0.85, 0.16042
0.95, 0.155413, 0.15, 0.85, 0.160753
0.95, 0.163186, 0.15, 0.85, 0.162699
0.95, 0.157627, 0.15, 0.85, 0.158909
0.95, 0.159513, 0.15, 0.85, 0.159365
0.95, 0.155619, 0.15, 0.85, 0.155197
0.95, 0.153052, 0.15, 0.85, 0.150842
0.95, 0.155729, 0.15, 0.85, 0.158499
0.95, 0.157968, 0.15, 0.85, 0.162745
0.95, 0.162958, 0.15, 0.85, 0.162401
0.95, 0.159184, 0.15, 0.85, 0.159015
0.95, 0.170116, 0.16, 0.84, 0.169426
0.95, 0.171243, 0.16, 0.84, 0.173208
0.95, 0.167599, 0.16, 0.84, 0.172141
0.95, 0.175663, 0.16, 0.84, 0.177225
0.95, 0.169459, 0.16, 0.84, 0.169074
0.95, 0.170458, 0.16, 0.84, 0.170675
0.95, 0.176676, 0.16, 0.84, 0.174464
0.95, 0.169997, 0.16, 0.84, 0.170626
0.95, 0.16337, 0.16, 0.84, 0.16881
0.95, 0.175137, 0.16, 0.84, 0.175639
0.95, 0.170877, 0.16, 0.84, 0.172733
0.95, 0.181387, 0.16, 0.84, 0.180539
0.95, 0.171432, 0.16, 0.84, 0.171384
0.95, 0.170509, 0.16, 0.84, 0.167009
0.95, 0.173162, 0.16, 0.84, 0.173963
0.95, 0.167299, 0.16, 0.84, 0.167263
0.95, 0.172693, 0.16, 0.84, 0.172206
0.95, 0.171289, 0.16, 0.84, 0.168566
0.95, 0.160766, 0.16, 0.84, 0.16849
0.95, 0.174459, 0.16, 0.84, 0.172872
0.95, 0.166204, 0.16, 0.84, 0.163805
0.95, 0.166579, 0.16, 0.84, 0.169888
0.95, 0.165938, 0.16, 0.84, 0.16969
0.95, 0.168108, 0.16, 0.84, 0.172507
0.95, 0.170094, 0.16, 0.84, 0.174916
0.95, 0.189436, 0.17, 0.83, 0.189314
0.95, 0.188327, 0.17, 0.83, 0.188714
0.95, 0.182327, 0.17, 0.83, 0.18378
0.95, 0.178814, 0.17, 0.83, 0.183769
0.95, 0.176883, 0.17, 0.83, 0.182724
0.95, 0.187801, 0.17, 0.83, 0.18768
0.95, 0.183136, 0.17, 0.83, 0.184611
0.95, 0.188928, 0.17, 0.83, 0.187969
0.95, 0.185968, 0.17, 0.83, 0.184221
0.95, 0.190407, 0.17, 0.83, 0.188554
0.95, 0.182775, 0.17, 0.83, 0.186565
0.95, 0.181756, 0.17, 0.83, 0.186484
0.95, 0.182787, 0.17, 0.83, 0.183228
0.95, 0.179466, 0.17, 0.83, 0.182769
0.95, 0.177967, 0.17, 0.83, 0.181897
0.95, 0.192236, 0.17, 0.83, 0.189888
0.95, 0.176901, 0.17, 0.83, 0.183226
0.95, 0.188004, 0.17, 0.83, 0.184542
0.95, 0.176931, 0.17, 0.83, 0.180591
0.95, 0.186696, 0.17, 0.83, 0.186993
0.95, 0.182066, 0.17, 0.83, 0.182923
0.95, 0.181226, 0.17, 0.83, 0.182623
0.95, 0.190885, 0.17, 0.83, 0.188251
0.95, 0.184454, 0.17, 0.83, 0.186449
0.95, 0.183895, 0.17, 0.83, 0.185291
0.95, 0.192608, 0.18, 0.82, 0.193471
0.95, 0.184848, 0.18, 0.82, 0.19546
0.95, 0.195047, 0.18, 0.82, 0.194114
0.95, 0.187942, 0.18, 0.82, 0.189152
0.95, 0.195562, 0.18, 0.82, 0.201459
0.95, 0.198524, 0.18, 0.82, 0.199633
0.95, 0.191775, 0.18, 0.82, 0.192396
0.95, 0.200735, 0.18, 0.82, 0.201605
0.95, 0.191382, 0.18, 0.82, 0.193103
0.95, 0.193213, 0.18, 0.82, 0.194781
0.95, 0.196349, 0.18, 0.82, 0.194902
0.95, 0.194621, 0.18, 0.82, 0.197035
0.95, 0.195901, 0.18, 0.82, 0.197208
0.95, 0.195675, 0.18, 0.82, 0.198855
0.95, 0.191084, 0.18, 0.82, 0.194658
0.95, 0.198087, 0.18, 0.82, 0.200881
0.95, 0.198194, 0.18, 0.82, 0.199635
0.95, 0.196724, 0.18, 0.82, 0.195969
0.95, 0.186794, 0.18, 0.82, 0.195586
0.95, 0.194043, 0.18, 0.82, 0.194617
0.95, 0.198596, 0.18, 0.82, 0.20301
0.95, 0.19597, 0.18, 0.82, 0.19767
0.95, 0.192355, 0.18, 0.82, 0.196447
0.95, 0.193384, 0.18, 0.82, 0.194045
0.95, 0.199738, 0.18, 0.82, 0.198996
0.95, 0.208563, 0.19, 0.81, 0.207718
0.95, 0.201101, 0.19, 0.81, 0.204633
0.95, 0.205806, 0.19, 0.81, 0.206876
0.95, 0.215162, 0.19, 0.81, 0.21374
0.95, 0.208668, 0.19, 0.81, 0.212588
0.95, 0.205452, 0.19, 0.81, 0.212854
0.95, 0.207104, 0.19, 0.81, 0.207437
0.95, 0.200932, 0.19, 0.81, 0.203879
0.95, 0.203792, 0.19, 0.81, 0.210797
0.95, 0.198675, 0.19, 0.81, 0.20264
0.95, 0.207465, 0.19, 0.81, 0.209833
0.95, 0.20677, 0.19, 0.81, 0.207916
0.95, 0.214549, 0.19, 0.81, 0.211638
0.95, 0.204772, 0.19, 0.81, 0.20944
0.95, 0.202585, 0.19, 0.81, 0.209508
0.95, 0.206342, 0.19, 0.81, 0.208295
0.95, 0.204283, 0.19, 0.81, 0.206558
0.95, 0.200691, 0.19, 0.81, 0.207745
0.95, 0.207287, 0.19, 0.81, 0.206817
0.95, 0.206424, 0.19, 0.81, 0.206413
0.95, 0.205765, 0.19, 0.81, 0.209772
0.95, 0.203896, 0.19, 0.81, 0.205831
0.95, 0.208124, 0.19, 0.81, 0.211432
0.95, 0.207244, 0.19, 0.81, 0.206927
0.95, 0.204179, 0.19, 0.81, 0.210458
0.95, 0.221716, 0.2, 0.8, 0.227076
0.95, 0.227819, 0.2, 0.8, 0.227853
0.95, 0.230795, 0.2, 0.8, 0.230216
0.95, 0.22339, 0.2, 0.8, 0.225327
0.95, 0.213099, 0.2, 0.8, 0.218501
0.95, 0.220242, 0.2, 0.8, 0.216152
0.95, 0.217877, 0.2, 0.8, 0.223278
0.95, 0.219967, 0.2, 0.8, 0.225307
0.95, 0.225468, 0.2, 0.8, 0.224653
0.95, 0.221325, 0.2, 0.8, 0.226127
0.95, 0.215849, 0.2, 0.8, 0.218682
0.95, 0.225331, 0.2, 0.8, 0.225989
0.95, 0.227921, 0.2, 0.8, 0.222613
0.95, 0.217553, 0.2, 0.8, 0.217208
0.95, 0.224387, 0.2, 0.8, 0.221808
0.95, 0.218113, 0.2, 0.8, 0.221245
0.95, 0.2231, 0.2, 0.8, 0.226181
0.95, 0.222701, 0.2, 0.8, 0.223819
0.95, 0.221128, 0.2, 0.8, 0.221694
0.95, 0.216619, 0.2, 0.8, 0.220936
0.95, 0.216948, 0.2, 0.8, 0.219697
0.95, 0.22137, 0.2, 0.8, 0.222401
0.95, 0.224137, 0.2, 0.8, 0.227315
0.95, 0.225218, 0.2, 0.8, 0.221368
0.95, 0.222366, 0.2, 0.8, 0.225284
0.95, 0.235341, 0.21, 0.79, 0.237162
0.95, 0.235081, 0.21, 0.79, 0.238493
0.95, 0.238384, 0.21, 0.79, 0.24016
0.95, 0.227686, 0.21, 0.79, 0.232716
0.95, 0.241271, 0.21, 0.79, 0.240905
0.95, 0.229876, 0.21, 0.79, 0.234351
0.95, 0.246349, 0.21, 0.79, 0.249882
0.95, 0.232875, 0.21, 0.79, 0.23421
0.95, 0.225072, 0.21, 0.79, 0.233636
0.95, 0.230854, 0.21, 0.79, 0.231325
0.95, 0.226173, 0.21, 0.79, 0.23216
0.95, 0.230761, 0.21, 0.79, 0.231132
0.95, 0.238284, 0.21, 0.79, 0.238322
0.95, 0.235537, 0.21, 0.79, 0.238988
0.95, 0.236479, 0.21, 0.79, 0.239363
0.95, 0.24243, 0.21, 0.79, 0.240355
0.95, 0.234896, 0.21, 0.79, 0.231639
0.95, 0.232911, 0.21, 0.79, 0.236273
0.95, 0.239014, 0.21, 0.79, 0.237802
0.95, 0.237447, 0.21, 0.79, 0.240475
0.95, 0.240117, 0.21, 0.79, 0.238476
0.95, 0.232824, 0.21, 0.79, 0.231513
0.95, 0.232219, 0.21, 0.79, 0.234473
0.95, 0.219524, 0.21, 0.79, 0.224356
0.95, 0.237546, 0.21, 0.79, 0.23888
0.95, 0.247321, 0.22, 0.78, 0.249764
0.95, 0.243795, 0.22, 0.78, 0.254284
0.95, 0.241365, 0.22, 0.78, 0.251091
0.95, 0.250692, 0.22, 0.78, 0.251132
0.95, 0.251677, 0.22, 0.78, 0.258068
0.95, 0.243687, 0.22, 0.78, 0.246487
0.95, 0.250696, 0.22, 0.78, 0.251061
0.95, 0.238975, 0.22, 0.78, 0.247851
0.95, 0.248015, 0.22, 0.78, 0.251121
0.95, 0.247683, 0.22, 0.78, 0.24105
0.95, 0.242493, 0.22, 0.78, 0.242263
0.95, 0.245842, 0.22, 0.78, 0.246536
0.95, 0.253711, 0.22, 0.78, 0.25156
0.95, 0.247474, 0.22, 0.78, 0.25552
0.95, 0.245484, 0.22, 0.78, 0.244066
0.95, 0.244061, 0.22, 0.78, 0.246044
0.95, 0.250078, 0.22, 0.78, 0.254291
0.95, 0.252162, 0.22, 0.78, 0.250512
0.95, 0.237263, 0.22, 0.78, 0.244504
0.95, 0.248406, 0.22, 0.78, 0.252494
0.95, 0.248993, 0.22, 0.78, 0.252206
0.95, 0.243491, 0.22, 0.78, 0.243954
0.95, 0.237516, 0.22, 0.78, 0.247739
0.95, 0.247554, 0.22, 0.78, 0.245764
0.95, 0.242278, 0.22, 0.78, 0.254613
0.95, 0.259889, 0.23, 0.77, 0.26221
0.95, 0.262436, 0.23, 0.77, 0.260857
0.95, 0.264026, 0.23, 0.77, 0.26745
0.95, 0.266097, 0.23, 0.77, 0.27108
0.95, 0.272, 0.23, 0.77, 0.269951
0.95, 0.258481, 0.23, 0.77, 0.2656
0.95, 0.262209, 0.23, 0.77, 0.266224
0.95, 0.257868, 0.23, 0.77, 0.264569
0.95, 0.259959, 0.23, 0.77, 0.263904
0.95, 0.262326, 0.23, 0.77, 0.263113
0.95, 0.253316, 0.23, 0.77, 0.259536
0.95, 0.261416, 0.23, 0.77, 0.266161
0.95, 0.253539, 0.23, 0.77, 0.256308
0.95, 0.259016, 0.23, 0.77, 0.259146
0.95, 0.262556, 0.23, 0.77, 0.265906
0.95, 0.267718, 0.23, 0.77, 0.268089
0.95, 0.26027, 0.23, 0.77, 0.262229
0.95, 0.262232, 0.23, 0.77, 0.262438
0.95, 0.263138, 0.23, 0.77, 0.264426
0.95, 0.257498, 0.23, 0.77, 0.258853
0.95, 0.263169, 0.23, 0.77, 0.261043
0.95, 0.258909, 0.23, 0.77, 0.26347
0.95, 0.271847, 0.23, 0.77, 0.272401
0.95, 0.25463, 0.23, 0.77, 0.26302
0.95, 0.269927, 0.23, 0.77, 0.266846
0.95, 0.273656, 0.24, 0.76, 0.27533
0.95, 0.278209, 0.24, 0.76, 0.277751
0.95, 0.275015, 0.24, 0.76, 0.272296
0.95, 0.285466, 0.24, 0.76, 0.285177
0.95, 0.268082, 0.24, 0.76, 0.26852
0.95, 0.273386, 0.24, 0.76, 0.272419
0.95, 0.271514, 0.24, 0.76, 0.27869
0.95, 0.275381, 0.24, 0.76, 0.28043
0.95, 0.276311, 0.24, 0.76, 0.282405
0.95, 0.265969, 0.24, 0.76, 0.276763
0.95, 0.272276, 0.24, 0.76, 0.279073
0.95, 0.266016, 0.24, 0.76, 0.268735
0.95, 0.280009, 0.24, 0.76, 0.278782
0.95, 0.267603, 0.24, 0.76, 0.271031
0.95, 0.277466, 0.24, 0.76, 0.281193
0.95, 0.270024, 0.24, 0.76, 0.27868
0.95, 0.275172, 0.24, 0.76, 0.278069
0.95, 0.275538, 0.24, 0.76, 0.274477
0.95, 0.275468, 0.24, 0.76, 0.281169
0.95, 0.277832, 0.24, 0.76, 0.278648
0.95, 0.270647, 0.24, 0.76, 0.27755
0.95, 0.276299, 0.24, 0.76, 0.280254
0.95, 0.271958, 0.24, 0.76, 0.274782
0.95, 0.274111, 0.24, 0.76, 0.276789
0.95, 0.280922, 0.24, 0.76, 0.280739
0.95, 0.29241, 0.25, 0.75, 0.29154
0.95, 0.291927, 0.25, 0.75, 0.290864
0.95, 0.279289, 0.25, 0.75, 0.286106
0.95, 0.285042, 0.25, 0.75, 0.286668
0.95, 0.292817, 0.25, 0.75, 0.295563
0.95, 0.295991, 0.25, 0.75, 0.29224
0.95, 0.278794, 0.25, 0.75, 0.287782
0.95, 0.290882, 0.25, 0.75, 0.290187
0.95, 0.278467, 0.25, 0.75, 0.287527
0.95, 0.286925, 0.25, 0.75, 0.28905
0.95, 0.293012, 0.25, 0.75, 0.294947
0.95, 0.291409, 0.25, 0.75, 0.295074
0.95, 0.289348, 0.25, 0.75, 0.293026
0.95, 0.286827, 0.25, 0.75, 0.285618
0.95, 0.2914, 0.25, 0.75, 0.290698
0.95, 0.295356, 0.25, 0.75, 0.298104
0.95, 0.288811, 0.25, 0.75, 0.289787
0.95, 0.291558, 0.25, 0.75, 0.292269
0.95, 0.291692, 0.25, 0.75, 0.295264
0.95, 0.293829, 0.25, 0.75, 0.298647
0.95, 0.294296, 0.25, 0.75, 0.296044
0.95, 0.283, 0.25, 0.75, 0.289614
0.95, 0.277567, 0.25, 0.75, 0.287472
0.95, 0.282471, 0.25, 0.75, 0.289667
0.95, 0.29183, 0.25, 0.75, 0.290052
0.95, 0.315801, 0.26, 0.74, 0.316174
0.95, 0.305157, 0.26, 0.74, 0.308728
0.95, 0.29885, 0.26, 0.74, 0.307716
0.95, 0.302148, 0.26, 0.74, 0.307862
0.95, 0.296462, 0.26, 0.74, 0.302023
0.95, 0.303826, 0.26, 0.74, 0.308358
0.95, 0.305481, 0.26, 0.74, 0.307859
0.95, 0.306015, 0.26, 0.74, 0.3019
0.95, 0.302238, 0.26, 0.74, 0.306079
0.95, 0.305722, 0.26, 0.74, 0.305004
0.95, 0.31486, 0.26, 0.74, 0.31296
0.95, 0.301077, 0.26, 0.74, 0.302852
0.95, 0.31855, 0.26, 0.74, 0.313732
0.95, 0.296913, 0.26, 0.74, 0.304875
0.95, 0.308932, 0.26, 0.74, 0.307069
0.95, 0.29823, 0.26, 0.74, 0.303356
0.95, 0.301228, 0.26, 0.74, 0.308535
0.95, 0.300965, 0.26, 0.74, 0.304385
0.95, 0.293647, 0.26, 0.74, 0.296901
0.95, 0.313483, 0.26, 0.74, 0.318472
0.95, 0.303861, 0.26, 0.74, 0.306109
0.95, 0.296402, 0.26, 0.74, 0.304435
0.95, 0.305142, 0.26, 0.74, 0.306651
0.95, 0.302836, 0.26, 0.74, 0.305375
0.95, 0.303772, 0.26, 0.74, 0.307256
0.95, 0.306795, 0.27, 0.73, 0.31107
0.95, 0.318976, 0.27, 0.73, 0.325927
0.95, 0.323262, 0.27, 0.73, 0.319516
0.95, 0.323242, 0.27, 0.73, 0.325067
0.95, 0.315066, 0.27, 0.73, 0.318398
0.95, 0.310619, 0.27, 0.73, 0.312794
0.95, 0.322277, 0.27, 0.73, 0.323388
0.95, 0.31502, 0.27, 0.73, 0.32121
0.95, 0.3038, 0.27, 0.73, 0.310951
0.95, 0.307363, 0.27, 0.73, 0.312998
0.95, 0.326914, 0.27, 0.73, 0.331637
0.95, 0.312967, 0.27, 0.73, 0.315425
0.95, 0.31607, 0.27, 0.73, 0.318157
0.95, 0.317419, 0.27, 0.73, 0.318979
0.95, 0.325274, 0.27, 0.73, 0.322934
0.95, 0.315665, 0.27, 0.73, 0.316186
0.95, 0.317857, 0.27, 0.73, 0.321773
0.95, 0.311173, 0.27, 0.73, 0.320997
0.95, 0.313475, 0.27, 0.73, 0.316558
0.95, 0.323549, 0.27, 0.73, 0.32381
0.95, 0.32022, 0.27, 0.73, 0.322621
0.95, 0.327527, 0.27, 0.73, 0.327225
0.95, 0.31993, 0.27, 0.73, 0.31443
0.95, 0.321663, 0.27, 0.73, 0.328853
0.95, 0.318705, 0.27, 0.73, 0.327116
0.95, 0.330618, 0.28, 0.72, 0.332921
0.95, 0.329309, 0.28, 0.72, 0.336395
0.95, 0.328138, 0.28, 0.72, 0.332568
0.95, 0.335052, 0.28, 0.72, 0.335657
0.95, 0.328689, 0.28, 0.72, 0.333579
0.95, 0.327154, 0.28, 0.72, 0.335646
0.95, 0.326772, 0.28, 0.72, 0.337247
0.95, 0.348832, 0.28, 0.72, 0.347112
0.95, 0.338243, 0.28, 0.72, 0.341387
0.95, 0.33039, 0.28, 0.72, 0.340125
0.95, 0.335775, 0.28, 0.72, 0.341189
0.95, 0.336061, 0.28, 0.72, 0.343139
0.95, 0.33534, 0.28, 0.72, 0.337451
0.95, 0.332685, 0.28, 0.72, 0.333396
0.95, 0.345314, 0.28, 0.72, 0.343917
0.95, 0.331926, 0.28, 0.72, 0.335728
0.95, 0.321618, 0.28, 0.72, 0.331177
0.95, 0.333125, 0.28, 0.72, 0.337135
0.95, 0.340988, 0.28, 0.72, 0.343402
0.95, 0.333199, 0.28, 0.72, 0.330966
0.95, 0.340408, 0.28, 0.72, 0.338601
0.95, 0.339602, 0.28, 0.72, 0.342194
0.95, 0.341441, 0.28, 0.72, 0.34489
0.95, 0.333291, 0.28, 0.72, 0.338382
0.95, 0.319926, 0.28, 0.72, 0.325634
0.95, 0.355815, 0.29, 0.71, 0.354873
0.95, 0.349227, 0.29, 0.71, 0.347001
0.95, 0.341598, 0.29, 0.71, 0.347515
0.95, 0.34147, 0.29, 0.71, 0.343431
0.95, 0.347564, 0.29, 0.71, 0.352838
0.95, 0.350663, 0.29, 0.71, 0.356909
0.95, 0.36088, 0.29, 0.71, 0.361713
0.95, 0.349764, 0.29, 0.71, 0.346839
0.95, 0.344475, 0.29, 0.71, 0.348902
0.95, 0.342792, 0.29, 0.71, 0.350249
0.95, 0.355607, 0.29, 0.71, 0.359527
0.95, 0.349582, 0.29, 0.71, 0.359614
0.95, 0.347467, 0.29, 0.71, 0.35452
0.95, 0.351799, 0.29, 0.71, 0.356097
0.95, 0.335735, 0.29, 0.71, 0.34534
0.95, 0.352787, 0.29, 0.71, 0.357275
0.95, 0.351, 0.29, 0.71, 0.353026
0.95, 0.341167, 0.29, 0.71, 0.353883
0.95, 0.344119, 0.29, 0.71, 0.349135
0.95, 0.34672, 0.29, 0.71, 0.350983
0.95, 0.351675, 0.29, 0.71, 0.35704
0.95, 0.351565, 0.29, 0.71, 0.355427
0.95, 0.344764, 0.29, 0.71, 0.345127
0.95, 0.342494, 0.29, 0.71, 0.341385
0.95, 0.340924, 0.29, 0.71, 0.344867
0.95, 0.359826, 0.3, 0.7, 0.363227
0.95, 0.358637, 0.3, 0.7, 0.360104
0.95, 0.367477, 0.3, 0.7, 0.369307
0.95, 0.349345, 0.3, 0.7, 0.353825
0.95, 0.369159, 0.3, 0.7, 0.370129
0.95, 0.366485, 0.3, 0.7, 0.368828
0.95, 0.372504, 0.3, 0.7, 0.371236
0.95, 0.365067, 0.3, 0.7, 0.36889
0.95, 0.361623, 0.3, 0.7, 0.368143
0.95, 0.376334, 0.3, 0.7, 0.373269
0.95, 0.373628, 0.3, 0.7, 0.369653
0.95, 0.364736, 0.3, 0.7, 0.363855
0.95, 0.35942, 0.3, 0.7, 0.362947
0.95, 0.363059, 0.3, 0.7, 0.365402
0.95, 0.355101, 0.3, 0.7, 0.368148
0.95, 0.367783, 0.3, 0.7, 0.37347
0.95, 0.37749, 0.3, 0.7, 0.376822
0.95, 0.366183, 0.3, 0.7, 0.37126
0.95, 0.355429, 0.3, 0.7, 0.368411
0.95, 0.364553, 0.3, 0.7, 0.367137
0.95, 0.359019, 0.3, 0.7, 0.36763
0.95, 0.348562, 0.3, 0.7, 0.36174
0.95, 0.362233, 0.3, 0.7, 0.369825
0.95, 0.365857, 0.3, 0.7, 0.371228
0.95, 0.362948, 0.3, 0.7, 0.366964
