# B5 Focused Dynamic Strategy Switching Simulation Results
# Schedule file: schedule_b5_stubborn_lead_trail_1000.txt
# Gamma (connectivity) range: 0.8 - 1.0 in 0.05 increments
# Hash rate range: 0.15 - 0.3 (15% - 30%) in 0.01 increments
Gamma, Miner0_ProfitFraction, Miner0_HashRate, Miner1_HashRate, Miner0_BlockFraction
0.8, 0.15432, 0.15, 0.85, 0.152725
0.8, 0.165106, 0.15, 0.85, 0.157469
0.8, 0.15289, 0.15, 0.85, 0.149345
0.8, 0.150119, 0.15, 0.85, 0.150054
0.8, 0.146469, 0.15, 0.85, 0.146003
0.8, 0.147044, 0.15, 0.85, 0.144344
0.8, 0.16144, 0.15, 0.85, 0.155496
0.8, 0.159979, 0.15, 0.85, 0.157001
0.8, 0.14489, 0.15, 0.85, 0.144614
0.8, 0.153183, 0.15, 0.85, 0.153696
0.8, 0.155248, 0.15, 0.85, 0.152437
0.8, 0.15784, 0.15, 0.85, 0.156001
0.8, 0.146923, 0.15, 0.85, 0.147321
0.8, 0.149916, 0.15, 0.85, 0.149523
0.8, 0.152607, 0.15, 0.85, 0.150565
0.8, 0.150794, 0.15, 0.85, 0.146558
0.8, 0.146225, 0.15, 0.85, 0.143856
0.8, 0.153211, 0.15, 0.85, 0.14621
0.8, 0.158265, 0.15, 0.85, 0.15432
0.8, 0.146669, 0.15, 0.85, 0.148198
0.8, 0.150668, 0.15, 0.85, 0.150553
0.8, 0.156568, 0.15, 0.85, 0.151543
0.8, 0.153791, 0.15, 0.85, 0.154392
0.8, 0.153324, 0.15, 0.85, 0.149291
0.8, 0.150173, 0.15, 0.85, 0.14671
0.8, 0.161791, 0.16, 0.84, 0.16358
0.8, 0.163891, 0.16, 0.84, 0.160077
0.8, 0.158243, 0.16, 0.84, 0.159468
0.8, 0.160132, 0.16, 0.84, 0.160775
0.8, 0.162964, 0.16, 0.84, 0.160624
0.8, 0.162767, 0.16, 0.84, 0.163042
0.8, 0.163407, 0.16, 0.84, 0.161957
0.8, 0.170517, 0.16, 0.84, 0.164457
0.8, 0.168248, 0.16, 0.84, 0.165561
0.8, 0.165544, 0.16, 0.84, 0.164499
0.8, 0.159156, 0.16, 0.84, 0.161513
0.8, 0.17026, 0.16, 0.84, 0.164991
0.8, 0.165903, 0.16, 0.84, 0.165042
0.8, 0.161028, 0.16, 0.84, 0.162259
0.8, 0.166236, 0.16, 0.84, 0.160797
0.8, 0.170112, 0.16, 0.84, 0.169356
0.8, 0.160634, 0.16, 0.84, 0.156685
0.8, 0.173896, 0.16, 0.84, 0.16876
0.8, 0.167242, 0.16, 0.84, 0.162732
0.8, 0.158046, 0.16, 0.84, 0.161465
0.8, 0.164135, 0.16, 0.84, 0.158578
0.8, 0.165118, 0.16, 0.84, 0.163375
0.8, 0.165851, 0.16, 0.84, 0.164596
0.8, 0.166585, 0.16, 0.84, 0.165082
0.8, 0.170783, 0.16, 0.84, 0.167576
0.8, 0.181145, 0.17, 0.83, 0.17977
0.8, 0.169692, 0.17, 0.83, 0.170414
0.8, 0.185548, 0.17, 0.83, 0.183355
0.8, 0.177033, 0.17, 0.83, 0.172639
0.8, 0.174355, 0.17, 0.83, 0.170394
0.8, 0.172024, 0.17, 0.83, 0.173525
0.8, 0.186509, 0.17, 0.83, 0.181395
0.8, 0.166886, 0.17, 0.83, 0.166705
0.8, 0.173896, 0.17, 0.83, 0.172978
0.8, 0.174236, 0.17, 0.83, 0.171657
0.8, 0.178593, 0.17, 0.83, 0.17948
0.8, 0.17217, 0.17, 0.83, 0.17225
0.8, 0.167792, 0.17, 0.83, 0.168674
0.8, 0.182808, 0.17, 0.83, 0.179792
0.8, 0.180457, 0.17, 0.83, 0.177057
0.8, 0.179463, 0.17, 0.83, 0.178183
0.8, 0.179662, 0.17, 0.83, 0.174577
0.8, 0.175167, 0.17, 0.83, 0.172148
0.8, 0.167013, 0.17, 0.83, 0.167257
0.8, 0.178177, 0.17, 0.83, 0.17513
0.8, 0.168277, 0.17, 0.83, 0.163898
0.8, 0.178003, 0.17, 0.83, 0.175013
0.8, 0.175912, 0.17, 0.83, 0.176039
0.8, 0.177506, 0.17, 0.83, 0.17595
0.8, 0.178417, 0.17, 0.83, 0.175246
0.8, 0.186162, 0.18, 0.82, 0.185179
0.8, 0.196812, 0.18, 0.82, 0.190606
0.8, 0.185423, 0.18, 0.82, 0.184383
0.8, 0.184171, 0.18, 0.82, 0.182694
0.8, 0.194331, 0.18, 0.82, 0.191123
0.8, 0.188007, 0.18, 0.82, 0.188559
0.8, 0.182474, 0.18, 0.82, 0.180101
0.8, 0.193111, 0.18, 0.82, 0.188064
0.8, 0.189775, 0.18, 0.82, 0.185855
0.8, 0.189248, 0.18, 0.82, 0.187913
0.8, 0.185467, 0.18, 0.82, 0.184929
0.8, 0.190323, 0.18, 0.82, 0.186399
0.8, 0.193251, 0.18, 0.82, 0.191662
0.8, 0.192429, 0.18, 0.82, 0.18812
0.8, 0.190786, 0.18, 0.82, 0.186915
0.8, 0.189516, 0.18, 0.82, 0.187882
0.8, 0.18083, 0.18, 0.82, 0.176347
0.8, 0.191968, 0.18, 0.82, 0.189527
0.8, 0.188636, 0.18, 0.82, 0.189866
0.8, 0.190937, 0.18, 0.82, 0.187537
0.8, 0.185355, 0.18, 0.82, 0.181764
0.8, 0.195749, 0.18, 0.82, 0.190793
0.8, 0.183163, 0.18, 0.82, 0.182705
0.8, 0.201232, 0.18, 0.82, 0.197469
0.8, 0.188664, 0.18, 0.82, 0.186551
0.8, 0.213646, 0.19, 0.81, 0.206021
0.8, 0.204061, 0.19, 0.81, 0.199664
0.8, 0.20038, 0.19, 0.81, 0.205539
0.8, 0.19554, 0.19, 0.81, 0.197351
0.8, 0.201639, 0.19, 0.81, 0.199537
0.8, 0.193783, 0.19, 0.81, 0.193337
0.8, 0.201622, 0.19, 0.81, 0.195695
0.8, 0.20401, 0.19, 0.81, 0.20424
0.8, 0.198478, 0.19, 0.81, 0.190564
0.8, 0.202083, 0.19, 0.81, 0.200637
0.8, 0.203586, 0.19, 0.81, 0.19647
0.8, 0.192541, 0.19, 0.81, 0.194109
0.8, 0.201866, 0.19, 0.81, 0.201323
0.8, 0.195411, 0.19, 0.81, 0.194814
0.8, 0.205054, 0.19, 0.81, 0.200164
0.8, 0.200767, 0.19, 0.81, 0.200541
0.8, 0.202985, 0.19, 0.81, 0.198026
0.8, 0.204076, 0.19, 0.81, 0.203852
0.8, 0.207022, 0.19, 0.81, 0.201175
0.8, 0.196966, 0.19, 0.81, 0.193224
0.8, 0.208199, 0.19, 0.81, 0.199274
0.8, 0.210876, 0.19, 0.81, 0.207854
0.8, 0.193844, 0.19, 0.81, 0.195351
0.8, 0.209836, 0.19, 0.81, 0.205633
0.8, 0.207381, 0.19, 0.81, 0.203507
0.8, 0.216376, 0.2, 0.8, 0.215582
0.8, 0.215958, 0.2, 0.8, 0.215532
0.8, 0.213001, 0.2, 0.8, 0.218323
0.8, 0.216962, 0.2, 0.8, 0.214054
0.8, 0.226431, 0.2, 0.8, 0.221678
0.8, 0.220432, 0.2, 0.8, 0.218621
0.8, 0.218918, 0.2, 0.8, 0.216248
0.8, 0.216216, 0.2, 0.8, 0.21091
0.8, 0.224654, 0.2, 0.8, 0.215085
0.8, 0.214302, 0.2, 0.8, 0.211588
0.8, 0.216515, 0.2, 0.8, 0.213329
0.8, 0.20507, 0.2, 0.8, 0.212139
0.8, 0.225713, 0.2, 0.8, 0.219067
0.8, 0.216539, 0.2, 0.8, 0.212839
0.8, 0.210338, 0.2, 0.8, 0.210183
0.8, 0.214981, 0.2, 0.8, 0.216276
0.8, 0.22194, 0.2, 0.8, 0.218989
0.8, 0.20277, 0.2, 0.8, 0.206273
0.8, 0.219041, 0.2, 0.8, 0.215809
0.8, 0.218095, 0.2, 0.8, 0.215651
0.8, 0.212897, 0.2, 0.8, 0.213344
0.8, 0.216932, 0.2, 0.8, 0.213361
0.8, 0.212796, 0.2, 0.8, 0.213886
0.8, 0.210042, 0.2, 0.8, 0.207431
0.8, 0.208032, 0.2, 0.8, 0.206103
0.8, 0.22638, 0.21, 0.79, 0.227524
0.8, 0.22375, 0.21, 0.79, 0.218701
0.8, 0.225071, 0.21, 0.79, 0.22141
0.8, 0.228544, 0.21, 0.79, 0.230238
0.8, 0.232373, 0.21, 0.79, 0.228966
0.8, 0.228299, 0.21, 0.79, 0.223091
0.8, 0.233618, 0.21, 0.79, 0.230099
0.8, 0.225425, 0.21, 0.79, 0.224775
0.8, 0.237816, 0.21, 0.79, 0.230603
0.8, 0.231507, 0.21, 0.79, 0.230322
0.8, 0.225784, 0.21, 0.79, 0.228711
0.8, 0.226921, 0.21, 0.79, 0.222592
0.8, 0.237881, 0.21, 0.79, 0.230106
0.8, 0.239554, 0.21, 0.79, 0.230973
0.8, 0.228842, 0.21, 0.79, 0.221063
0.8, 0.230634, 0.21, 0.79, 0.225353
0.8, 0.23204, 0.21, 0.79, 0.224065
0.8, 0.228465, 0.21, 0.79, 0.225151
0.8, 0.226945, 0.21, 0.79, 0.224599
0.8, 0.242554, 0.21, 0.79, 0.235453
0.8, 0.226843, 0.21, 0.79, 0.22372
0.8, 0.234979, 0.21, 0.79, 0.229971
0.8, 0.230075, 0.21, 0.79, 0.221904
0.8, 0.236864, 0.21, 0.79, 0.22526
0.8, 0.239468, 0.21, 0.79, 0.233929
0.8, 0.246716, 0.22, 0.78, 0.247549
0.8, 0.237943, 0.22, 0.78, 0.235039
0.8, 0.249871, 0.22, 0.78, 0.24625
0.8, 0.241628, 0.22, 0.78, 0.234426
0.8, 0.240935, 0.22, 0.78, 0.240607
0.8, 0.237162, 0.22, 0.78, 0.233335
0.8, 0.252613, 0.22, 0.78, 0.244964
0.8, 0.238364, 0.22, 0.78, 0.241208
0.8, 0.246071, 0.22, 0.78, 0.240142
0.8, 0.241616, 0.22, 0.78, 0.240144
0.8, 0.245152, 0.22, 0.78, 0.242356
0.8, 0.246177, 0.22, 0.78, 0.238678
0.8, 0.243384, 0.22, 0.78, 0.239763
0.8, 0.247545, 0.22, 0.78, 0.243821
0.8, 0.242269, 0.22, 0.78, 0.23843
0.8, 0.24489, 0.22, 0.78, 0.237804
0.8, 0.250227, 0.22, 0.78, 0.244621
0.8, 0.238561, 0.22, 0.78, 0.236948
0.8, 0.254083, 0.22, 0.78, 0.242061
0.8, 0.240955, 0.22, 0.78, 0.237533
0.8, 0.244246, 0.22, 0.78, 0.243283
0.8, 0.244395, 0.22, 0.78, 0.242295
0.8, 0.239682, 0.22, 0.78, 0.235588
0.8, 0.230946, 0.22, 0.78, 0.232947
0.8, 0.240518, 0.22, 0.78, 0.236526
0.8, 0.261759, 0.23, 0.77, 0.254352
0.8, 0.265445, 0.23, 0.77, 0.254589
0.8, 0.256698, 0.23, 0.77, 0.255064
0.8, 0.259513, 0.23, 0.77, 0.2581
0.8, 0.262511, 0.23, 0.77, 0.252035
0.8, 0.2639, 0.23, 0.77, 0.261505
0.8, 0.270927, 0.23, 0.77, 0.264021
0.8, 0.253619, 0.23, 0.77, 0.255529
0.8, 0.263057, 0.23, 0.77, 0.252714
0.8, 0.265169, 0.23, 0.77, 0.260066
0.8, 0.271261, 0.23, 0.77, 0.264902
0.8, 0.25692, 0.23, 0.77, 0.25361
0.8, 0.248664, 0.23, 0.77, 0.246451
0.8, 0.249463, 0.23, 0.77, 0.24903
0.8, 0.255648, 0.23, 0.77, 0.253755
0.8, 0.271036, 0.23, 0.77, 0.262164
0.8, 0.257157, 0.23, 0.77, 0.251792
0.8, 0.25735, 0.23, 0.77, 0.250986
0.8, 0.267906, 0.23, 0.77, 0.266099
0.8, 0.25498, 0.23, 0.77, 0.246508
0.8, 0.259778, 0.23, 0.77, 0.254168
0.8, 0.255564, 0.23, 0.77, 0.25414
0.8, 0.268408, 0.23, 0.77, 0.261746
0.8, 0.260452, 0.23, 0.77, 0.254852
0.8, 0.247434, 0.23, 0.77, 0.243866
0.8, 0.279219, 0.24, 0.76, 0.275351
0.8, 0.271543, 0.24, 0.76, 0.269363
0.8, 0.283036, 0.24, 0.76, 0.279301
0.8, 0.279868, 0.24, 0.76, 0.275444
0.8, 0.271293, 0.24, 0.76, 0.270034
0.8, 0.279316, 0.24, 0.76, 0.272553
0.8, 0.269571, 0.24, 0.76, 0.26817
0.8, 0.27701, 0.24, 0.76, 0.271629
0.8, 0.275229, 0.24, 0.76, 0.270091
0.8, 0.265938, 0.24, 0.76, 0.26912
0.8, 0.270577, 0.24, 0.76, 0.269688
0.8, 0.27431, 0.24, 0.76, 0.280097
0.8, 0.279216, 0.24, 0.76, 0.271582
0.8, 0.271172, 0.24, 0.76, 0.273821
0.8, 0.268565, 0.24, 0.76, 0.263935
0.8, 0.281933, 0.24, 0.76, 0.275843
0.8, 0.259566, 0.24, 0.76, 0.267769
0.8, 0.273042, 0.24, 0.76, 0.268988
0.8, 0.260958, 0.24, 0.76, 0.265523
0.8, 0.268745, 0.24, 0.76, 0.267827
0.8, 0.287699, 0.24, 0.76, 0.278871
0.8, 0.270404, 0.24, 0.76, 0.273025
0.8, 0.284006, 0.24, 0.76, 0.276488
0.8, 0.2754, 0.24, 0.76, 0.272015
0.8, 0.276733, 0.24, 0.76, 0.269458
0.8, 0.283227, 0.25, 0.75, 0.28325
0.8, 0.281626, 0.25, 0.75, 0.282126
0.8, 0.286399, 0.25, 0.75, 0.291381
0.8, 0.28006, 0.25, 0.75, 0.280884
0.8, 0.276349, 0.25, 0.75, 0.280269
0.8, 0.290829, 0.25, 0.75, 0.290191
0.8, 0.283623, 0.25, 0.75, 0.281508
0.8, 0.282012, 0.25, 0.75, 0.278189
0.8, 0.284129, 0.25, 0.75, 0.28226
0.8, 0.280233, 0.25, 0.75, 0.275664
0.8, 0.291683, 0.25, 0.75, 0.285741
0.8, 0.298241, 0.25, 0.75, 0.291124
0.8, 0.284452, 0.25, 0.75, 0.280446
0.8, 0.301439, 0.25, 0.75, 0.297472
0.8, 0.297776, 0.25, 0.75, 0.291548
0.8, 0.273174, 0.25, 0.75, 0.277478
0.8, 0.278348, 0.25, 0.75, 0.282099
0.8, 0.283396, 0.25, 0.75, 0.276349
0.8, 0.294709, 0.25, 0.75, 0.291353
0.8, 0.292745, 0.25, 0.75, 0.28893
0.8, 0.288366, 0.25, 0.75, 0.282404
0.8, 0.29088, 0.25, 0.75, 0.288181
0.8, 0.293479, 0.25, 0.75, 0.285749
0.8, 0.291384, 0.25, 0.75, 0.286364
0.8, 0.30427, 0.25, 0.75, 0.294217
0.8, 0.300659, 0.26, 0.74, 0.299157
0.8, 0.310463, 0.26, 0.74, 0.30417
0.8, 0.299457, 0.26, 0.74, 0.294916
0.8, 0.313806, 0.26, 0.74, 0.309756
0.8, 0.305274, 0.26, 0.74, 0.301648
0.8, 0.310755, 0.26, 0.74, 0.305293
0.8, 0.308662, 0.26, 0.74, 0.302891
0.8, 0.304435, 0.26, 0.74, 0.301203
0.8, 0.313264, 0.26, 0.74, 0.304718
0.8, 0.307315, 0.26, 0.74, 0.29857
0.8, 0.302866, 0.26, 0.74, 0.294107
0.8, 0.304604, 0.26, 0.74, 0.299817
0.8, 0.310774, 0.26, 0.74, 0.305633
0.8, 0.30062, 0.26, 0.74, 0.296873
0.8, 0.303028, 0.26, 0.74, 0.301693
0.8, 0.305231, 0.26, 0.74, 0.303338
0.8, 0.313089, 0.26, 0.74, 0.309005
0.8, 0.30651, 0.26, 0.74, 0.29955
0.8, 0.29211, 0.26, 0.74, 0.290838
0.8, 0.307456, 0.26, 0.74, 0.302421
0.8, 0.304355, 0.26, 0.74, 0.300645
0.8, 0.297458, 0.26, 0.74, 0.293252
0.8, 0.307128, 0.26, 0.74, 0.306552
0.8, 0.315727, 0.26, 0.74, 0.311744
0.8, 0.30093, 0.26, 0.74, 0.296061
0.8, 0.314118, 0.27, 0.73, 0.313035
0.8, 0.326122, 0.27, 0.73, 0.316034
0.8, 0.326924, 0.27, 0.73, 0.319412
0.8, 0.329373, 0.27, 0.73, 0.325005
0.8, 0.314708, 0.27, 0.73, 0.311663
0.8, 0.317008, 0.27, 0.73, 0.313759
0.8, 0.322946, 0.27, 0.73, 0.311499
0.8, 0.329041, 0.27, 0.73, 0.324819
0.8, 0.314515, 0.27, 0.73, 0.306662
0.8, 0.315801, 0.27, 0.73, 0.318403
0.8, 0.306576, 0.27, 0.73, 0.307312
0.8, 0.325954, 0.27, 0.73, 0.32096
0.8, 0.309805, 0.27, 0.73, 0.310636
0.8, 0.317495, 0.27, 0.73, 0.320089
0.8, 0.314596, 0.27, 0.73, 0.316357
0.8, 0.31529, 0.27, 0.73, 0.310842
0.8, 0.314435, 0.27, 0.73, 0.315518
0.8, 0.325078, 0.27, 0.73, 0.315049
0.8, 0.332499, 0.27, 0.73, 0.324958
0.8, 0.31968, 0.27, 0.73, 0.31265
0.8, 0.320663, 0.27, 0.73, 0.314558
0.8, 0.314911, 0.27, 0.73, 0.315024
0.8, 0.316661, 0.27, 0.73, 0.311345
0.8, 0.320365, 0.27, 0.73, 0.31839
0.8, 0.319194, 0.27, 0.73, 0.317897
0.8, 0.336225, 0.28, 0.72, 0.330985
0.8, 0.342019, 0.28, 0.72, 0.342068
0.8, 0.338104, 0.28, 0.72, 0.329966
0.8, 0.33417, 0.28, 0.72, 0.328463
0.8, 0.339222, 0.28, 0.72, 0.33357
0.8, 0.343438, 0.28, 0.72, 0.337086
0.8, 0.319888, 0.28, 0.72, 0.323764
0.8, 0.337319, 0.28, 0.72, 0.330088
0.8, 0.337869, 0.28, 0.72, 0.330813
0.8, 0.331257, 0.28, 0.72, 0.326497
0.8, 0.329587, 0.28, 0.72, 0.326102
0.8, 0.331056, 0.28, 0.72, 0.324125
0.8, 0.32953, 0.28, 0.72, 0.328192
0.8, 0.342609, 0.28, 0.72, 0.339378
0.8, 0.32964, 0.28, 0.72, 0.332208
0.8, 0.327887, 0.28, 0.72, 0.327021
0.8, 0.334901, 0.28, 0.72, 0.331137
0.8, 0.325566, 0.28, 0.72, 0.327553
0.8, 0.341869, 0.28, 0.72, 0.331957
0.8, 0.327326, 0.28, 0.72, 0.32808
0.8, 0.332101, 0.28, 0.72, 0.331274
0.8, 0.343218, 0.28, 0.72, 0.335611
0.8, 0.342074, 0.28, 0.72, 0.333609
0.8, 0.332981, 0.28, 0.72, 0.326386
0.8, 0.336369, 0.28, 0.72, 0.33269
0.8, 0.33636, 0.29, 0.71, 0.332391
0.8, 0.3531, 0.29, 0.71, 0.344621
0.8, 0.352386, 0.29, 0.71, 0.345693
0.8, 0.344722, 0.29, 0.71, 0.340944
0.8, 0.351264, 0.29, 0.71, 0.342863
0.8, 0.352542, 0.29, 0.71, 0.345017
0.8, 0.35409, 0.29, 0.71, 0.345502
0.8, 0.351919, 0.29, 0.71, 0.346906
0.8, 0.352203, 0.29, 0.71, 0.344819
0.8, 0.350174, 0.29, 0.71, 0.347829
0.8, 0.35639, 0.29, 0.71, 0.348703
0.8, 0.358745, 0.29, 0.71, 0.347616
0.8, 0.360541, 0.29, 0.71, 0.355515
0.8, 0.354848, 0.29, 0.71, 0.349694
0.8, 0.361494, 0.29, 0.71, 0.353655
0.8, 0.348878, 0.29, 0.71, 0.344426
0.8, 0.360484, 0.29, 0.71, 0.358669
0.8, 0.357496, 0.29, 0.71, 0.347683
0.8, 0.347, 0.29, 0.71, 0.34677
0.8, 0.352093, 0.29, 0.71, 0.346246
0.8, 0.350782, 0.29, 0.71, 0.345477
0.8, 0.354101, 0.29, 0.71, 0.350726
0.8, 0.350775, 0.29, 0.71, 0.34642
0.8, 0.349478, 0.29, 0.71, 0.345096
0.8, 0.349941, 0.29, 0.71, 0.341425
0.8, 0.377643, 0.3, 0.7, 0.368038
0.8, 0.36306, 0.3, 0.7, 0.353404
0.8, 0.359252, 0.3, 0.7, 0.358971
0.8, 0.385161, 0.3, 0.7, 0.370843
0.8, 0.377441, 0.3, 0.7, 0.37076
0.8, 0.378628, 0.3, 0.7, 0.368224
0.8, 0.369266, 0.3, 0.7, 0.361363
0.8, 0.364693, 0.3, 0.7, 0.358416
0.8, 0.371145, 0.3, 0.7, 0.366578
0.8, 0.369832, 0.3, 0.7, 0.366886
0.8, 0.359736, 0.3, 0.7, 0.355488
0.8, 0.364008, 0.3, 0.7, 0.358758
0.8, 0.36603, 0.3, 0.7, 0.362472
0.8, 0.361484, 0.3, 0.7, 0.359413
0.8, 0.380075, 0.3, 0.7, 0.371133
0.8, 0.367244, 0.3, 0.7, 0.361997
0.8, 0.364394, 0.3, 0.7, 0.366262
0.8, 0.364624, 0.3, 0.7, 0.36325
0.8, 0.371869, 0.3, 0.7, 0.361584
0.8, 0.36298, 0.3, 0.7, 0.363297
0.8, 0.374449, 0.3, 0.7, 0.375461
0.8, 0.369935, 0.3, 0.7, 0.357512
0.8, 0.375619, 0.3, 0.7, 0.368752
0.8, 0.381209, 0.3, 0.7, 0.370675
0.8, 0.370124, 0.3, 0.7, 0.361062
0.85, 0.156823, 0.15, 0.85, 0.157913
0.85, 0.154951, 0.15, 0.85, 0.152367
0.85, 0.153302, 0.15, 0.85, 0.15268
0.85, 0.157833, 0.15, 0.85, 0.159203
0.85, 0.150417, 0.15, 0.85, 0.149496
0.85, 0.155802, 0.15, 0.85, 0.151739
0.85, 0.159618, 0.15, 0.85, 0.1553
0.85, 0.158216, 0.15, 0.85, 0.15747
0.85, 0.154304, 0.15, 0.85, 0.152897
0.85, 0.157751, 0.15, 0.85, 0.155549
0.85, 0.154161, 0.15, 0.85, 0.15679
0.85, 0.16071, 0.15, 0.85, 0.157507
0.85, 0.152705, 0.15, 0.85, 0.153519
0.85, 0.15486, 0.15, 0.85, 0.156408
0.85, 0.14961, 0.15, 0.85, 0.150964
0.85, 0.159011, 0.15, 0.85, 0.157312
0.85, 0.155709, 0.15, 0.85, 0.151135
0.85, 0.158606, 0.15, 0.85, 0.155888
0.85, 0.158251, 0.15, 0.85, 0.157862
0.85, 0.157809, 0.15, 0.85, 0.153543
0.85, 0.159937, 0.15, 0.85, 0.155968
0.85, 0.155069, 0.15, 0.85, 0.154888
0.85, 0.163526, 0.15, 0.85, 0.159736
0.85, 0.157816, 0.15, 0.85, 0.157251
0.85, 0.155678, 0.15, 0.85, 0.149926
0.85, 0.165353, 0.16, 0.84, 0.165449
0.85, 0.169453, 0.16, 0.84, 0.16879
0.85, 0.170599, 0.16, 0.84, 0.168799
0.85, 0.173715, 0.16, 0.84, 0.168276
0.85, 0.164467, 0.16, 0.84, 0.163029
0.85, 0.171542, 0.16, 0.84, 0.170309
0.85, 0.166092, 0.16, 0.84, 0.163143
0.85, 0.163219, 0.16, 0.84, 0.167422
0.85, 0.170943, 0.16, 0.84, 0.169716
0.85, 0.169721, 0.16, 0.84, 0.168387
0.85, 0.168611, 0.16, 0.84, 0.167803
0.85, 0.168502, 0.16, 0.84, 0.166609
0.85, 0.165317, 0.16, 0.84, 0.164798
0.85, 0.166132, 0.16, 0.84, 0.164063
0.85, 0.163655, 0.16, 0.84, 0.160577
0.85, 0.169788, 0.16, 0.84, 0.165409
0.85, 0.166949, 0.16, 0.84, 0.167971
0.85, 0.168874, 0.16, 0.84, 0.166285
0.85, 0.176558, 0.16, 0.84, 0.172766
0.85, 0.174738, 0.16, 0.84, 0.168766
0.85, 0.169524, 0.16, 0.84, 0.168444
0.85, 0.168893, 0.16, 0.84, 0.161496
0.85, 0.168188, 0.16, 0.84, 0.169866
0.85, 0.16921, 0.16, 0.84, 0.169595
0.85, 0.170103, 0.16, 0.84, 0.166841
0.85, 0.184551, 0.17, 0.83, 0.181973
0.85, 0.179228, 0.17, 0.83, 0.177905
0.85, 0.182844, 0.17, 0.83, 0.181037
0.85, 0.172558, 0.17, 0.83, 0.173566
0.85, 0.17285, 0.17, 0.83, 0.180406
0.85, 0.183105, 0.17, 0.83, 0.182313
0.85, 0.182263, 0.17, 0.83, 0.179005
0.85, 0.181064, 0.17, 0.83, 0.18052
0.85, 0.1802, 0.17, 0.83, 0.177391
0.85, 0.178528, 0.17, 0.83, 0.179336
0.85, 0.182734, 0.17, 0.83, 0.181755
0.85, 0.187451, 0.17, 0.83, 0.187095
0.85, 0.186221, 0.17, 0.83, 0.188634
0.85, 0.184699, 0.17, 0.83, 0.180844
0.85, 0.182969, 0.17, 0.83, 0.182351
0.85, 0.188837, 0.17, 0.83, 0.182687
0.85, 0.173314, 0.17, 0.83, 0.176089
0.85, 0.17925, 0.17, 0.83, 0.181818
0.85, 0.179921, 0.17, 0.83, 0.176903
0.85, 0.178452, 0.17, 0.83, 0.178437
0.85, 0.178966, 0.17, 0.83, 0.178081
0.85, 0.180738, 0.17, 0.83, 0.178382
0.85, 0.181189, 0.17, 0.83, 0.180655
0.85, 0.180919, 0.17, 0.83, 0.180002
0.85, 0.179558, 0.17, 0.83, 0.180852
0.85, 0.19614, 0.18, 0.82, 0.191839
0.85, 0.192017, 0.18, 0.82, 0.189793
0.85, 0.193009, 0.18, 0.82, 0.192684
0.85, 0.195302, 0.18, 0.82, 0.190751
0.85, 0.192022, 0.18, 0.82, 0.194817
0.85, 0.192261, 0.18, 0.82, 0.193083
0.85, 0.196085, 0.18, 0.82, 0.195643
0.85, 0.198186, 0.18, 0.82, 0.193891
0.85, 0.19109, 0.18, 0.82, 0.191558
0.85, 0.18265, 0.18, 0.82, 0.185019
0.85, 0.18423, 0.18, 0.82, 0.184819
0.85, 0.193342, 0.18, 0.82, 0.192492
0.85, 0.197391, 0.18, 0.82, 0.194443
0.85, 0.198408, 0.18, 0.82, 0.19742
0.85, 0.195992, 0.18, 0.82, 0.194911
0.85, 0.19186, 0.18, 0.82, 0.189803
0.85, 0.187269, 0.18, 0.82, 0.185087
0.85, 0.193266, 0.18, 0.82, 0.193168
0.85, 0.20311, 0.18, 0.82, 0.193974
0.85, 0.195134, 0.18, 0.82, 0.195417
0.85, 0.196907, 0.18, 0.82, 0.198244
0.85, 0.206223, 0.18, 0.82, 0.199236
0.85, 0.200879, 0.18, 0.82, 0.19818
0.85, 0.190775, 0.18, 0.82, 0.194687
0.85, 0.191341, 0.18, 0.82, 0.189325
0.85, 0.213242, 0.19, 0.81, 0.212089
0.85, 0.202104, 0.19, 0.81, 0.202774
0.85, 0.204452, 0.19, 0.81, 0.206454
0.85, 0.207009, 0.19, 0.81, 0.202839
0.85, 0.202783, 0.19, 0.81, 0.199976
0.85, 0.206073, 0.19, 0.81, 0.206155
0.85, 0.208176, 0.19, 0.81, 0.208568
0.85, 0.203521, 0.19, 0.81, 0.202431
0.85, 0.213489, 0.19, 0.81, 0.211751
0.85, 0.206487, 0.19, 0.81, 0.204187
0.85, 0.208171, 0.19, 0.81, 0.204007
0.85, 0.213638, 0.19, 0.81, 0.211996
0.85, 0.212811, 0.19, 0.81, 0.205957
0.85, 0.196805, 0.19, 0.81, 0.200638
0.85, 0.215202, 0.19, 0.81, 0.205017
0.85, 0.209675, 0.19, 0.81, 0.207624
0.85, 0.214562, 0.19, 0.81, 0.207517
0.85, 0.20521, 0.19, 0.81, 0.204913
0.85, 0.213161, 0.19, 0.81, 0.210701
0.85, 0.208293, 0.19, 0.81, 0.212156
0.85, 0.20293, 0.19, 0.81, 0.20447
0.85, 0.211604, 0.19, 0.81, 0.210542
0.85, 0.215433, 0.19, 0.81, 0.216316
0.85, 0.214798, 0.19, 0.81, 0.215372
0.85, 0.20285, 0.19, 0.81, 0.205727
0.85, 0.217096, 0.2, 0.8, 0.219287
0.85, 0.229192, 0.2, 0.8, 0.216914
0.85, 0.224108, 0.2, 0.8, 0.224619
0.85, 0.219937, 0.2, 0.8, 0.217169
0.85, 0.224214, 0.2, 0.8, 0.223128
0.85, 0.219963, 0.2, 0.8, 0.219599
0.85, 0.222936, 0.2, 0.8, 0.218321
0.85, 0.220204, 0.2, 0.8, 0.215098
0.85, 0.217197, 0.2, 0.8, 0.219406
0.85, 0.212729, 0.2, 0.8, 0.210356
0.85, 0.222082, 0.2, 0.8, 0.222262
0.85, 0.233623, 0.2, 0.8, 0.225146
0.85, 0.228242, 0.2, 0.8, 0.226457
0.85, 0.21382, 0.2, 0.8, 0.216448
0.85, 0.216526, 0.2, 0.8, 0.210448
0.85, 0.218585, 0.2, 0.8, 0.219011
0.85, 0.216965, 0.2, 0.8, 0.21704
0.85, 0.227141, 0.2, 0.8, 0.222751
0.85, 0.214769, 0.2, 0.8, 0.215668
0.85, 0.220798, 0.2, 0.8, 0.220432
0.85, 0.22197, 0.2, 0.8, 0.216184
0.85, 0.219971, 0.2, 0.8, 0.216278
0.85, 0.216544, 0.2, 0.8, 0.212552
0.85, 0.22476, 0.2, 0.8, 0.222951
0.85, 0.218014, 0.2, 0.8, 0.215292
0.85, 0.231822, 0.21, 0.79, 0.22976
0.85, 0.230325, 0.21, 0.79, 0.228601
0.85, 0.233716, 0.21, 0.79, 0.235061
0.85, 0.231258, 0.21, 0.79, 0.231519
0.85, 0.231778, 0.21, 0.79, 0.227048
0.85, 0.237225, 0.21, 0.79, 0.233101
0.85, 0.236456, 0.21, 0.79, 0.228582
0.85, 0.240087, 0.21, 0.79, 0.233704
0.85, 0.239208, 0.21, 0.79, 0.236151
0.85, 0.237614, 0.21, 0.79, 0.239499
0.85, 0.231513, 0.21, 0.79, 0.228756
0.85, 0.237636, 0.21, 0.79, 0.231109
0.85, 0.235346, 0.21, 0.79, 0.237675
0.85, 0.23357, 0.21, 0.79, 0.228722
0.85, 0.23259, 0.21, 0.79, 0.231994
0.85, 0.23294, 0.21, 0.79, 0.236373
0.85, 0.226763, 0.21, 0.79, 0.230065
0.85, 0.240837, 0.21, 0.79, 0.236725
0.85, 0.24011, 0.21, 0.79, 0.236912
0.85, 0.241251, 0.21, 0.79, 0.232262
0.85, 0.231949, 0.21, 0.79, 0.225987
0.85, 0.24225, 0.21, 0.79, 0.241257
0.85, 0.243973, 0.21, 0.79, 0.237668
0.85, 0.239679, 0.21, 0.79, 0.244681
0.85, 0.240227, 0.21, 0.79, 0.239259
0.85, 0.246075, 0.22, 0.78, 0.243274
0.85, 0.248453, 0.22, 0.78, 0.247858
0.85, 0.242645, 0.22, 0.78, 0.24058
0.85, 0.240147, 0.22, 0.78, 0.243562
0.85, 0.243358, 0.22, 0.78, 0.239652
0.85, 0.245851, 0.22, 0.78, 0.24724
0.85, 0.266289, 0.22, 0.78, 0.258339
0.85, 0.248075, 0.22, 0.78, 0.246327
0.85, 0.255878, 0.22, 0.78, 0.251798
0.85, 0.245701, 0.22, 0.78, 0.248707
0.85, 0.245474, 0.22, 0.78, 0.24803
0.85, 0.250767, 0.22, 0.78, 0.249649
0.85, 0.247294, 0.22, 0.78, 0.250648
0.85, 0.24868, 0.22, 0.78, 0.247919
0.85, 0.257601, 0.22, 0.78, 0.257675
0.85, 0.243273, 0.22, 0.78, 0.242366
0.85, 0.245582, 0.22, 0.78, 0.244747
0.85, 0.249391, 0.22, 0.78, 0.244219
0.85, 0.247313, 0.22, 0.78, 0.249954
0.85, 0.244452, 0.22, 0.78, 0.246976
0.85, 0.245877, 0.22, 0.78, 0.242176
0.85, 0.245323, 0.22, 0.78, 0.247445
0.85, 0.256271, 0.22, 0.78, 0.252878
0.85, 0.252387, 0.22, 0.78, 0.247623
0.85, 0.254531, 0.22, 0.78, 0.250198
0.85, 0.266159, 0.23, 0.77, 0.267107
0.85, 0.263441, 0.23, 0.77, 0.259761
0.85, 0.256336, 0.23, 0.77, 0.260339
0.85, 0.260911, 0.23, 0.77, 0.264482
0.85, 0.270366, 0.23, 0.77, 0.265317
0.85, 0.279355, 0.23, 0.77, 0.267261
0.85, 0.265231, 0.23, 0.77, 0.261854
0.85, 0.275814, 0.23, 0.77, 0.265587
0.85, 0.261572, 0.23, 0.77, 0.264499
0.85, 0.270344, 0.23, 0.77, 0.264085
0.85, 0.25638, 0.23, 0.77, 0.257126
0.85, 0.261107, 0.23, 0.77, 0.257318
0.85, 0.264562, 0.23, 0.77, 0.261745
0.85, 0.257856, 0.23, 0.77, 0.254334
0.85, 0.270484, 0.23, 0.77, 0.267319
0.85, 0.267372, 0.23, 0.77, 0.26309
0.85, 0.264808, 0.23, 0.77, 0.263194
0.85, 0.266765, 0.23, 0.77, 0.26168
0.85, 0.271102, 0.23, 0.77, 0.264513
0.85, 0.253563, 0.23, 0.77, 0.257237
0.85, 0.266849, 0.23, 0.77, 0.259179
0.85, 0.26413, 0.23, 0.77, 0.254089
0.85, 0.249455, 0.23, 0.77, 0.250726
0.85, 0.274588, 0.23, 0.77, 0.26942
0.85, 0.274316, 0.23, 0.77, 0.262203
0.85, 0.270954, 0.24, 0.76, 0.266803
0.85, 0.280224, 0.24, 0.76, 0.276394
0.85, 0.280097, 0.24, 0.76, 0.279272
0.85, 0.273513, 0.24, 0.76, 0.274312
0.85, 0.287709, 0.24, 0.76, 0.281882
0.85, 0.271816, 0.24, 0.76, 0.270184
0.85, 0.282433, 0.24, 0.76, 0.279484
0.85, 0.279111, 0.24, 0.76, 0.275508
0.85, 0.277214, 0.24, 0.76, 0.273598
0.85, 0.271994, 0.24, 0.76, 0.273238
0.85, 0.28239, 0.24, 0.76, 0.272958
0.85, 0.277959, 0.24, 0.76, 0.277685
0.85, 0.27649, 0.24, 0.76, 0.272772
0.85, 0.289361, 0.24, 0.76, 0.285017
0.85, 0.271139, 0.24, 0.76, 0.27557
0.85, 0.285962, 0.24, 0.76, 0.277911
0.85, 0.27248, 0.24, 0.76, 0.275374
0.85, 0.272064, 0.24, 0.76, 0.273583
0.85, 0.273383, 0.24, 0.76, 0.274205
0.85, 0.274961, 0.24, 0.76, 0.274751
0.85, 0.272857, 0.24, 0.76, 0.274977
0.85, 0.280644, 0.24, 0.76, 0.278222
0.85, 0.287579, 0.24, 0.76, 0.281618
0.85, 0.270363, 0.24, 0.76, 0.273036
0.85, 0.281749, 0.24, 0.76, 0.279243
0.85, 0.297293, 0.25, 0.75, 0.294169
0.85, 0.298615, 0.25, 0.75, 0.292126
0.85, 0.293603, 0.25, 0.75, 0.290889
0.85, 0.305123, 0.25, 0.75, 0.301595
0.85, 0.296938, 0.25, 0.75, 0.297005
0.85, 0.292692, 0.25, 0.75, 0.289232
0.85, 0.29918, 0.25, 0.75, 0.294797
0.85, 0.287158, 0.25, 0.75, 0.287868
0.85, 0.300491, 0.25, 0.75, 0.299451
0.85, 0.304013, 0.25, 0.75, 0.302189
0.85, 0.302599, 0.25, 0.75, 0.293365
0.85, 0.284736, 0.25, 0.75, 0.289631
0.85, 0.302189, 0.25, 0.75, 0.299994
0.85, 0.292674, 0.25, 0.75, 0.284739
0.85, 0.295503, 0.25, 0.75, 0.293161
0.85, 0.284676, 0.25, 0.75, 0.286015
0.85, 0.302138, 0.25, 0.75, 0.301746
0.85, 0.299746, 0.25, 0.75, 0.29443
0.85, 0.295959, 0.25, 0.75, 0.293047
0.85, 0.286864, 0.25, 0.75, 0.286007
0.85, 0.292679, 0.25, 0.75, 0.292785
0.85, 0.301835, 0.25, 0.75, 0.298198
0.85, 0.284683, 0.25, 0.75, 0.280548
0.85, 0.298724, 0.25, 0.75, 0.302207
0.85, 0.281094, 0.25, 0.75, 0.283814
0.85, 0.308079, 0.26, 0.74, 0.307538
0.85, 0.30787, 0.26, 0.74, 0.303815
0.85, 0.314234, 0.26, 0.74, 0.311966
0.85, 0.307029, 0.26, 0.74, 0.300702
0.85, 0.308606, 0.26, 0.74, 0.304386
0.85, 0.309036, 0.26, 0.74, 0.307177
0.85, 0.316912, 0.26, 0.74, 0.311869
0.85, 0.329918, 0.26, 0.74, 0.31744
0.85, 0.302216, 0.26, 0.74, 0.29973
0.85, 0.308594, 0.26, 0.74, 0.304175
0.85, 0.318306, 0.26, 0.74, 0.309589
0.85, 0.311536, 0.26, 0.74, 0.310558
0.85, 0.31209, 0.26, 0.74, 0.307829
0.85, 0.300638, 0.26, 0.74, 0.3013
0.85, 0.319167, 0.26, 0.74, 0.317099
0.85, 0.307669, 0.26, 0.74, 0.310921
0.85, 0.313668, 0.26, 0.74, 0.312492
0.85, 0.316431, 0.26, 0.74, 0.3079
0.85, 0.318296, 0.26, 0.74, 0.308989
0.85, 0.302024, 0.26, 0.74, 0.301612
0.85, 0.306743, 0.26, 0.74, 0.307336
0.85, 0.308709, 0.26, 0.74, 0.306518
0.85, 0.311736, 0.26, 0.74, 0.306091
0.85, 0.298148, 0.26, 0.74, 0.304079
0.85, 0.294431, 0.26, 0.74, 0.297955
0.85, 0.313877, 0.27, 0.73, 0.314033
0.85, 0.325934, 0.27, 0.73, 0.322438
0.85, 0.329573, 0.27, 0.73, 0.326411
0.85, 0.34294, 0.27, 0.73, 0.332615
0.85, 0.331533, 0.27, 0.73, 0.327763
0.85, 0.330506, 0.27, 0.73, 0.325567
0.85, 0.323669, 0.27, 0.73, 0.322525
0.85, 0.327504, 0.27, 0.73, 0.324006
0.85, 0.318872, 0.27, 0.73, 0.318917
0.85, 0.32934, 0.27, 0.73, 0.321134
0.85, 0.326177, 0.27, 0.73, 0.319483
0.85, 0.327495, 0.27, 0.73, 0.326331
0.85, 0.33567, 0.27, 0.73, 0.328298
0.85, 0.310805, 0.27, 0.73, 0.313291
0.85, 0.325063, 0.27, 0.73, 0.316695
0.85, 0.336344, 0.27, 0.73, 0.325061
0.85, 0.327392, 0.27, 0.73, 0.327517
0.85, 0.338604, 0.27, 0.73, 0.32962
0.85, 0.324003, 0.27, 0.73, 0.325196
0.85, 0.304217, 0.27, 0.73, 0.310268
0.85, 0.334137, 0.27, 0.73, 0.328351
0.85, 0.325057, 0.27, 0.73, 0.319449
0.85, 0.332049, 0.27, 0.73, 0.329817
0.85, 0.323003, 0.27, 0.73, 0.315789
0.85, 0.325255, 0.27, 0.73, 0.324894
0.85, 0.348129, 0.28, 0.72, 0.336675
0.85, 0.346287, 0.28, 0.72, 0.336668
0.85, 0.342046, 0.28, 0.72, 0.342748
0.85, 0.341481, 0.28, 0.72, 0.338317
0.85, 0.333017, 0.28, 0.72, 0.331743
0.85, 0.344827, 0.28, 0.72, 0.343292
0.85, 0.351767, 0.28, 0.72, 0.344545
0.85, 0.35327, 0.28, 0.72, 0.344469
0.85, 0.340717, 0.28, 0.72, 0.33849
0.85, 0.348091, 0.28, 0.72, 0.344799
0.85, 0.347341, 0.28, 0.72, 0.344452
0.85, 0.341594, 0.28, 0.72, 0.34405
0.85, 0.340955, 0.28, 0.72, 0.336726
0.85, 0.35257, 0.28, 0.72, 0.346075
0.85, 0.346144, 0.28, 0.72, 0.349464
0.85, 0.338463, 0.28, 0.72, 0.338255
0.85, 0.351494, 0.28, 0.72, 0.345153
0.85, 0.331449, 0.28, 0.72, 0.3331
0.85, 0.341931, 0.28, 0.72, 0.340839
0.85, 0.351831, 0.28, 0.72, 0.346327
0.85, 0.347298, 0.28, 0.72, 0.340457
0.85, 0.350244, 0.28, 0.72, 0.348041
0.85, 0.343097, 0.28, 0.72, 0.337582
0.85, 0.3458, 0.28, 0.72, 0.332177
0.85, 0.333676, 0.28, 0.72, 0.329631
0.85, 0.357459, 0.29, 0.71, 0.351561
0.85, 0.372891, 0.29, 0.71, 0.366891
0.85, 0.370586, 0.29, 0.71, 0.362873
0.85, 0.359776, 0.29, 0.71, 0.353889
0.85, 0.347926, 0.29, 0.71, 0.34933
0.85, 0.352102, 0.29, 0.71, 0.343746
0.85, 0.360104, 0.29, 0.71, 0.36276
0.85, 0.360059, 0.29, 0.71, 0.353271
0.85, 0.361016, 0.29, 0.71, 0.360531
0.85, 0.359841, 0.29, 0.71, 0.361366
0.85, 0.349104, 0.29, 0.71, 0.342484
0.85, 0.362173, 0.29, 0.71, 0.359832
0.85, 0.356128, 0.29, 0.71, 0.351027
0.85, 0.363059, 0.29, 0.71, 0.357562
0.85, 0.362877, 0.29, 0.71, 0.357575
0.85, 0.354788, 0.29, 0.71, 0.34986
0.85, 0.35347, 0.29, 0.71, 0.35346
0.85, 0.361374, 0.29, 0.71, 0.358954
0.85, 0.363554, 0.29, 0.71, 0.35683
0.85, 0.360455, 0.29, 0.71, 0.358928
0.85, 0.354546, 0.29, 0.71, 0.349305
0.85, 0.364821, 0.29, 0.71, 0.360443
0.85, 0.34112, 0.29, 0.71, 0.34416
0.85, 0.359866, 0.29, 0.71, 0.35883
0.85, 0.359843, 0.29, 0.71, 0.356267
0.85, 0.373517, 0.3, 0.7, 0.371659
0.85, 0.380959, 0.3, 0.7, 0.37757
0.85, 0.372119, 0.3, 0.7, 0.369502
0.85, 0.377076, 0.3, 0.7, 0.364501
0.85, 0.372918, 0.3, 0.7, 0.366506
0.85, 0.380573, 0.3, 0.7, 0.37518
0.85, 0.386561, 0.3, 0.7, 0.373011
0.85, 0.377081, 0.3, 0.7, 0.371223
0.85, 0.380636, 0.3, 0.7, 0.374483
0.85, 0.362173, 0.3, 0.7, 0.360399
0.85, 0.374754, 0.3, 0.7, 0.369611
0.85, 0.36713, 0.3, 0.7, 0.366843
0.85, 0.366218, 0.3, 0.7, 0.370144
0.85, 0.365337, 0.3, 0.7, 0.368079
0.85, 0.377421, 0.3, 0.7, 0.377246
0.85, 0.372328, 0.3, 0.7, 0.368311
0.85, 0.388348, 0.3, 0.7, 0.383221
0.85, 0.387135, 0.3, 0.7, 0.37265
0.85, 0.379648, 0.3, 0.7, 0.370433
0.85, 0.378309, 0.3, 0.7, 0.368418
0.85, 0.367779, 0.3, 0.7, 0.366273
0.85, 0.371277, 0.3, 0.7, 0.370784
0.85, 0.371861, 0.3, 0.7, 0.369751
0.85, 0.373433, 0.3, 0.7, 0.368819
0.85, 0.371589, 0.3, 0.7, 0.372885
0.9, 0.164608, 0.15, 0.85, 0.161265
0.9, 0.164516, 0.15, 0.85, 0.161884
0.9, 0.162179, 0.15, 0.85, 0.158025
0.9, 0.158561, 0.15, 0.85, 0.161899
0.9, 0.156035, 0.15, 0.85, 0.158737
0.9, 0.171172, 0.15, 0.85, 0.164656
0.9, 0.157045, 0.15, 0.85, 0.157268
0.9, 0.164397, 0.15, 0.85, 0.16212
0.9, 0.158905, 0.15, 0.85, 0.162428
0.9, 0.159571, 0.15, 0.85, 0.157305
0.9, 0.158332, 0.15, 0.85, 0.158218
0.9, 0.162295, 0.15, 0.85, 0.163109
0.9, 0.167313, 0.15, 0.85, 0.163292
0.9, 0.165806, 0.15, 0.85, 0.163401
0.9, 0.16165, 0.15, 0.85, 0.160032
0.9, 0.158758, 0.15, 0.85, 0.163163
0.9, 0.16275, 0.15, 0.85, 0.163436
0.9, 0.161432, 0.15, 0.85, 0.164192
0.9, 0.162313, 0.15, 0.85, 0.159797
0.9, 0.173287, 0.15, 0.85, 0.164567
0.9, 0.157276, 0.15, 0.85, 0.156231
0.9, 0.162538, 0.15, 0.85, 0.162518
0.9, 0.163497, 0.15, 0.85, 0.162672
0.9, 0.161613, 0.15, 0.85, 0.160061
0.9, 0.164709, 0.15, 0.85, 0.161652
0.9, 0.175742, 0.16, 0.84, 0.17644
0.9, 0.174522, 0.16, 0.84, 0.17206
0.9, 0.173514, 0.16, 0.84, 0.177546
0.9, 0.178996, 0.16, 0.84, 0.175624
0.9, 0.171479, 0.16, 0.84, 0.169882
0.9, 0.171272, 0.16, 0.84, 0.16959
0.9, 0.175051, 0.16, 0.84, 0.171012
0.9, 0.178778, 0.16, 0.84, 0.175866
0.9, 0.169226, 0.16, 0.84, 0.171702
0.9, 0.178515, 0.16, 0.84, 0.175145
0.9, 0.177133, 0.16, 0.84, 0.175915
0.9, 0.178219, 0.16, 0.84, 0.173555
0.9, 0.17658, 0.16, 0.84, 0.175711
0.9, 0.168291, 0.16, 0.84, 0.169148
0.9, 0.183499, 0.16, 0.84, 0.180105
0.9, 0.173903, 0.16, 0.84, 0.173693
0.9, 0.171619, 0.16, 0.84, 0.16826
0.9, 0.171755, 0.16, 0.84, 0.171698
0.9, 0.160234, 0.16, 0.84, 0.164566
0.9, 0.176475, 0.16, 0.84, 0.176063
0.9, 0.172853, 0.16, 0.84, 0.169249
0.9, 0.183214, 0.16, 0.84, 0.181294
0.9, 0.17209, 0.16, 0.84, 0.174432
0.9, 0.175215, 0.16, 0.84, 0.174887
0.9, 0.173464, 0.16, 0.84, 0.171419
0.9, 0.178213, 0.17, 0.83, 0.186857
0.9, 0.187093, 0.17, 0.83, 0.187797
0.9, 0.192089, 0.17, 0.83, 0.187402
0.9, 0.192437, 0.17, 0.83, 0.186833
0.9, 0.187865, 0.17, 0.83, 0.185886
0.9, 0.190041, 0.17, 0.83, 0.183879
0.9, 0.185309, 0.17, 0.83, 0.187366
0.9, 0.193312, 0.17, 0.83, 0.188735
0.9, 0.194214, 0.17, 0.83, 0.190281
0.9, 0.18874, 0.17, 0.83, 0.186549
0.9, 0.187624, 0.17, 0.83, 0.187738
0.9, 0.189255, 0.17, 0.83, 0.185897
0.9, 0.183756, 0.17, 0.83, 0.186234
0.9, 0.18556, 0.17, 0.83, 0.184705
0.9, 0.186546, 0.17, 0.83, 0.18496
0.9, 0.189498, 0.17, 0.83, 0.186238
0.9, 0.188114, 0.17, 0.83, 0.188853
0.9, 0.189253, 0.17, 0.83, 0.186397
0.9, 0.183179, 0.17, 0.83, 0.183523
0.9, 0.183969, 0.17, 0.83, 0.182569
0.9, 0.190693, 0.17, 0.83, 0.189682
0.9, 0.179609, 0.17, 0.83, 0.180478
0.9, 0.181964, 0.17, 0.83, 0.181008
0.9, 0.190498, 0.17, 0.83, 0.188563
0.9, 0.183464, 0.17, 0.83, 0.184572
0.9, 0.20163, 0.18, 0.82, 0.200376
0.9, 0.205074, 0.18, 0.82, 0.206181
0.9, 0.199435, 0.18, 0.82, 0.199529
0.9, 0.201522, 0.18, 0.82, 0.201571
0.9, 0.199161, 0.18, 0.82, 0.199189
0.9, 0.196784, 0.18, 0.82, 0.197452
0.9, 0.196438, 0.18, 0.82, 0.195509
0.9, 0.204267, 0.18, 0.82, 0.205584
0.9, 0.196158, 0.18, 0.82, 0.193516
0.9, 0.206418, 0.18, 0.82, 0.202194
0.9, 0.201925, 0.18, 0.82, 0.198508
0.9, 0.193778, 0.18, 0.82, 0.191725
0.9, 0.201238, 0.18, 0.82, 0.199941
0.9, 0.196751, 0.18, 0.82, 0.199119
0.9, 0.201821, 0.18, 0.82, 0.199988
0.9, 0.198534, 0.18, 0.82, 0.197061
0.9, 0.196625, 0.18, 0.82, 0.195856
0.9, 0.205115, 0.18, 0.82, 0.202408
0.9, 0.201133, 0.18, 0.82, 0.198973
0.9, 0.198369, 0.18, 0.82, 0.194255
0.9, 0.207979, 0.18, 0.82, 0.203821
0.9, 0.198122, 0.18, 0.82, 0.195449
0.9, 0.202419, 0.18, 0.82, 0.199824
0.9, 0.198336, 0.18, 0.82, 0.199752
0.9, 0.199126, 0.18, 0.82, 0.198958
0.9, 0.21163, 0.19, 0.81, 0.209164
0.9, 0.220997, 0.19, 0.81, 0.216525
0.9, 0.215819, 0.19, 0.81, 0.214192
0.9, 0.211083, 0.19, 0.81, 0.20954
0.9, 0.214881, 0.19, 0.81, 0.214985
0.9, 0.214641, 0.19, 0.81, 0.209403
0.9, 0.207244, 0.19, 0.81, 0.205583
0.9, 0.222519, 0.19, 0.81, 0.222486
0.9, 0.212089, 0.19, 0.81, 0.20981
0.9, 0.202985, 0.19, 0.81, 0.203441
0.9, 0.212712, 0.19, 0.81, 0.215374
0.9, 0.216149, 0.19, 0.81, 0.211718
0.9, 0.214052, 0.19, 0.81, 0.212472
0.9, 0.216836, 0.19, 0.81, 0.213806
0.9, 0.212907, 0.19, 0.81, 0.214706
0.9, 0.211914, 0.19, 0.81, 0.211548
0.9, 0.209527, 0.19, 0.81, 0.207653
0.9, 0.211538, 0.19, 0.81, 0.209326
0.9, 0.212956, 0.19, 0.81, 0.214303
0.9, 0.217484, 0.19, 0.81, 0.216278
0.9, 0.215361, 0.19, 0.81, 0.215399
0.9, 0.210689, 0.19, 0.81, 0.208614
0.9, 0.21497, 0.19, 0.81, 0.212199
0.9, 0.214339, 0.19, 0.81, 0.21857
0.9, 0.213528, 0.19, 0.81, 0.21323
0.9, 0.227272, 0.2, 0.8, 0.230857
0.9, 0.21999, 0.2, 0.8, 0.222084
0.9, 0.230134, 0.2, 0.8, 0.230765
0.9, 0.225245, 0.2, 0.8, 0.225921
0.9, 0.226567, 0.2, 0.8, 0.226503
0.9, 0.231555, 0.2, 0.8, 0.23491
0.9, 0.224027, 0.2, 0.8, 0.225018
0.9, 0.221115, 0.2, 0.8, 0.226172
0.9, 0.226692, 0.2, 0.8, 0.226285
0.9, 0.229774, 0.2, 0.8, 0.23101
0.9, 0.226494, 0.2, 0.8, 0.225253
0.9, 0.233541, 0.2, 0.8, 0.230044
0.9, 0.228365, 0.2, 0.8, 0.2289
0.9, 0.236975, 0.2, 0.8, 0.233468
0.9, 0.217496, 0.2, 0.8, 0.221179
0.9, 0.226266, 0.2, 0.8, 0.225973
0.9, 0.233336, 0.2, 0.8, 0.22738
0.9, 0.227082, 0.2, 0.8, 0.232514
0.9, 0.217586, 0.2, 0.8, 0.222822
0.9, 0.218726, 0.2, 0.8, 0.219769
0.9, 0.222125, 0.2, 0.8, 0.224505
0.9, 0.22855, 0.2, 0.8, 0.22921
0.9, 0.226521, 0.2, 0.8, 0.225421
0.9, 0.219341, 0.2, 0.8, 0.221137
0.9, 0.213584, 0.2, 0.8, 0.217884
0.9, 0.238411, 0.21, 0.79, 0.237388
0.9, 0.24422, 0.21, 0.79, 0.246899
0.9, 0.246394, 0.21, 0.79, 0.247951
0.9, 0.23466, 0.21, 0.79, 0.235605
0.9, 0.245343, 0.21, 0.79, 0.242264
0.9, 0.241579, 0.21, 0.79, 0.244941
0.9, 0.250404, 0.21, 0.79, 0.243962
0.9, 0.241717, 0.21, 0.79, 0.239176
0.9, 0.234912, 0.21, 0.79, 0.237818
0.9, 0.245014, 0.21, 0.79, 0.239933
0.9, 0.24228, 0.21, 0.79, 0.241891
0.9, 0.235824, 0.21, 0.79, 0.238328
0.9, 0.229636, 0.21, 0.79, 0.229744
0.9, 0.236668, 0.21, 0.79, 0.241647
0.9, 0.242696, 0.21, 0.79, 0.238653
0.9, 0.243304, 0.21, 0.79, 0.244796
0.9, 0.228568, 0.21, 0.79, 0.236586
0.9, 0.239755, 0.21, 0.79, 0.237089
0.9, 0.233164, 0.21, 0.79, 0.233325
0.9, 0.248403, 0.21, 0.79, 0.242212
0.9, 0.244316, 0.21, 0.79, 0.244116
0.9, 0.240738, 0.21, 0.79, 0.236763
0.9, 0.245001, 0.21, 0.79, 0.242724
0.9, 0.244063, 0.21, 0.79, 0.244732
0.9, 0.243595, 0.21, 0.79, 0.242707
0.9, 0.247143, 0.22, 0.78, 0.247805
0.9, 0.255865, 0.22, 0.78, 0.255839
0.9, 0.260498, 0.22, 0.78, 0.258362
0.9, 0.263535, 0.22, 0.78, 0.260537
0.9, 0.251713, 0.22, 0.78, 0.252509
0.9, 0.259169, 0.22, 0.78, 0.25417
0.9, 0.253039, 0.22, 0.78, 0.253282
0.9, 0.26209, 0.22, 0.78, 0.2621
0.9, 0.259693, 0.22, 0.78, 0.261187
0.9, 0.257668, 0.22, 0.78, 0.255758
0.9, 0.267291, 0.22, 0.78, 0.261616
0.9, 0.251482, 0.22, 0.78, 0.257825
0.9, 0.25293, 0.22, 0.78, 0.254623
0.9, 0.256897, 0.22, 0.78, 0.254348
0.9, 0.261118, 0.22, 0.78, 0.260593
0.9, 0.259017, 0.22, 0.78, 0.258318
0.9, 0.262013, 0.22, 0.78, 0.255721
0.9, 0.256439, 0.22, 0.78, 0.253952
0.9, 0.257185, 0.22, 0.78, 0.256391
0.9, 0.253882, 0.22, 0.78, 0.25547
0.9, 0.253261, 0.22, 0.78, 0.250923
0.9, 0.264379, 0.22, 0.78, 0.256891
0.9, 0.255957, 0.22, 0.78, 0.257898
0.9, 0.257573, 0.22, 0.78, 0.255491
0.9, 0.249702, 0.22, 0.78, 0.247485
0.9, 0.270167, 0.23, 0.77, 0.27291
0.9, 0.267645, 0.23, 0.77, 0.268991
0.9, 0.274598, 0.23, 0.77, 0.271432
0.9, 0.281284, 0.23, 0.77, 0.280447
0.9, 0.275331, 0.23, 0.77, 0.273436
0.9, 0.267382, 0.23, 0.77, 0.268362
0.9, 0.262901, 0.23, 0.77, 0.266748
0.9, 0.263465, 0.23, 0.77, 0.266094
0.9, 0.266498, 0.23, 0.77, 0.264363
0.9, 0.28111, 0.23, 0.77, 0.279761
0.9, 0.274304, 0.23, 0.77, 0.273307
0.9, 0.279368, 0.23, 0.77, 0.272036
0.9, 0.261086, 0.23, 0.77, 0.264328
0.9, 0.270129, 0.23, 0.77, 0.269165
0.9, 0.266281, 0.23, 0.77, 0.267019
0.9, 0.27285, 0.23, 0.77, 0.275403
0.9, 0.278936, 0.23, 0.77, 0.271661
0.9, 0.279831, 0.23, 0.77, 0.275765
0.9, 0.271332, 0.23, 0.77, 0.269056
0.9, 0.268157, 0.23, 0.77, 0.267777
0.9, 0.272915, 0.23, 0.77, 0.275621
0.9, 0.272492, 0.23, 0.77, 0.266638
0.9, 0.270214, 0.23, 0.77, 0.266308
0.9, 0.26739, 0.23, 0.77, 0.26798
0.9, 0.246902, 0.23, 0.77, 0.25219
0.9, 0.294075, 0.24, 0.76, 0.290331
0.9, 0.289819, 0.24, 0.76, 0.283786
0.9, 0.287841, 0.24, 0.76, 0.284487
0.9, 0.289758, 0.24, 0.76, 0.289163
0.9, 0.290017, 0.24, 0.76, 0.287967
0.9, 0.285179, 0.24, 0.76, 0.284442
0.9, 0.297262, 0.24, 0.76, 0.292527
0.9, 0.287365, 0.24, 0.76, 0.280798
0.9, 0.273974, 0.24, 0.76, 0.278308
0.9, 0.294794, 0.24, 0.76, 0.295056
0.9, 0.283793, 0.24, 0.76, 0.282255
0.9, 0.288913, 0.24, 0.76, 0.286329
0.9, 0.280577, 0.24, 0.76, 0.286137
0.9, 0.271108, 0.24, 0.76, 0.27248
0.9, 0.28558, 0.24, 0.76, 0.286407
0.9, 0.281901, 0.24, 0.76, 0.277285
0.9, 0.291369, 0.24, 0.76, 0.28409
0.9, 0.29158, 0.24, 0.76, 0.288867
0.9, 0.282079, 0.24, 0.76, 0.279089
0.9, 0.283997, 0.24, 0.76, 0.2843
0.9, 0.281129, 0.24, 0.76, 0.280155
0.9, 0.284175, 0.24, 0.76, 0.285857
0.9, 0.292298, 0.24, 0.76, 0.288303
0.9, 0.282793, 0.24, 0.76, 0.279057
0.9, 0.296308, 0.24, 0.76, 0.291407
0.9, 0.294742, 0.25, 0.75, 0.294466
0.9, 0.291031, 0.25, 0.75, 0.292151
0.9, 0.30466, 0.25, 0.75, 0.303102
0.9, 0.294313, 0.25, 0.75, 0.297707
0.9, 0.28992, 0.25, 0.75, 0.292654
0.9, 0.310427, 0.25, 0.75, 0.30639
0.9, 0.305193, 0.25, 0.75, 0.304941
0.9, 0.292245, 0.25, 0.75, 0.297304
0.9, 0.304382, 0.25, 0.75, 0.299607
0.9, 0.295431, 0.25, 0.75, 0.296063
0.9, 0.296342, 0.25, 0.75, 0.301758
0.9, 0.303628, 0.25, 0.75, 0.302886
0.9, 0.295415, 0.25, 0.75, 0.295601
0.9, 0.294774, 0.25, 0.75, 0.294092
0.9, 0.29385, 0.25, 0.75, 0.288386
0.9, 0.301536, 0.25, 0.75, 0.3011
0.9, 0.2929, 0.25, 0.75, 0.295477
0.9, 0.301949, 0.25, 0.75, 0.302468
0.9, 0.300499, 0.25, 0.75, 0.301411
0.9, 0.298391, 0.25, 0.75, 0.29379
0.9, 0.309828, 0.25, 0.75, 0.299794
0.9, 0.300878, 0.25, 0.75, 0.293662
0.9, 0.299233, 0.25, 0.75, 0.293444
0.9, 0.305549, 0.25, 0.75, 0.304472
0.9, 0.305686, 0.25, 0.75, 0.305584
0.9, 0.315325, 0.26, 0.74, 0.310507
0.9, 0.312966, 0.26, 0.74, 0.312256
0.9, 0.316463, 0.26, 0.74, 0.314829
0.9, 0.314419, 0.26, 0.74, 0.313778
0.9, 0.3145, 0.26, 0.74, 0.312536
0.9, 0.316487, 0.26, 0.74, 0.31378
0.9, 0.309143, 0.26, 0.74, 0.31219
0.9, 0.327508, 0.26, 0.74, 0.324212
0.9, 0.311382, 0.26, 0.74, 0.312473
0.9, 0.313741, 0.26, 0.74, 0.315371
0.9, 0.315595, 0.26, 0.74, 0.313501
0.9, 0.310173, 0.26, 0.74, 0.309323
0.9, 0.315638, 0.26, 0.74, 0.31085
0.9, 0.319682, 0.26, 0.74, 0.317616
0.9, 0.318303, 0.26, 0.74, 0.316827
0.9, 0.315353, 0.26, 0.74, 0.314811
0.9, 0.316249, 0.26, 0.74, 0.308778
0.9, 0.318876, 0.26, 0.74, 0.316313
0.9, 0.321587, 0.26, 0.74, 0.314566
0.9, 0.308806, 0.26, 0.74, 0.308011
0.9, 0.318718, 0.26, 0.74, 0.319041
0.9, 0.312609, 0.26, 0.74, 0.309482
0.9, 0.316221, 0.26, 0.74, 0.310992
0.9, 0.315032, 0.26, 0.74, 0.316711
0.9, 0.312124, 0.26, 0.74, 0.309136
0.9, 0.338341, 0.27, 0.73, 0.33031
0.9, 0.322289, 0.27, 0.73, 0.327594
0.9, 0.326556, 0.27, 0.73, 0.32389
0.9, 0.330985, 0.27, 0.73, 0.338671
0.9, 0.325461, 0.27, 0.73, 0.322113
0.9, 0.328528, 0.27, 0.73, 0.327186
0.9, 0.329796, 0.27, 0.73, 0.329589
0.9, 0.325633, 0.27, 0.73, 0.323077
0.9, 0.325274, 0.27, 0.73, 0.325589
0.9, 0.326469, 0.27, 0.73, 0.328287
0.9, 0.333586, 0.27, 0.73, 0.333483
0.9, 0.340567, 0.27, 0.73, 0.329204
0.9, 0.336461, 0.27, 0.73, 0.329915
0.9, 0.338224, 0.27, 0.73, 0.33467
0.9, 0.329808, 0.27, 0.73, 0.327845
0.9, 0.326303, 0.27, 0.73, 0.330317
0.9, 0.330882, 0.27, 0.73, 0.331085
0.9, 0.334978, 0.27, 0.73, 0.329854
0.9, 0.329469, 0.27, 0.73, 0.328471
0.9, 0.331387, 0.27, 0.73, 0.326975
0.9, 0.334096, 0.27, 0.73, 0.334375
0.9, 0.334325, 0.27, 0.73, 0.329485
0.9, 0.332841, 0.27, 0.73, 0.327478
0.9, 0.337272, 0.27, 0.73, 0.33395
0.9, 0.326211, 0.27, 0.73, 0.330423
0.9, 0.345727, 0.28, 0.72, 0.34319
0.9, 0.344723, 0.28, 0.72, 0.344041
0.9, 0.352179, 0.28, 0.72, 0.347957
0.9, 0.340837, 0.28, 0.72, 0.342383
0.9, 0.351408, 0.28, 0.72, 0.346122
0.9, 0.354619, 0.28, 0.72, 0.346315
0.9, 0.360814, 0.28, 0.72, 0.357533
0.9, 0.343979, 0.28, 0.72, 0.344457
0.9, 0.342908, 0.28, 0.72, 0.339056
0.9, 0.35062, 0.28, 0.72, 0.347168
0.9, 0.348819, 0.28, 0.72, 0.346358
0.9, 0.359209, 0.28, 0.72, 0.349398
0.9, 0.333061, 0.28, 0.72, 0.33783
0.9, 0.354371, 0.28, 0.72, 0.355415
0.9, 0.340317, 0.28, 0.72, 0.333208
0.9, 0.350484, 0.28, 0.72, 0.351395
0.9, 0.344339, 0.28, 0.72, 0.340404
0.9, 0.34963, 0.28, 0.72, 0.348251
0.9, 0.347909, 0.28, 0.72, 0.34658
0.9, 0.339742, 0.28, 0.72, 0.340632
0.9, 0.340973, 0.28, 0.72, 0.341071
0.9, 0.336586, 0.28, 0.72, 0.331263
0.9, 0.334099, 0.28, 0.72, 0.338289
0.9, 0.34743, 0.28, 0.72, 0.3471
0.9, 0.336665, 0.28, 0.72, 0.337357
0.9, 0.356427, 0.29, 0.71, 0.355374
0.9, 0.360585, 0.29, 0.71, 0.35679
0.9, 0.365889, 0.29, 0.71, 0.36432
0.9, 0.37197, 0.29, 0.71, 0.367891
0.9, 0.367707, 0.29, 0.71, 0.362408
0.9, 0.371852, 0.29, 0.71, 0.373536
0.9, 0.369328, 0.29, 0.71, 0.366328
0.9, 0.367106, 0.29, 0.71, 0.366948
0.9, 0.36854, 0.29, 0.71, 0.365008
0.9, 0.366651, 0.29, 0.71, 0.365616
0.9, 0.370192, 0.29, 0.71, 0.363811
0.9, 0.377813, 0.29, 0.71, 0.365072
0.9, 0.362876, 0.29, 0.71, 0.361889
0.9, 0.372674, 0.29, 0.71, 0.36621
0.9, 0.369188, 0.29, 0.71, 0.361612
0.9, 0.366478, 0.29, 0.71, 0.362753
0.9, 0.359492, 0.29, 0.71, 0.356321
0.9, 0.371747, 0.29, 0.71, 0.360246
0.9, 0.365424, 0.29, 0.71, 0.365737
0.9, 0.374135, 0.29, 0.71, 0.363475
0.9, 0.363133, 0.29, 0.71, 0.362912
0.9, 0.357913, 0.29, 0.71, 0.356775
0.9, 0.359196, 0.29, 0.71, 0.353321
0.9, 0.36104, 0.29, 0.71, 0.356525
0.9, 0.367764, 0.29, 0.71, 0.369006
0.9, 0.367255, 0.3, 0.7, 0.371482
0.9, 0.379726, 0.3, 0.7, 0.377604
0.9, 0.38052, 0.3, 0.7, 0.374362
0.9, 0.367291, 0.3, 0.7, 0.373357
0.9, 0.38923, 0.3, 0.7, 0.384976
0.9, 0.375938, 0.3, 0.7, 0.37532
0.9, 0.381847, 0.3, 0.7, 0.376669
0.9, 0.388725, 0.3, 0.7, 0.385844
0.9, 0.372424, 0.3, 0.7, 0.373811
0.9, 0.369497, 0.3, 0.7, 0.36581
0.9, 0.375057, 0.3, 0.7, 0.375288
0.9, 0.385706, 0.3, 0.7, 0.384939
0.9, 0.384213, 0.3, 0.7, 0.383009
0.9, 0.383028, 0.3, 0.7, 0.378458
0.9, 0.385934, 0.3, 0.7, 0.38279
0.9, 0.376679, 0.3, 0.7, 0.370683
0.9, 0.390435, 0.3, 0.7, 0.388037
0.9, 0.373042, 0.3, 0.7, 0.373903
0.9, 0.400266, 0.3, 0.7, 0.396376
0.9, 0.389753, 0.3, 0.7, 0.381433
0.9, 0.378567, 0.3, 0.7, 0.374148
0.9, 0.386912, 0.3, 0.7, 0.381528
0.9, 0.377775, 0.3, 0.7, 0.371926
0.9, 0.378306, 0.3, 0.7, 0.374207
0.9, 0.384614, 0.3, 0.7, 0.37835
0.95, 0.162426, 0.15, 0.85, 0.163732
0.95, 0.176251, 0.15, 0.85, 0.171489
0.95, 0.164457, 0.15, 0.85, 0.165311
0.95, 0.169846, 0.15, 0.85, 0.167909
0.95, 0.166342, 0.15, 0.85, 0.165736
0.95, 0.163041, 0.15, 0.85, 0.161674
0.95, 0.164565, 0.15, 0.85, 0.165959
0.95, 0.164724, 0.15, 0.85, 0.164642
0.95, 0.171716, 0.15, 0.85, 0.16639
0.95, 0.163518, 0.15, 0.85, 0.164391
0.95, 0.164669, 0.15, 0.85, 0.160361
0.95, 0.166771, 0.15, 0.85, 0.166781
0.95, 0.163127, 0.15, 0.85, 0.167588
0.95, 0.175135, 0.15, 0.85, 0.171739
0.95, 0.162789, 0.15, 0.85, 0.162517
0.95, 0.156861, 0.15, 0.85, 0.160863
0.95, 0.170293, 0.15, 0.85, 0.166686
0.95, 0.158928, 0.15, 0.85, 0.161394
0.95, 0.167216, 0.15, 0.85, 0.163214
0.95, 0.170161, 0.15, 0.85, 0.16591
0.95, 0.168454, 0.15, 0.85, 0.162428
0.95, 0.17027, 0.15, 0.85, 0.168274
0.95, 0.164278, 0.15, 0.85, 0.167044
0.95, 0.162886, 0.15, 0.85, 0.165008
0.95, 0.168774, 0.15, 0.85, 0.165621
0.95, 0.185217, 0.16, 0.84, 0.18111
0.95, 0.176623, 0.16, 0.84, 0.176265
0.95, 0.185212, 0.16, 0.84, 0.183546
0.95, 0.174348, 0.16, 0.84, 0.175104
0.95, 0.18522, 0.16, 0.84, 0.184826
0.95, 0.173919, 0.16, 0.84, 0.175278
0.95, 0.181281, 0.16, 0.84, 0.179501
0.95, 0.179962, 0.16, 0.84, 0.17723
0.95, 0.177824, 0.16, 0.84, 0.176165
0.95, 0.180686, 0.16, 0.84, 0.179998
0.95, 0.177398, 0.16, 0.84, 0.179959
0.95, 0.1866, 0.16, 0.84, 0.186694
0.95, 0.177328, 0.16, 0.84, 0.178982
0.95, 0.175395, 0.16, 0.84, 0.179553
0.95, 0.187405, 0.16, 0.84, 0.180616
0.95, 0.176368, 0.16, 0.84, 0.181933
0.95, 0.179293, 0.16, 0.84, 0.181802
0.95, 0.182676, 0.16, 0.84, 0.181547
0.95, 0.18531, 0.16, 0.84, 0.182371
0.95, 0.176587, 0.16, 0.84, 0.176623
0.95, 0.178254, 0.16, 0.84, 0.178953
0.95, 0.182706, 0.16, 0.84, 0.182672
0.95, 0.181047, 0.16, 0.84, 0.183474
0.95, 0.179974, 0.16, 0.84, 0.181243
0.95, 0.182172, 0.16, 0.84, 0.183456
0.95, 0.193108, 0.17, 0.83, 0.194468
0.95, 0.186882, 0.17, 0.83, 0.183704
0.95, 0.20429, 0.17, 0.83, 0.200921
0.95, 0.191976, 0.17, 0.83, 0.192847
0.95, 0.192183, 0.17, 0.83, 0.195448
0.95, 0.193702, 0.17, 0.83, 0.192638
0.95, 0.196939, 0.17, 0.83, 0.195552
0.95, 0.189946, 0.17, 0.83, 0.188513
0.95, 0.189638, 0.17, 0.83, 0.191186
0.95, 0.193856, 0.17, 0.83, 0.189394
0.95, 0.188961, 0.17, 0.83, 0.192858
0.95, 0.198007, 0.17, 0.83, 0.192088
0.95, 0.199217, 0.17, 0.83, 0.198179
0.95, 0.190184, 0.17, 0.83, 0.194153
0.95, 0.196977, 0.17, 0.83, 0.194742
0.95, 0.18533, 0.17, 0.83, 0.186631
0.95, 0.195264, 0.17, 0.83, 0.195398
0.95, 0.190456, 0.17, 0.83, 0.193786
0.95, 0.186903, 0.17, 0.83, 0.190925
0.95, 0.194003, 0.17, 0.83, 0.189621
0.95, 0.191407, 0.17, 0.83, 0.18699
0.95, 0.183599, 0.17, 0.83, 0.187536
0.95, 0.186832, 0.17, 0.83, 0.188657
0.95, 0.200886, 0.17, 0.83, 0.199271
0.95, 0.192508, 0.17, 0.83, 0.191167
0.95, 0.212535, 0.18, 0.82, 0.214092
0.95, 0.20388, 0.18, 0.82, 0.202163
0.95, 0.204028, 0.18, 0.82, 0.199377
0.95, 0.20264, 0.18, 0.82, 0.204132
0.95, 0.205289, 0.18, 0.82, 0.204323
0.95, 0.201983, 0.18, 0.82, 0.203526
0.95, 0.205465, 0.18, 0.82, 0.203907
0.95, 0.203573, 0.18, 0.82, 0.207005
0.95, 0.208049, 0.18, 0.82, 0.209202
0.95, 0.202756, 0.18, 0.82, 0.205022
0.95, 0.202789, 0.18, 0.82, 0.201602
0.95, 0.200768, 0.18, 0.82, 0.201998
0.95, 0.209339, 0.18, 0.82, 0.206715
0.95, 0.204668, 0.18, 0.82, 0.204249
0.95, 0.206043, 0.18, 0.82, 0.204466
0.95, 0.205949, 0.18, 0.82, 0.205351
0.95, 0.201467, 0.18, 0.82, 0.206088
0.95, 0.204045, 0.18, 0.82, 0.207726
0.95, 0.206152, 0.18, 0.82, 0.207507
0.95, 0.205921, 0.18, 0.82, 0.208157
0.95, 0.208427, 0.18, 0.82, 0.206631
0.95, 0.199457, 0.18, 0.82, 0.200469
0.95, 0.197044, 0.18, 0.82, 0.195182
0.95, 0.204432, 0.18, 0.82, 0.201132
0.95, 0.202417, 0.18, 0.82, 0.198566
0.95, 0.219403, 0.19, 0.81, 0.217348
0.95, 0.213408, 0.19, 0.81, 0.214155
0.95, 0.2201, 0.19, 0.81, 0.216963
0.95, 0.214342, 0.19, 0.81, 0.216624
0.95, 0.210619, 0.19, 0.81, 0.213707
0.95, 0.216846, 0.19, 0.81, 0.213608
0.95, 0.214391, 0.19, 0.81, 0.215637
0.95, 0.228829, 0.19, 0.81, 0.222474
0.95, 0.217479, 0.19, 0.81, 0.213129
0.95, 0.22013, 0.19, 0.81, 0.220052
0.95, 0.214552, 0.19, 0.81, 0.21849
0.95, 0.232373, 0.19, 0.81, 0.221491
0.95, 0.224829, 0.19, 0.81, 0.225484
0.95, 0.21591, 0.19, 0.81, 0.214401
0.95, 0.222591, 0.19, 0.81, 0.216702
0.95, 0.214859, 0.19, 0.81, 0.21844
0.95, 0.221468, 0.19, 0.81, 0.218577
0.95, 0.214834, 0.19, 0.81, 0.215876
0.95, 0.219513, 0.19, 0.81, 0.223643
0.95, 0.219152, 0.19, 0.81, 0.218877
0.95, 0.214386, 0.19, 0.81, 0.219644
0.95, 0.211701, 0.19, 0.81, 0.213077
0.95, 0.218371, 0.19, 0.81, 0.219579
0.95, 0.230786, 0.19, 0.81, 0.228469
0.95, 0.221401, 0.19, 0.81, 0.220044
0.95, 0.23031, 0.2, 0.8, 0.233034
0.95, 0.233789, 0.2, 0.8, 0.227041
0.95, 0.231502, 0.2, 0.8, 0.229521
0.95, 0.236743, 0.2, 0.8, 0.234822
0.95, 0.241324, 0.2, 0.8, 0.238373
0.95, 0.235746, 0.2, 0.8, 0.231398
0.95, 0.238606, 0.2, 0.8, 0.237189
0.95, 0.227117, 0.2, 0.8, 0.22741
0.95, 0.233894, 0.2, 0.8, 0.232522
0.95, 0.236019, 0.2, 0.8, 0.232008
0.95, 0.230035, 0.2, 0.8, 0.233763
0.95, 0.233327, 0.2, 0.8, 0.230949
0.95, 0.221206, 0.2, 0.8, 0.229095
0.95, 0.231599, 0.2, 0.8, 0.235062
0.95, 0.23646, 0.2, 0.8, 0.234295
0.95, 0.226564, 0.2, 0.8, 0.224655
0.95, 0.229968, 0.2, 0.8, 0.234446
0.95, 0.232611, 0.2, 0.8, 0.231777
0.95, 0.238825, 0.2, 0.8, 0.239611
0.95, 0.231056, 0.2, 0.8, 0.231771
0.95, 0.237845, 0.2, 0.8, 0.232324
0.95, 0.237083, 0.2, 0.8, 0.235475
0.95, 0.238223, 0.2, 0.8, 0.234248
0.95, 0.231215, 0.2, 0.8, 0.231885
0.95, 0.239688, 0.2, 0.8, 0.23489
0.95, 0.249442, 0.21, 0.79, 0.24917
0.95, 0.243675, 0.21, 0.79, 0.241107
0.95, 0.239896, 0.21, 0.79, 0.24331
0.95, 0.250029, 0.21, 0.79, 0.249368
0.95, 0.243313, 0.21, 0.79, 0.237545
0.95, 0.238765, 0.21, 0.79, 0.241228
0.95, 0.244099, 0.21, 0.79, 0.239614
0.95, 0.244635, 0.21, 0.79, 0.244382
0.95, 0.243923, 0.21, 0.79, 0.247204
0.95, 0.252945, 0.21, 0.79, 0.249472
0.95, 0.258534, 0.21, 0.79, 0.257108
0.95, 0.241538, 0.21, 0.79, 0.24762
0.95, 0.249832, 0.21, 0.79, 0.249493
0.95, 0.252953, 0.21, 0.79, 0.253843
0.95, 0.239069, 0.21, 0.79, 0.239648
0.95, 0.25827, 0.21, 0.79, 0.249581
0.95, 0.254013, 0.21, 0.79, 0.253006
0.95, 0.252332, 0.21, 0.79, 0.24997
0.95, 0.250876, 0.21, 0.79, 0.248309
0.95, 0.240515, 0.21, 0.79, 0.24157
0.95, 0.252035, 0.21, 0.79, 0.245026
0.95, 0.255861, 0.21, 0.79, 0.250743
0.95, 0.246052, 0.21, 0.79, 0.246953
0.95, 0.248601, 0.21, 0.79, 0.245552
0.95, 0.239226, 0.21, 0.79, 0.243962
0.95, 0.263438, 0.22, 0.78, 0.259762
0.95, 0.250553, 0.22, 0.78, 0.255641
0.95, 0.257636, 0.22, 0.78, 0.257473
0.95, 0.256136, 0.22, 0.78, 0.25388
0.95, 0.257079, 0.22, 0.78, 0.254973
0.95, 0.257666, 0.22, 0.78, 0.256587
0.95, 0.268715, 0.22, 0.78, 0.267413
0.95, 0.262107, 0.22, 0.78, 0.264108
0.95, 0.260343, 0.22, 0.78, 0.261928
0.95, 0.260194, 0.22, 0.78, 0.258955
0.95, 0.259433, 0.22, 0.78, 0.260946
0.95, 0.264574, 0.22, 0.78, 0.258617
0.95, 0.259316, 0.22, 0.78, 0.260017
0.95, 0.259273, 0.22, 0.78, 0.263309
0.95, 0.262715, 0.22, 0.78, 0.262228
0.95, 0.263474, 0.22, 0.78, 0.267199
0.95, 0.269562, 0.22, 0.78, 0.264717
0.95, 0.259214, 0.22, 0.78, 0.262765
0.95, 0.265925, 0.22, 0.78, 0.260639
0.95, 0.260354, 0.22, 0.78, 0.259763
0.95, 0.256612, 0.22, 0.78, 0.256576
0.95, 0.258313, 0.22, 0.78, 0.261407
0.95, 0.253112, 0.22, 0.78, 0.257849
0.95, 0.252711, 0.22, 0.78, 0.257937
0.95, 0.268361, 0.22, 0.78, 0.265376
0.95, 0.279942, 0.23, 0.77, 0.277415
0.95, 0.28115, 0.23, 0.77, 0.272377
0.95, 0.270488, 0.23, 0.77, 0.267326
0.95, 0.271929, 0.23, 0.77, 0.273754
0.95, 0.273343, 0.23, 0.77, 0.272666
0.95, 0.278587, 0.23, 0.77, 0.274214
0.95, 0.277424, 0.23, 0.77, 0.276741
0.95, 0.279575, 0.23, 0.77, 0.280112
0.95, 0.274038, 0.23, 0.77, 0.273366
0.95, 0.279945, 0.23, 0.77, 0.27851
0.95, 0.28024, 0.23, 0.77, 0.272682
0.95, 0.271333, 0.23, 0.77, 0.271183
0.95, 0.281215, 0.23, 0.77, 0.282552
0.95, 0.277748, 0.23, 0.77, 0.282591
0.95, 0.268804, 0.23, 0.77, 0.269543
0.95, 0.269277, 0.23, 0.77, 0.266226
0.95, 0.269167, 0.23, 0.77, 0.270457
0.95, 0.277501, 0.23, 0.77, 0.272372
0.95, 0.283876, 0.23, 0.77, 0.283392
0.95, 0.276705, 0.23, 0.77, 0.278174
0.95, 0.279665, 0.23, 0.77, 0.277068
0.95, 0.285343, 0.23, 0.77, 0.283923
0.95, 0.274958, 0.23, 0.77, 0.271689
0.95, 0.282205, 0.23, 0.77, 0.280612
0.95, 0.276346, 0.23, 0.77, 0.275748
0.95, 0.287277, 0.24, 0.76, 0.286368
0.95, 0.290863, 0.24, 0.76, 0.291354
0.95, 0.286648, 0.24, 0.76, 0.283979
0.95, 0.286157, 0.24, 0.76, 0.289272
0.95, 0.289025, 0.24, 0.76, 0.288431
0.95, 0.29154, 0.24, 0.76, 0.292972
0.95, 0.28512, 0.24, 0.76, 0.286104
0.95, 0.296644, 0.24, 0.76, 0.295324
0.95, 0.289153, 0.24, 0.76, 0.291795
0.95, 0.283681, 0.24, 0.76, 0.286452
0.95, 0.289228, 0.24, 0.76, 0.286692
0.95, 0.299985, 0.24, 0.76, 0.299215
0.95, 0.285444, 0.24, 0.76, 0.285388
0.95, 0.299497, 0.24, 0.76, 0.291299
0.95, 0.280992, 0.24, 0.76, 0.284192
0.95, 0.29227, 0.24, 0.76, 0.286974
0.95, 0.293851, 0.24, 0.76, 0.295029
0.95, 0.286571, 0.24, 0.76, 0.288327
0.95, 0.291767, 0.24, 0.76, 0.291964
0.95, 0.289619, 0.24, 0.76, 0.290443
0.95, 0.292261, 0.24, 0.76, 0.289438
0.95, 0.29728, 0.24, 0.76, 0.289555
0.95, 0.28372, 0.24, 0.76, 0.289574
0.95, 0.294485, 0.24, 0.76, 0.294004
0.95, 0.293883, 0.24, 0.76, 0.292451
0.95, 0.31509, 0.25, 0.75, 0.305355
0.95, 0.315013, 0.25, 0.75, 0.313179
0.95, 0.303286, 0.25, 0.75, 0.305246
0.95, 0.301415, 0.25, 0.75, 0.305329
0.95, 0.314241, 0.25, 0.75, 0.305721
0.95, 0.302692, 0.25, 0.75, 0.305251
0.95, 0.309907, 0.25, 0.75, 0.306985
0.95, 0.291678, 0.25, 0.75, 0.299775
0.95, 0.313252, 0.25, 0.75, 0.31307
0.95, 0.302529, 0.25, 0.75, 0.303451
0.95, 0.3045, 0.25, 0.75, 0.305686
0.95, 0.297693, 0.25, 0.75, 0.301907
0.95, 0.30995, 0.25, 0.75, 0.31154
0.95, 0.308248, 0.25, 0.75, 0.306039
0.95, 0.309238, 0.25, 0.75, 0.305837
0.95, 0.309129, 0.25, 0.75, 0.304302
0.95, 0.310421, 0.25, 0.75, 0.31308
0.95, 0.300875, 0.25, 0.75, 0.303875
0.95, 0.307735, 0.25, 0.75, 0.311015
0.95, 0.297879, 0.25, 0.75, 0.302424
0.95, 0.311955, 0.25, 0.75, 0.305279
0.95, 0.310332, 0.25, 0.75, 0.309821
0.95, 0.305145, 0.25, 0.75, 0.30427
0.95, 0.308944, 0.25, 0.75, 0.305907
0.95, 0.304967, 0.25, 0.75, 0.306804
0.95, 0.327017, 0.26, 0.74, 0.327845
0.95, 0.319123, 0.26, 0.74, 0.315786
0.95, 0.320623, 0.26, 0.74, 0.316848
0.95, 0.328441, 0.26, 0.74, 0.32191
0.95, 0.322695, 0.26, 0.74, 0.322376
0.95, 0.33615, 0.26, 0.74, 0.328642
0.95, 0.321588, 0.26, 0.74, 0.32376
0.95, 0.321545, 0.26, 0.74, 0.323032
0.95, 0.322752, 0.26, 0.74, 0.325574
0.95, 0.317045, 0.26, 0.74, 0.318576
0.95, 0.316744, 0.26, 0.74, 0.320013
0.95, 0.31607, 0.26, 0.74, 0.315454
0.95, 0.32304, 0.26, 0.74, 0.31872
0.95, 0.315896, 0.26, 0.74, 0.310776
0.95, 0.315165, 0.26, 0.74, 0.320924
0.95, 0.325956, 0.26, 0.74, 0.327257
0.95, 0.318307, 0.26, 0.74, 0.317817
0.95, 0.32203, 0.26, 0.74, 0.324239
0.95, 0.32213, 0.26, 0.74, 0.322751
0.95, 0.331191, 0.26, 0.74, 0.323697
0.95, 0.324523, 0.26, 0.74, 0.324201
0.95, 0.320677, 0.26, 0.74, 0.316588
0.95, 0.312922, 0.26, 0.74, 0.310821
0.95, 0.319865, 0.26, 0.74, 0.321429
0.95, 0.323079, 0.26, 0.74, 0.327327
0.95, 0.333459, 0.27, 0.73, 0.33134
0.95, 0.346698, 0.27, 0.73, 0.344705
0.95, 0.335444, 0.27, 0.73, 0.331742
0.95, 0.34361, 0.27, 0.73, 0.340246
0.95, 0.342405, 0.27, 0.73, 0.341046
0.95, 0.336633, 0.27, 0.73, 0.336582
0.95, 0.338881, 0.27, 0.73, 0.33806
0.95, 0.344231, 0.27, 0.73, 0.345996
0.95, 0.341032, 0.27, 0.73, 0.339277
0.95, 0.326877, 0.27, 0.73, 0.326562
0.95, 0.33921, 0.27, 0.73, 0.339783
0.95, 0.320253, 0.27, 0.73, 0.322436
0.95, 0.334687, 0.27, 0.73, 0.332431
0.95, 0.338194, 0.27, 0.73, 0.339902
0.95, 0.335972, 0.27, 0.73, 0.333569
0.95, 0.329378, 0.27, 0.73, 0.33327
0.95, 0.337303, 0.27, 0.73, 0.336053
0.95, 0.324456, 0.27, 0.73, 0.323595
0.95, 0.336107, 0.27, 0.73, 0.333626
0.95, 0.337553, 0.27, 0.73, 0.341146
0.95, 0.347451, 0.27, 0.73, 0.339112
0.95, 0.333701, 0.27, 0.73, 0.332552
0.95, 0.331932, 0.27, 0.73, 0.329965
0.95, 0.318944, 0.27, 0.73, 0.32548
0.95, 0.349475, 0.27, 0.73, 0.340492
0.95, 0.35059, 0.28, 0.72, 0.350585
0.95, 0.343253, 0.28, 0.72, 0.345998
0.95, 0.35444, 0.28, 0.72, 0.352016
0.95, 0.357261, 0.28, 0.72, 0.354262
0.95, 0.3542, 0.28, 0.72, 0.356696
0.95, 0.345005, 0.28, 0.72, 0.345845
0.95, 0.355841, 0.28, 0.72, 0.353989
0.95, 0.352394, 0.28, 0.72, 0.349456
0.95, 0.335219, 0.28, 0.72, 0.342685
0.95, 0.354855, 0.28, 0.72, 0.356659
0.95, 0.355894, 0.28, 0.72, 0.351638
0.95, 0.347545, 0.28, 0.72, 0.346252
0.95, 0.353202, 0.28, 0.72, 0.351831
0.95, 0.360892, 0.28, 0.72, 0.354777
0.95, 0.363277, 0.28, 0.72, 0.354391
0.95, 0.364763, 0.28, 0.72, 0.358737
0.95, 0.348211, 0.28, 0.72, 0.354035
0.95, 0.345219, 0.28, 0.72, 0.345207
0.95, 0.354631, 0.28, 0.72, 0.352975
0.95, 0.353281, 0.28, 0.72, 0.353955
0.95, 0.3595, 0.28, 0.72, 0.364211
0.95, 0.352949, 0.28, 0.72, 0.356427
0.95, 0.364258, 0.28, 0.72, 0.361292
0.95, 0.343226, 0.28, 0.72, 0.347058
0.95, 0.346688, 0.28, 0.72, 0.350235
0.95, 0.369681, 0.29, 0.71, 0.369827
0.95, 0.366806, 0.29, 0.71, 0.367172
0.95, 0.367421, 0.29, 0.71, 0.37037
0.95, 0.370696, 0.29, 0.71, 0.372726
0.95, 0.364969, 0.29, 0.71, 0.360789
0.95, 0.365954, 0.29, 0.71, 0.367017
0.95, 0.36635, 0.29, 0.71, 0.371107
0.95, 0.368774, 0.29, 0.71, 0.367118
0.95, 0.368183, 0.29, 0.71, 0.368777
0.95, 0.362461, 0.29, 0.71, 0.364716
0.95, 0.360935, 0.29, 0.71, 0.359407
0.95, 0.36732, 0.29, 0.71, 0.361664
0.95, 0.371809, 0.29, 0.71, 0.369661
0.95, 0.367818, 0.29, 0.71, 0.368448
0.95, 0.367313, 0.29, 0.71, 0.36878
0.95, 0.358589, 0.29, 0.71, 0.364469
0.95, 0.381708, 0.29, 0.71, 0.375105
0.95, 0.378837, 0.29, 0.71, 0.375541
0.95, 0.361719, 0.29, 0.71, 0.358424
0.95, 0.378401, 0.29, 0.71, 0.374888
0.95, 0.383149, 0.29, 0.71, 0.37375
0.95, 0.371988, 0.29, 0.71, 0.37174
0.95, 0.354053, 0.29, 0.71, 0.353994
0.95, 0.367659, 0.29, 0.71, 0.365783
0.95, 0.377291, 0.29, 0.71, 0.3739
0.95, 0.383711, 0.3, 0.7, 0.389164
0.95, 0.401862, 0.3, 0.7, 0.399322
0.95, 0.392108, 0.3, 0.7, 0.382143
0.95, 0.383046, 0.3, 0.7, 0.38729
0.95, 0.389254, 0.3, 0.7, 0.390476
0.95, 0.379605, 0.3, 0.7, 0.374902
0.95, 0.389237, 0.3, 0.7, 0.378764
0.95, 0.375328, 0.3, 0.7, 0.381518
0.95, 0.399164, 0.3, 0.7, 0.391834
0.95, 0.398183, 0.3, 0.7, 0.390829
0.95, 0.387228, 0.3, 0.7, 0.385273
0.95, 0.391039, 0.3, 0.7, 0.381201
0.95, 0.391945, 0.3, 0.7, 0.380729
0.95, 0.383762, 0.3, 0.7, 0.382278
0.95, 0.396612, 0.3, 0.7, 0.393927
0.95, 0.38131, 0.3, 0.7, 0.379119
0.95, 0.379886, 0.3, 0.7, 0.382831
0.95, 0.38431, 0.3, 0.7, 0.381544
0.95, 0.390844, 0.3, 0.7, 0.386293
0.95, 0.391048, 0.3, 0.7, 0.385828
0.95, 0.393039, 0.3, 0.7, 0.385642
0.95, 0.394772, 0.3, 0.7, 0.389516
0.95, 0.392975, 0.3, 0.7, 0.390155
0.95, 0.379402, 0.3, 0.7, 0.378961
0.95, 0.399668, 0.3, 0.7, 0.393849
1, 0.180338, 0.15, 0.85, 0.177116
1, 0.168888, 0.15, 0.85, 0.167874
1, 0.171442, 0.15, 0.85, 0.168704
1, 0.163897, 0.15, 0.85, 0.16861
1, 0.171214, 0.15, 0.85, 0.173276
1, 0.169638, 0.15, 0.85, 0.168231
1, 0.163956, 0.15, 0.85, 0.166114
1, 0.178757, 0.15, 0.85, 0.176504
1, 0.167648, 0.15, 0.85, 0.170893
1, 0.167557, 0.15, 0.85, 0.17053
1, 0.170597, 0.15, 0.85, 0.170729
1, 0.169289, 0.15, 0.85, 0.170908
1, 0.173103, 0.15, 0.85, 0.17369
1, 0.166992, 0.15, 0.85, 0.172127
1, 0.178219, 0.15, 0.85, 0.17612
1, 0.165742, 0.15, 0.85, 0.171337
1, 0.169122, 0.15, 0.85, 0.172589
1, 0.165983, 0.15, 0.85, 0.166071
1, 0.161509, 0.15, 0.85, 0.165466
1, 0.163655, 0.15, 0.85, 0.167632
1, 0.164878, 0.15, 0.85, 0.163477
1, 0.175189, 0.15, 0.85, 0.175106
1, 0.179429, 0.15, 0.85, 0.180625
1, 0.167205, 0.15, 0.85, 0.172495
1, 0.168586, 0.15, 0.85, 0.1729
1, 0.182299, 0.16, 0.84, 0.185136
1, 0.18605, 0.16, 0.84, 0.184347
1, 0.184354, 0.16, 0.84, 0.183693
1, 0.179587, 0.16, 0.84, 0.182769
1, 0.18931, 0.16, 0.84, 0.189178
1, 0.192818, 0.16, 0.84, 0.1875
1, 0.18175, 0.16, 0.84, 0.183245
1, 0.188979, 0.16, 0.84, 0.185682
1, 0.189144, 0.16, 0.84, 0.186326
1, 0.188329, 0.16, 0.84, 0.186274
1, 0.18777, 0.16, 0.84, 0.187673
1, 0.181738, 0.16, 0.84, 0.186268
1, 0.187766, 0.16, 0.84, 0.187486
1, 0.180832, 0.16, 0.84, 0.181959
1, 0.187979, 0.16, 0.84, 0.186453
1, 0.185092, 0.16, 0.84, 0.182096
1, 0.183162, 0.16, 0.84, 0.181246
1, 0.184757, 0.16, 0.84, 0.186521
1, 0.18836, 0.16, 0.84, 0.18757
1, 0.184993, 0.16, 0.84, 0.184224
1, 0.178581, 0.16, 0.84, 0.182593
1, 0.186447, 0.16, 0.84, 0.187605
1, 0.178725, 0.16, 0.84, 0.179972
1, 0.177986, 0.16, 0.84, 0.178776
1, 0.181567, 0.16, 0.84, 0.180134
1, 0.201413, 0.17, 0.83, 0.199574
1, 0.20003, 0.17, 0.83, 0.199627
1, 0.201052, 0.17, 0.83, 0.198857
1, 0.200263, 0.17, 0.83, 0.197664
1, 0.191848, 0.17, 0.83, 0.191262
1, 0.195895, 0.17, 0.83, 0.196729
1, 0.19407, 0.17, 0.83, 0.192375
1, 0.202245, 0.17, 0.83, 0.199212
1, 0.19131, 0.17, 0.83, 0.194052
1, 0.193073, 0.17, 0.83, 0.194043
1, 0.190858, 0.17, 0.83, 0.188865
1, 0.195416, 0.17, 0.83, 0.195203
1, 0.200986, 0.17, 0.83, 0.199766
1, 0.195608, 0.17, 0.83, 0.198562
1, 0.201251, 0.17, 0.83, 0.203919
1, 0.19668, 0.17, 0.83, 0.197345
1, 0.198166, 0.17, 0.83, 0.198899
1, 0.199789, 0.17, 0.83, 0.198637
1, 0.201412, 0.17, 0.83, 0.197739
1, 0.208282, 0.17, 0.83, 0.206977
1, 0.195256, 0.17, 0.83, 0.196271
1, 0.197364, 0.17, 0.83, 0.196612
1, 0.196879, 0.17, 0.83, 0.19382
1, 0.196122, 0.17, 0.83, 0.199777
1, 0.197212, 0.17, 0.83, 0.195105
1, 0.214939, 0.18, 0.82, 0.214714
1, 0.213862, 0.18, 0.82, 0.214336
1, 0.207347, 0.18, 0.82, 0.211218
1, 0.207495, 0.18, 0.82, 0.211099
1, 0.212449, 0.18, 0.82, 0.214593
1, 0.214606, 0.18, 0.82, 0.216187
1, 0.217867, 0.18, 0.82, 0.215329
1, 0.210964, 0.18, 0.82, 0.208297
1, 0.202831, 0.18, 0.82, 0.208069
1, 0.212425, 0.18, 0.82, 0.213867
1, 0.219154, 0.18, 0.82, 0.216384
1, 0.213461, 0.18, 0.82, 0.213038
1, 0.209058, 0.18, 0.82, 0.210542
1, 0.215774, 0.18, 0.82, 0.211427
1, 0.215111, 0.18, 0.82, 0.216842
1, 0.206143, 0.18, 0.82, 0.21128
1, 0.207882, 0.18, 0.82, 0.207953
1, 0.209134, 0.18, 0.82, 0.208362
1, 0.208149, 0.18, 0.82, 0.206574
1, 0.20775, 0.18, 0.82, 0.210961
1, 0.218737, 0.18, 0.82, 0.21121
1, 0.206665, 0.18, 0.82, 0.21037
1, 0.198884, 0.18, 0.82, 0.2101
1, 0.200048, 0.18, 0.82, 0.206175
1, 0.213423, 0.18, 0.82, 0.211616
1, 0.21956, 0.19, 0.81, 0.222353
1, 0.217341, 0.19, 0.81, 0.221185
1, 0.223028, 0.19, 0.81, 0.221602
1, 0.220918, 0.19, 0.81, 0.224769
1, 0.223336, 0.19, 0.81, 0.220561
1, 0.239615, 0.19, 0.81, 0.233154
1, 0.220146, 0.19, 0.81, 0.220484
1, 0.222917, 0.19, 0.81, 0.226364
1, 0.219101, 0.19, 0.81, 0.224321
1, 0.222734, 0.19, 0.81, 0.224305
1, 0.226711, 0.19, 0.81, 0.222667
1, 0.229555, 0.19, 0.81, 0.226242
1, 0.233826, 0.19, 0.81, 0.233119
1, 0.222666, 0.19, 0.81, 0.226071
1, 0.218321, 0.19, 0.81, 0.221959
1, 0.219296, 0.19, 0.81, 0.218169
1, 0.216322, 0.19, 0.81, 0.218052
1, 0.225465, 0.19, 0.81, 0.22814
1, 0.216415, 0.19, 0.81, 0.219218
1, 0.228276, 0.19, 0.81, 0.228162
1, 0.213732, 0.19, 0.81, 0.219465
1, 0.220893, 0.19, 0.81, 0.222918
1, 0.223686, 0.19, 0.81, 0.226336
1, 0.221322, 0.19, 0.81, 0.225462
1, 0.224486, 0.19, 0.81, 0.222591
1, 0.240808, 0.2, 0.8, 0.240429
1, 0.237824, 0.2, 0.8, 0.243529
1, 0.234493, 0.2, 0.8, 0.235582
1, 0.239652, 0.2, 0.8, 0.240201
1, 0.23589, 0.2, 0.8, 0.230842
1, 0.237335, 0.2, 0.8, 0.24076
1, 0.228025, 0.2, 0.8, 0.229439
1, 0.240443, 0.2, 0.8, 0.242033
1, 0.239162, 0.2, 0.8, 0.235537
1, 0.239188, 0.2, 0.8, 0.238005
1, 0.236597, 0.2, 0.8, 0.235399
1, 0.240198, 0.2, 0.8, 0.240992
1, 0.234772, 0.2, 0.8, 0.233196
1, 0.234282, 0.2, 0.8, 0.236596
1, 0.240538, 0.2, 0.8, 0.241351
1, 0.236893, 0.2, 0.8, 0.240668
1, 0.241228, 0.2, 0.8, 0.242024
1, 0.239588, 0.2, 0.8, 0.244312
1, 0.241302, 0.2, 0.8, 0.243312
1, 0.235955, 0.2, 0.8, 0.238522
1, 0.238601, 0.2, 0.8, 0.240179
1, 0.240802, 0.2, 0.8, 0.239745
1, 0.24142, 0.2, 0.8, 0.241822
1, 0.235482, 0.2, 0.8, 0.234105
1, 0.241871, 0.2, 0.8, 0.24037
1, 0.252482, 0.21, 0.79, 0.257433
1, 0.251533, 0.21, 0.79, 0.256507
1, 0.252443, 0.21, 0.79, 0.251186
1, 0.25873, 0.21, 0.79, 0.257536
1, 0.265816, 0.21, 0.79, 0.25772
1, 0.254356, 0.21, 0.79, 0.254154
1, 0.24769, 0.21, 0.79, 0.249082
1, 0.257186, 0.21, 0.79, 0.255403
1, 0.245684, 0.21, 0.79, 0.250573
1, 0.25366, 0.21, 0.79, 0.25214
1, 0.253012, 0.21, 0.79, 0.250075
1, 0.247014, 0.21, 0.79, 0.246599
1, 0.252712, 0.21, 0.79, 0.259023
1, 0.251744, 0.21, 0.79, 0.256034
1, 0.253025, 0.21, 0.79, 0.258444
1, 0.249414, 0.21, 0.79, 0.255147
1, 0.247327, 0.21, 0.79, 0.254089
1, 0.256427, 0.21, 0.79, 0.253302
1, 0.26029, 0.21, 0.79, 0.258012
1, 0.248526, 0.21, 0.79, 0.244305
1, 0.259509, 0.21, 0.79, 0.256901
1, 0.247112, 0.21, 0.79, 0.248326
1, 0.251595, 0.21, 0.79, 0.254383
1, 0.257528, 0.21, 0.79, 0.2577
1, 0.252626, 0.21, 0.79, 0.255547
1, 0.271029, 0.22, 0.78, 0.278024
1, 0.276041, 0.22, 0.78, 0.275799
1, 0.275336, 0.22, 0.78, 0.27509
1, 0.262548, 0.22, 0.78, 0.265691
1, 0.262004, 0.22, 0.78, 0.263533
1, 0.261366, 0.22, 0.78, 0.266451
1, 0.260684, 0.22, 0.78, 0.263542
1, 0.267129, 0.22, 0.78, 0.267882
1, 0.26826, 0.22, 0.78, 0.264242
1, 0.274761, 0.22, 0.78, 0.269894
1, 0.264617, 0.22, 0.78, 0.267774
1, 0.273544, 0.22, 0.78, 0.275685
1, 0.271055, 0.22, 0.78, 0.27224
1, 0.262342, 0.22, 0.78, 0.262087
1, 0.265193, 0.22, 0.78, 0.270441
1, 0.26435, 0.22, 0.78, 0.264572
1, 0.267415, 0.22, 0.78, 0.262284
1, 0.266274, 0.22, 0.78, 0.26745
1, 0.263554, 0.22, 0.78, 0.261351
1, 0.264483, 0.22, 0.78, 0.263423
1, 0.260899, 0.22, 0.78, 0.262812
1, 0.257, 0.22, 0.78, 0.258861
1, 0.275373, 0.22, 0.78, 0.267548
1, 0.263312, 0.22, 0.78, 0.266222
1, 0.265832, 0.22, 0.78, 0.266326
1, 0.285493, 0.23, 0.77, 0.281073
1, 0.279274, 0.23, 0.77, 0.283146
1, 0.284514, 0.23, 0.77, 0.283858
1, 0.28209, 0.23, 0.77, 0.283211
1, 0.270797, 0.23, 0.77, 0.27182
1, 0.274685, 0.23, 0.77, 0.279737
1, 0.27308, 0.23, 0.77, 0.274594
1, 0.285582, 0.23, 0.77, 0.283867
1, 0.285366, 0.23, 0.77, 0.278988
1, 0.290408, 0.23, 0.77, 0.28681
1, 0.283809, 0.23, 0.77, 0.283258
1, 0.278359, 0.23, 0.77, 0.27829
1, 0.278563, 0.23, 0.77, 0.280017
1, 0.278511, 0.23, 0.77, 0.278531
1, 0.268123, 0.23, 0.77, 0.271168
1, 0.281865, 0.23, 0.77, 0.281656
1, 0.277811, 0.23, 0.77, 0.276427
1, 0.279517, 0.23, 0.77, 0.284476
1, 0.280355, 0.23, 0.77, 0.280249
1, 0.288429, 0.23, 0.77, 0.286941
1, 0.279931, 0.23, 0.77, 0.277838
1, 0.283886, 0.23, 0.77, 0.286307
1, 0.282926, 0.23, 0.77, 0.285071
1, 0.28341, 0.23, 0.77, 0.281311
1, 0.281839, 0.23, 0.77, 0.278287
1, 0.298402, 0.24, 0.76, 0.297801
1, 0.292441, 0.24, 0.76, 0.294571
1, 0.295776, 0.24, 0.76, 0.297729
1, 0.295609, 0.24, 0.76, 0.293896
1, 0.301299, 0.24, 0.76, 0.296806
1, 0.289141, 0.24, 0.76, 0.290843
1, 0.301339, 0.24, 0.76, 0.301346
1, 0.296264, 0.24, 0.76, 0.297872
1, 0.289287, 0.24, 0.76, 0.292599
1, 0.295572, 0.24, 0.76, 0.295442
1, 0.289138, 0.24, 0.76, 0.297634
1, 0.291878, 0.24, 0.76, 0.293716
1, 0.287512, 0.24, 0.76, 0.292749
1, 0.289433, 0.24, 0.76, 0.292451
1, 0.295794, 0.24, 0.76, 0.294996
1, 0.291788, 0.24, 0.76, 0.294799
1, 0.293598, 0.24, 0.76, 0.29072
1, 0.302635, 0.24, 0.76, 0.29739
1, 0.289582, 0.24, 0.76, 0.292155
1, 0.304264, 0.24, 0.76, 0.29977
1, 0.293861, 0.24, 0.76, 0.293748
1, 0.301905, 0.24, 0.76, 0.298027
1, 0.292727, 0.24, 0.76, 0.295459
1, 0.298909, 0.24, 0.76, 0.293643
1, 0.300024, 0.24, 0.76, 0.297716
1, 0.306435, 0.25, 0.75, 0.309051
1, 0.30889, 0.25, 0.75, 0.306937
1, 0.306147, 0.25, 0.75, 0.311406
1, 0.310562, 0.25, 0.75, 0.314015
1, 0.301102, 0.25, 0.75, 0.305972
1, 0.314254, 0.25, 0.75, 0.30763
1, 0.310226, 0.25, 0.75, 0.308563
1, 0.314696, 0.25, 0.75, 0.313506
1, 0.297761, 0.25, 0.75, 0.308526
1, 0.301466, 0.25, 0.75, 0.309587
1, 0.312796, 0.25, 0.75, 0.313079
1, 0.315862, 0.25, 0.75, 0.314148
1, 0.305601, 0.25, 0.75, 0.306573
1, 0.311791, 0.25, 0.75, 0.314433
1, 0.308156, 0.25, 0.75, 0.309223
1, 0.303698, 0.25, 0.75, 0.305929
1, 0.317976, 0.25, 0.75, 0.310867
1, 0.311376, 0.25, 0.75, 0.308719
1, 0.314332, 0.25, 0.75, 0.311377
1, 0.303548, 0.25, 0.75, 0.307941
1, 0.310029, 0.25, 0.75, 0.311865
1, 0.309728, 0.25, 0.75, 0.309166
1, 0.31602, 0.25, 0.75, 0.315224
1, 0.301685, 0.25, 0.75, 0.303633
1, 0.307743, 0.25, 0.75, 0.309787
1, 0.3266, 0.26, 0.74, 0.328322
1, 0.335466, 0.26, 0.74, 0.331575
1, 0.321171, 0.26, 0.74, 0.326955
1, 0.323973, 0.26, 0.74, 0.328108
1, 0.322287, 0.26, 0.74, 0.323485
1, 0.324091, 0.26, 0.74, 0.323143
1, 0.325983, 0.26, 0.74, 0.328685
1, 0.316102, 0.26, 0.74, 0.321529
1, 0.324245, 0.26, 0.74, 0.331015
1, 0.324664, 0.26, 0.74, 0.329572
1, 0.333614, 0.26, 0.74, 0.329207
1, 0.327945, 0.26, 0.74, 0.326514
1, 0.329585, 0.26, 0.74, 0.329224
1, 0.327258, 0.26, 0.74, 0.326865
1, 0.334908, 0.26, 0.74, 0.334595
1, 0.330115, 0.26, 0.74, 0.327582
1, 0.325358, 0.26, 0.74, 0.323996
1, 0.325367, 0.26, 0.74, 0.326564
1, 0.320751, 0.26, 0.74, 0.320124
1, 0.331035, 0.26, 0.74, 0.328319
1, 0.329947, 0.26, 0.74, 0.329108
1, 0.324854, 0.26, 0.74, 0.329151
1, 0.316852, 0.26, 0.74, 0.31911
1, 0.325564, 0.26, 0.74, 0.32357
1, 0.324867, 0.26, 0.74, 0.326662
1, 0.36181, 0.27, 0.73, 0.352502
1, 0.336015, 0.27, 0.73, 0.342532
1, 0.344935, 0.27, 0.73, 0.344652
1, 0.343258, 0.27, 0.73, 0.338997
1, 0.344987, 0.27, 0.73, 0.346302
1, 0.351025, 0.27, 0.73, 0.34556
1, 0.337238, 0.27, 0.73, 0.335069
1, 0.350641, 0.27, 0.73, 0.344611
1, 0.345382, 0.27, 0.73, 0.343835
1, 0.33531, 0.27, 0.73, 0.339062
1, 0.341871, 0.27, 0.73, 0.346276
1, 0.339103, 0.27, 0.73, 0.339853
1, 0.349239, 0.27, 0.73, 0.349211
1, 0.342566, 0.27, 0.73, 0.344648
1, 0.340752, 0.27, 0.73, 0.334935
1, 0.338132, 0.27, 0.73, 0.335934
1, 0.34086, 0.27, 0.73, 0.34254
1, 0.337746, 0.27, 0.73, 0.335779
1, 0.343347, 0.27, 0.73, 0.347218
1, 0.339312, 0.27, 0.73, 0.343635
1, 0.345209, 0.27, 0.73, 0.349582
1, 0.340271, 0.27, 0.73, 0.340356
1, 0.339221, 0.27, 0.73, 0.340105
1, 0.340718, 0.27, 0.73, 0.344092
1, 0.349277, 0.27, 0.73, 0.344563
1, 0.368565, 0.28, 0.72, 0.364515
1, 0.362512, 0.28, 0.72, 0.359414
1, 0.350519, 0.28, 0.72, 0.355316
1, 0.36724, 0.28, 0.72, 0.364273
1, 0.362135, 0.28, 0.72, 0.356875
1, 0.356899, 0.28, 0.72, 0.356354
1, 0.379183, 0.28, 0.72, 0.370256
1, 0.360104, 0.28, 0.72, 0.360131
1, 0.356199, 0.28, 0.72, 0.358376
1, 0.353115, 0.28, 0.72, 0.35532
1, 0.366831, 0.28, 0.72, 0.362664
1, 0.36867, 0.28, 0.72, 0.36724
1, 0.349672, 0.28, 0.72, 0.354282
1, 0.363554, 0.28, 0.72, 0.3594
1, 0.357444, 0.28, 0.72, 0.358815
1, 0.361329, 0.28, 0.72, 0.359159
1, 0.369921, 0.28, 0.72, 0.370144
1, 0.364278, 0.28, 0.72, 0.359521
1, 0.346283, 0.28, 0.72, 0.351167
1, 0.362653, 0.28, 0.72, 0.363173
1, 0.350168, 0.28, 0.72, 0.352825
1, 0.357486, 0.28, 0.72, 0.35918
1, 0.360698, 0.28, 0.72, 0.361529
1, 0.361184, 0.28, 0.72, 0.356868
1, 0.369107, 0.28, 0.72, 0.362269
1, 0.372625, 0.29, 0.71, 0.373188
1, 0.373881, 0.29, 0.71, 0.37953
1, 0.386525, 0.29, 0.71, 0.382013
1, 0.37562, 0.29, 0.71, 0.377199
1, 0.372846, 0.29, 0.71, 0.369186
1, 0.371846, 0.29, 0.71, 0.373296
1, 0.38012, 0.29, 0.71, 0.384205
1, 0.368114, 0.29, 0.71, 0.371242
1, 0.384269, 0.29, 0.71, 0.38061
1, 0.368258, 0.29, 0.71, 0.372345
1, 0.374434, 0.29, 0.71, 0.372084
1, 0.384193, 0.29, 0.71, 0.382458
1, 0.366802, 0.29, 0.71, 0.373021
1, 0.368955, 0.29, 0.71, 0.365586
1, 0.392442, 0.29, 0.71, 0.386055
1, 0.37009, 0.29, 0.71, 0.37304
1, 0.365944, 0.29, 0.71, 0.365217
1, 0.375151, 0.29, 0.71, 0.372991
1, 0.364647, 0.29, 0.71, 0.365046
1, 0.372136, 0.29, 0.71, 0.371617
1, 0.376698, 0.29, 0.71, 0.377758
1, 0.378434, 0.29, 0.71, 0.3759
1, 0.364803, 0.29, 0.71, 0.36545
1, 0.373689, 0.29, 0.71, 0.372642
1, 0.382102, 0.29, 0.71, 0.378553
1, 0.389325, 0.3, 0.7, 0.390755
1, 0.397144, 0.3, 0.7, 0.390107
1, 0.399032, 0.3, 0.7, 0.396664
1, 0.39698, 0.3, 0.7, 0.401109
1, 0.401221, 0.3, 0.7, 0.398823
1, 0.388986, 0.3, 0.7, 0.390292
1, 0.392777, 0.3, 0.7, 0.394097
1, 0.392498, 0.3, 0.7, 0.391725
1, 0.386486, 0.3, 0.7, 0.38427
1, 0.39802, 0.3, 0.7, 0.39338
1, 0.385585, 0.3, 0.7, 0.38441
1, 0.397752, 0.3, 0.7, 0.391304
1, 0.399448, 0.3, 0.7, 0.397097
1, 0.389854, 0.3, 0.7, 0.39084
1, 0.396897, 0.3, 0.7, 0.390073
1, 0.388284, 0.3, 0.7, 0.393493
1, 0.393477, 0.3, 0.7, 0.39611
1, 0.380644, 0.3, 0.7, 0.38185
1, 0.394867, 0.3, 0.7, 0.394205
1, 0.385384, 0.3, 0.7, 0.382738
1, 0.398167, 0.3, 0.7, 0.394675
1, 0.397659, 0.3, 0.7, 0.393906
1, 0.388375, 0.3, 0.7, 0.385142
1, 0.402012, 0.3, 0.7, 0.398683
1, 0.388591, 0.3, 0.7, 0.39248
