# B5 Gamma Dynamic Simulation Results
# Strategy schedule: schedules/schedule_b5_pure_selfish_gamma.txt
# Gamma schedule: schedules/gamma_schedule_rapid.txt
# Hash rate range: 0.15 - 0.3 (15% - 30%) in 0.01 increments
InitialGamma, Miner0_ProfitFraction, Miner0_HashRate, Miner1_HashRate, Miner0_BlockFraction
0.95, 0.156731, 0.15, 0.85, 0.15906
0.95, 0.154746, 0.15, 0.85, 0.1568
0.95, 0.159778, 0.15, 0.85, 0.157196
0.95, 0.158902, 0.15, 0.85, 0.161761
0.95, 0.160002, 0.15, 0.85, 0.159042
0.95, 0.156136, 0.15, 0.85, 0.156019
0.95, 0.155138, 0.15, 0.85, 0.157132
0.95, 0.153762, 0.15, 0.85, 0.158707
0.95, 0.149521, 0.15, 0.85, 0.1531
0.95, 0.162857, 0.15, 0.85, 0.163769
0.95, 0.161623, 0.15, 0.85, 0.157795
0.95, 0.154604, 0.15, 0.85, 0.155373
0.95, 0.155272, 0.15, 0.85, 0.157701
0.95, 0.154366, 0.15, 0.85, 0.157829
0.95, 0.15559, 0.15, 0.85, 0.157407
0.95, 0.160579, 0.15, 0.85, 0.160931
0.95, 0.159088, 0.15, 0.85, 0.157468
0.95, 0.160243, 0.15, 0.85, 0.164341
0.95, 0.158865, 0.15, 0.85, 0.158669
0.95, 0.155434, 0.15, 0.85, 0.154167
0.95, 0.154593, 0.15, 0.85, 0.154614
0.95, 0.153521, 0.15, 0.85, 0.159449
0.95, 0.159771, 0.15, 0.85, 0.156635
0.95, 0.157012, 0.15, 0.85, 0.159059
0.95, 0.162683, 0.15, 0.85, 0.161546
0.95, 0.166716, 0.16, 0.84, 0.165228
0.95, 0.170237, 0.16, 0.84, 0.174309
0.95, 0.169901, 0.16, 0.84, 0.168866
0.95, 0.171221, 0.16, 0.84, 0.169241
0.95, 0.175598, 0.16, 0.84, 0.170886
0.95, 0.173707, 0.16, 0.84, 0.171698
0.95, 0.174652, 0.16, 0.84, 0.174667
0.95, 0.170294, 0.16, 0.84, 0.165998
0.95, 0.179436, 0.16, 0.84, 0.176491
0.95, 0.1717, 0.16, 0.84, 0.17327
0.95, 0.167785, 0.16, 0.84, 0.167156
0.95, 0.164513, 0.16, 0.84, 0.1668
0.95, 0.171647, 0.16, 0.84, 0.169932
0.95, 0.174847, 0.16, 0.84, 0.169674
0.95, 0.168929, 0.16, 0.84, 0.172465
0.95, 0.175422, 0.16, 0.84, 0.175506
0.95, 0.167955, 0.16, 0.84, 0.170003
0.95, 0.17367, 0.16, 0.84, 0.174036
0.95, 0.16707, 0.16, 0.84, 0.168672
0.95, 0.17317, 0.16, 0.84, 0.171469
0.95, 0.170067, 0.16, 0.84, 0.172244
0.95, 0.162232, 0.16, 0.84, 0.165266
0.95, 0.164702, 0.16, 0.84, 0.164777
0.95, 0.173765, 0.16, 0.84, 0.171299
0.95, 0.173348, 0.16, 0.84, 0.173757
0.95, 0.18576, 0.17, 0.83, 0.190137
0.95, 0.188175, 0.17, 0.83, 0.189994
0.95, 0.190092, 0.17, 0.83, 0.192507
0.95, 0.191435, 0.17, 0.83, 0.185054
0.95, 0.18582, 0.17, 0.83, 0.189253
0.95, 0.180558, 0.17, 0.83, 0.18107
0.95, 0.187097, 0.17, 0.83, 0.186095
0.95, 0.183651, 0.17, 0.83, 0.186115
0.95, 0.175445, 0.17, 0.83, 0.176944
0.95, 0.186681, 0.17, 0.83, 0.185534
0.95, 0.179453, 0.17, 0.83, 0.182341
0.95, 0.187092, 0.17, 0.83, 0.18692
0.95, 0.186899, 0.17, 0.83, 0.18825
0.95, 0.187214, 0.17, 0.83, 0.186158
0.95, 0.18336, 0.17, 0.83, 0.182712
0.95, 0.190195, 0.17, 0.83, 0.192477
0.95, 0.17434, 0.17, 0.83, 0.177521
0.95, 0.181539, 0.17, 0.83, 0.186748
0.95, 0.188051, 0.17, 0.83, 0.18385
0.95, 0.178212, 0.17, 0.83, 0.183186
0.95, 0.180089, 0.17, 0.83, 0.181704
0.95, 0.184951, 0.17, 0.83, 0.186386
0.95, 0.192244, 0.17, 0.83, 0.189065
0.95, 0.186567, 0.17, 0.83, 0.185485
0.95, 0.186569, 0.17, 0.83, 0.184789
0.95, 0.191703, 0.18, 0.82, 0.19661
0.95, 0.191654, 0.18, 0.82, 0.19366
0.95, 0.185534, 0.18, 0.82, 0.193373
0.95, 0.19168, 0.18, 0.82, 0.191988
0.95, 0.188781, 0.18, 0.82, 0.192452
0.95, 0.199094, 0.18, 0.82, 0.201349
0.95, 0.198128, 0.18, 0.82, 0.198375
0.95, 0.195102, 0.18, 0.82, 0.195663
0.95, 0.191099, 0.18, 0.82, 0.197851
0.95, 0.187854, 0.18, 0.82, 0.193385
0.95, 0.196324, 0.18, 0.82, 0.198005
0.95, 0.198675, 0.18, 0.82, 0.197006
0.95, 0.192207, 0.18, 0.82, 0.197649
0.95, 0.183532, 0.18, 0.82, 0.191121
0.95, 0.197136, 0.18, 0.82, 0.194378
0.95, 0.194946, 0.18, 0.82, 0.194509
0.95, 0.201158, 0.18, 0.82, 0.198359
0.95, 0.194961, 0.18, 0.82, 0.199603
0.95, 0.198563, 0.18, 0.82, 0.197624
0.95, 0.198278, 0.18, 0.82, 0.197277
0.95, 0.195009, 0.18, 0.82, 0.197124
0.95, 0.197644, 0.18, 0.82, 0.200878
0.95, 0.195295, 0.18, 0.82, 0.199603
0.95, 0.190311, 0.18, 0.82, 0.192028
0.95, 0.192279, 0.18, 0.82, 0.190526
0.95, 0.211513, 0.19, 0.81, 0.210195
0.95, 0.208443, 0.19, 0.81, 0.210305
0.95, 0.210938, 0.19, 0.81, 0.211563
0.95, 0.204805, 0.19, 0.81, 0.207418
0.95, 0.195001, 0.19, 0.81, 0.201059
0.95, 0.203498, 0.19, 0.81, 0.206061
0.95, 0.206957, 0.19, 0.81, 0.208687
0.95, 0.199454, 0.19, 0.81, 0.205636
0.95, 0.201057, 0.19, 0.81, 0.208285
0.95, 0.205808, 0.19, 0.81, 0.207691
0.95, 0.207205, 0.19, 0.81, 0.207812
0.95, 0.204388, 0.19, 0.81, 0.205534
0.95, 0.202776, 0.19, 0.81, 0.203093
0.95, 0.202494, 0.19, 0.81, 0.205057
0.95, 0.201985, 0.19, 0.81, 0.210873
0.95, 0.205695, 0.19, 0.81, 0.211277
0.95, 0.201385, 0.19, 0.81, 0.207288
0.95, 0.200393, 0.19, 0.81, 0.206089
0.95, 0.208145, 0.19, 0.81, 0.207732
0.95, 0.202504, 0.19, 0.81, 0.202966
0.95, 0.208209, 0.19, 0.81, 0.207037
0.95, 0.214578, 0.19, 0.81, 0.212885
0.95, 0.203944, 0.19, 0.81, 0.205929
0.95, 0.207426, 0.19, 0.81, 0.207788
0.95, 0.197931, 0.19, 0.81, 0.204873
0.95, 0.220039, 0.2, 0.8, 0.222956
0.95, 0.225707, 0.2, 0.8, 0.223758
0.95, 0.226261, 0.2, 0.8, 0.228756
0.95, 0.217544, 0.2, 0.8, 0.224003
0.95, 0.221463, 0.2, 0.8, 0.223277
0.95, 0.219582, 0.2, 0.8, 0.215333
0.95, 0.22278, 0.2, 0.8, 0.224363
0.95, 0.221441, 0.2, 0.8, 0.223333
0.95, 0.213741, 0.2, 0.8, 0.211041
0.95, 0.21983, 0.2, 0.8, 0.221963
0.95, 0.215684, 0.2, 0.8, 0.221499
0.95, 0.21733, 0.2, 0.8, 0.225316
0.95, 0.221003, 0.2, 0.8, 0.223854
0.95, 0.217064, 0.2, 0.8, 0.217976
0.95, 0.228423, 0.2, 0.8, 0.229399
0.95, 0.226308, 0.2, 0.8, 0.227257
0.95, 0.220162, 0.2, 0.8, 0.218978
0.95, 0.219525, 0.2, 0.8, 0.224889
0.95, 0.224099, 0.2, 0.8, 0.22131
0.95, 0.216045, 0.2, 0.8, 0.21565
0.95, 0.222028, 0.2, 0.8, 0.220957
0.95, 0.21563, 0.2, 0.8, 0.217484
0.95, 0.219598, 0.2, 0.8, 0.224823
0.95, 0.219605, 0.2, 0.8, 0.220942
0.95, 0.218847, 0.2, 0.8, 0.219368
0.95, 0.23528, 0.21, 0.79, 0.237005
0.95, 0.237185, 0.21, 0.79, 0.235914
0.95, 0.233278, 0.21, 0.79, 0.236633
0.95, 0.234515, 0.21, 0.79, 0.233615
0.95, 0.22471, 0.21, 0.79, 0.231188
0.95, 0.233015, 0.21, 0.79, 0.236284
0.95, 0.240765, 0.21, 0.79, 0.236299
0.95, 0.227168, 0.21, 0.79, 0.231205
0.95, 0.226827, 0.21, 0.79, 0.233333
0.95, 0.231963, 0.21, 0.79, 0.237006
0.95, 0.23861, 0.21, 0.79, 0.242061
0.95, 0.236587, 0.21, 0.79, 0.236972
0.95, 0.238579, 0.21, 0.79, 0.237122
0.95, 0.233498, 0.21, 0.79, 0.23379
0.95, 0.235658, 0.21, 0.79, 0.237274
0.95, 0.229748, 0.21, 0.79, 0.231868
0.95, 0.238741, 0.21, 0.79, 0.237993
0.95, 0.232079, 0.21, 0.79, 0.233894
0.95, 0.232494, 0.21, 0.79, 0.234567
0.95, 0.233023, 0.21, 0.79, 0.236468
0.95, 0.237079, 0.21, 0.79, 0.236181
0.95, 0.243049, 0.21, 0.79, 0.242379
0.95, 0.240921, 0.21, 0.79, 0.236178
0.95, 0.228024, 0.21, 0.79, 0.231626
0.95, 0.228752, 0.21, 0.79, 0.234887
0.95, 0.252696, 0.22, 0.78, 0.253166
0.95, 0.253452, 0.22, 0.78, 0.252346
0.95, 0.24779, 0.22, 0.78, 0.248621
0.95, 0.24871, 0.22, 0.78, 0.247148
0.95, 0.257575, 0.22, 0.78, 0.256822
0.95, 0.249202, 0.22, 0.78, 0.253867
0.95, 0.24584, 0.22, 0.78, 0.249941
0.95, 0.252855, 0.22, 0.78, 0.256844
0.95, 0.255399, 0.22, 0.78, 0.253915
0.95, 0.249346, 0.22, 0.78, 0.250135
0.95, 0.249798, 0.22, 0.78, 0.251606
0.95, 0.249032, 0.22, 0.78, 0.250239
0.95, 0.249932, 0.22, 0.78, 0.247527
0.95, 0.243211, 0.22, 0.78, 0.246343
0.95, 0.247916, 0.22, 0.78, 0.249776
0.95, 0.244375, 0.22, 0.78, 0.243263
0.95, 0.244907, 0.22, 0.78, 0.24492
0.95, 0.255585, 0.22, 0.78, 0.253039
0.95, 0.243208, 0.22, 0.78, 0.25109
0.95, 0.246952, 0.22, 0.78, 0.249249
0.95, 0.243798, 0.22, 0.78, 0.248978
0.95, 0.241442, 0.22, 0.78, 0.242781
0.95, 0.245872, 0.22, 0.78, 0.252021
0.95, 0.242614, 0.22, 0.78, 0.246501
0.95, 0.24608, 0.22, 0.78, 0.253164
0.95, 0.255513, 0.23, 0.77, 0.258175
0.95, 0.260894, 0.23, 0.77, 0.266092
0.95, 0.250156, 0.23, 0.77, 0.25645
0.95, 0.253629, 0.23, 0.77, 0.256132
0.95, 0.257387, 0.23, 0.77, 0.264168
0.95, 0.258386, 0.23, 0.77, 0.257781
0.95, 0.258961, 0.23, 0.77, 0.260631
0.95, 0.258798, 0.23, 0.77, 0.259491
0.95, 0.246147, 0.23, 0.77, 0.253792
0.95, 0.259049, 0.23, 0.77, 0.263769
0.95, 0.252347, 0.23, 0.77, 0.254451
0.95, 0.254737, 0.23, 0.77, 0.261735
0.95, 0.25459, 0.23, 0.77, 0.260195
0.95, 0.261759, 0.23, 0.77, 0.259965
0.95, 0.261721, 0.23, 0.77, 0.263742
0.95, 0.25251, 0.23, 0.77, 0.256819
0.95, 0.258522, 0.23, 0.77, 0.261477
0.95, 0.262656, 0.23, 0.77, 0.258957
0.95, 0.261777, 0.23, 0.77, 0.2614
0.95, 0.266732, 0.23, 0.77, 0.267833
0.95, 0.261422, 0.23, 0.77, 0.264825
0.95, 0.25939, 0.23, 0.77, 0.262927
0.95, 0.263111, 0.23, 0.77, 0.262904
0.95, 0.262867, 0.23, 0.77, 0.268337
0.95, 0.251573, 0.23, 0.77, 0.258272
0.95, 0.277881, 0.24, 0.76, 0.278635
0.95, 0.275734, 0.24, 0.76, 0.277239
0.95, 0.273814, 0.24, 0.76, 0.271685
0.95, 0.272909, 0.24, 0.76, 0.273999
0.95, 0.269979, 0.24, 0.76, 0.273611
0.95, 0.270381, 0.24, 0.76, 0.279533
0.95, 0.275158, 0.24, 0.76, 0.276651
0.95, 0.274571, 0.24, 0.76, 0.278866
0.95, 0.280236, 0.24, 0.76, 0.280439
0.95, 0.276632, 0.24, 0.76, 0.276257
0.95, 0.274905, 0.24, 0.76, 0.280049
0.95, 0.276957, 0.24, 0.76, 0.282324
0.95, 0.272581, 0.24, 0.76, 0.279212
0.95, 0.277065, 0.24, 0.76, 0.276895
0.95, 0.27303, 0.24, 0.76, 0.276521
0.95, 0.282947, 0.24, 0.76, 0.28265
0.95, 0.26468, 0.24, 0.76, 0.268285
0.95, 0.286306, 0.24, 0.76, 0.283468
0.95, 0.266833, 0.24, 0.76, 0.27893
0.95, 0.26947, 0.24, 0.76, 0.275233
0.95, 0.272796, 0.24, 0.76, 0.273221
0.95, 0.263765, 0.24, 0.76, 0.269724
0.95, 0.268495, 0.24, 0.76, 0.274042
0.95, 0.272545, 0.24, 0.76, 0.276642
0.95, 0.268661, 0.24, 0.76, 0.279147
0.95, 0.293673, 0.25, 0.75, 0.296757
0.95, 0.293856, 0.25, 0.75, 0.29369
0.95, 0.291359, 0.25, 0.75, 0.298539
0.95, 0.290191, 0.25, 0.75, 0.293952
0.95, 0.284921, 0.25, 0.75, 0.292287
0.95, 0.289847, 0.25, 0.75, 0.290013
0.95, 0.287584, 0.25, 0.75, 0.293168
0.95, 0.279082, 0.25, 0.75, 0.290025
0.95, 0.291483, 0.25, 0.75, 0.294831
0.95, 0.281766, 0.25, 0.75, 0.286183
0.95, 0.27036, 0.25, 0.75, 0.28244
0.95, 0.288913, 0.25, 0.75, 0.289287
0.95, 0.28852, 0.25, 0.75, 0.2912
0.95, 0.28936, 0.25, 0.75, 0.292183
0.95, 0.289035, 0.25, 0.75, 0.292671
0.95, 0.289774, 0.25, 0.75, 0.29043
0.95, 0.285434, 0.25, 0.75, 0.281029
0.95, 0.280243, 0.25, 0.75, 0.283738
0.95, 0.274146, 0.25, 0.75, 0.282959
0.95, 0.286751, 0.25, 0.75, 0.292965
0.95, 0.285243, 0.25, 0.75, 0.289317
0.95, 0.29498, 0.25, 0.75, 0.295685
0.95, 0.289982, 0.25, 0.75, 0.295293
0.95, 0.291224, 0.25, 0.75, 0.293459
0.95, 0.291648, 0.25, 0.75, 0.292745
0.95, 0.30375, 0.26, 0.74, 0.307933
0.95, 0.301644, 0.26, 0.74, 0.302679
0.95, 0.302846, 0.26, 0.74, 0.30454
0.95, 0.307697, 0.26, 0.74, 0.309213
0.95, 0.298377, 0.26, 0.74, 0.30333
0.95, 0.30143, 0.26, 0.74, 0.306498
0.95, 0.294661, 0.26, 0.74, 0.305943
0.95, 0.304848, 0.26, 0.74, 0.309957
0.95, 0.299464, 0.26, 0.74, 0.308398
0.95, 0.304762, 0.26, 0.74, 0.31144
0.95, 0.304249, 0.26, 0.74, 0.309452
0.95, 0.313294, 0.26, 0.74, 0.313887
0.95, 0.307659, 0.26, 0.74, 0.309008
0.95, 0.29361, 0.26, 0.74, 0.299858
0.95, 0.301898, 0.26, 0.74, 0.299963
0.95, 0.301844, 0.26, 0.74, 0.30543
0.95, 0.294316, 0.26, 0.74, 0.294198
0.95, 0.304999, 0.26, 0.74, 0.307108
0.95, 0.296619, 0.26, 0.74, 0.306492
0.95, 0.294388, 0.26, 0.74, 0.297688
0.95, 0.301819, 0.26, 0.74, 0.303164
0.95, 0.305747, 0.26, 0.74, 0.301187
0.95, 0.307708, 0.26, 0.74, 0.305338
0.95, 0.304728, 0.26, 0.74, 0.309196
0.95, 0.297783, 0.26, 0.74, 0.306073
0.95, 0.317501, 0.27, 0.73, 0.324289
0.95, 0.325928, 0.27, 0.73, 0.322734
0.95, 0.319342, 0.27, 0.73, 0.321064
0.95, 0.315517, 0.27, 0.73, 0.319123
0.95, 0.3213, 0.27, 0.73, 0.322065
0.95, 0.328164, 0.27, 0.73, 0.328677
0.95, 0.314627, 0.27, 0.73, 0.322358
0.95, 0.308612, 0.27, 0.73, 0.317167
0.95, 0.321096, 0.27, 0.73, 0.323923
0.95, 0.314596, 0.27, 0.73, 0.324301
0.95, 0.321737, 0.27, 0.73, 0.32071
0.95, 0.317929, 0.27, 0.73, 0.325159
0.95, 0.317691, 0.27, 0.73, 0.32004
0.95, 0.313546, 0.27, 0.73, 0.318199
0.95, 0.320454, 0.27, 0.73, 0.322812
0.95, 0.313481, 0.27, 0.73, 0.321643
0.95, 0.31515, 0.27, 0.73, 0.321298
0.95, 0.307169, 0.27, 0.73, 0.313472
0.95, 0.316853, 0.27, 0.73, 0.319338
0.95, 0.323079, 0.27, 0.73, 0.324235
0.95, 0.307181, 0.27, 0.73, 0.312684
0.95, 0.304116, 0.27, 0.73, 0.311366
0.95, 0.313818, 0.27, 0.73, 0.32144
0.95, 0.324497, 0.27, 0.73, 0.321444
0.95, 0.323416, 0.27, 0.73, 0.322808
0.95, 0.326438, 0.28, 0.72, 0.331767
0.95, 0.339903, 0.28, 0.72, 0.335713
0.95, 0.325799, 0.28, 0.72, 0.333752
0.95, 0.336126, 0.28, 0.72, 0.335551
0.95, 0.331175, 0.28, 0.72, 0.33547
0.95, 0.33177, 0.28, 0.72, 0.335561
0.95, 0.339009, 0.28, 0.72, 0.340695
0.95, 0.320278, 0.28, 0.72, 0.33031
0.95, 0.328991, 0.28, 0.72, 0.338603
0.95, 0.329713, 0.28, 0.72, 0.336921
0.95, 0.338953, 0.28, 0.72, 0.340964
0.95, 0.331842, 0.28, 0.72, 0.337245
0.95, 0.333212, 0.28, 0.72, 0.334345
0.95, 0.32877, 0.28, 0.72, 0.337473
0.95, 0.339417, 0.28, 0.72, 0.337121
0.95, 0.332816, 0.28, 0.72, 0.336517
0.95, 0.330509, 0.28, 0.72, 0.336652
0.95, 0.326838, 0.28, 0.72, 0.335151
0.95, 0.32631, 0.28, 0.72, 0.333167
0.95, 0.328128, 0.28, 0.72, 0.330522
0.95, 0.329582, 0.28, 0.72, 0.336976
0.95, 0.329294, 0.28, 0.72, 0.33601
0.95, 0.340008, 0.28, 0.72, 0.340008
0.95, 0.326302, 0.28, 0.72, 0.334348
0.95, 0.326289, 0.28, 0.72, 0.333006
0.95, 0.3517, 0.29, 0.71, 0.355346
0.95, 0.341506, 0.29, 0.71, 0.344374
0.95, 0.347969, 0.29, 0.71, 0.350768
0.95, 0.339788, 0.29, 0.71, 0.345773
0.95, 0.345211, 0.29, 0.71, 0.35249
0.95, 0.344912, 0.29, 0.71, 0.352667
0.95, 0.349427, 0.29, 0.71, 0.348531
0.95, 0.358975, 0.29, 0.71, 0.360722
0.95, 0.336693, 0.29, 0.71, 0.346423
0.95, 0.344722, 0.29, 0.71, 0.349193
0.95, 0.353474, 0.29, 0.71, 0.352616
0.95, 0.352231, 0.29, 0.71, 0.356871
0.95, 0.342651, 0.29, 0.71, 0.351728
0.95, 0.342452, 0.29, 0.71, 0.350112
0.95, 0.351107, 0.29, 0.71, 0.352031
0.95, 0.362539, 0.29, 0.71, 0.359155
0.95, 0.34379, 0.29, 0.71, 0.347872
0.95, 0.334235, 0.29, 0.71, 0.346456
0.95, 0.351615, 0.29, 0.71, 0.35799
0.95, 0.34853, 0.29, 0.71, 0.357912
0.95, 0.346907, 0.29, 0.71, 0.346086
0.95, 0.350214, 0.29, 0.71, 0.352733
0.95, 0.352108, 0.29, 0.71, 0.350863
0.95, 0.343571, 0.29, 0.71, 0.34541
0.95, 0.343012, 0.29, 0.71, 0.345667
0.95, 0.366451, 0.3, 0.7, 0.364359
0.95, 0.356866, 0.3, 0.7, 0.366126
0.95, 0.361083, 0.3, 0.7, 0.364071
0.95, 0.349637, 0.3, 0.7, 0.361079
0.95, 0.367267, 0.3, 0.7, 0.369404
0.95, 0.358213, 0.3, 0.7, 0.364823
0.95, 0.351427, 0.3, 0.7, 0.360948
0.95, 0.374341, 0.3, 0.7, 0.370829
0.95, 0.359614, 0.3, 0.7, 0.358431
0.95, 0.374585, 0.3, 0.7, 0.374377
0.95, 0.349393, 0.3, 0.7, 0.359317
0.95, 0.363064, 0.3, 0.7, 0.365386
0.95, 0.363054, 0.3, 0.7, 0.373357
0.95, 0.362821, 0.3, 0.7, 0.36828
0.95, 0.359775, 0.3, 0.7, 0.359646
0.95, 0.376817, 0.3, 0.7, 0.378413
0.95, 0.361368, 0.3, 0.7, 0.365623
0.95, 0.3509, 0.3, 0.7, 0.357209
0.95, 0.367161, 0.3, 0.7, 0.373238
0.95, 0.368683, 0.3, 0.7, 0.369808
0.95, 0.369777, 0.3, 0.7, 0.372021
0.95, 0.365572, 0.3, 0.7, 0.367243
0.95, 0.358033, 0.3, 0.7, 0.365582
0.95, 0.365127, 0.3, 0.7, 0.363092
0.95, 0.352564, 0.3, 0.7, 0.363887
