# B5 Focused Dynamic Strategy Switching Simulation Results
# Schedule file: schedule_b5_honest_selfish_5000.txt
# Gamma (connectivity) range: 0.8 - 1.0 in 0.05 increments
# Hash rate range: 0.15 - 0.3 (15% - 30%) in 0.01 increments
Gamma, Miner0_ProfitFraction, Miner0_HashRate, Miner1_HashRate, Miner0_BlockFraction
0.8, 0.158481, 0.15, 0.85, 0.155533
0.8, 0.153591, 0.15, 0.85, 0.149662
0.8, 0.151446, 0.15, 0.85, 0.149451
0.8, 0.151533, 0.15, 0.85, 0.148048
0.8, 0.147938, 0.15, 0.85, 0.150495
0.8, 0.144502, 0.15, 0.85, 0.148343
0.8, 0.148709, 0.15, 0.85, 0.151488
0.8, 0.145378, 0.15, 0.85, 0.149987
0.8, 0.148092, 0.15, 0.85, 0.151261
0.8, 0.147608, 0.15, 0.85, 0.147857
0.8, 0.143556, 0.15, 0.85, 0.14659
0.8, 0.148663, 0.15, 0.85, 0.150996
0.8, 0.150636, 0.15, 0.85, 0.149478
0.8, 0.146374, 0.15, 0.85, 0.147362
0.8, 0.151157, 0.15, 0.85, 0.14978
0.8, 0.149579, 0.15, 0.85, 0.14884
0.8, 0.147987, 0.15, 0.85, 0.14837
0.8, 0.151716, 0.15, 0.85, 0.15416
0.8, 0.150523, 0.15, 0.85, 0.149271
0.8, 0.150986, 0.15, 0.85, 0.150455
0.8, 0.148047, 0.15, 0.85, 0.148109
0.8, 0.15086, 0.15, 0.85, 0.14987
0.8, 0.148169, 0.15, 0.85, 0.147947
0.8, 0.152543, 0.15, 0.85, 0.153131
0.8, 0.143619, 0.15, 0.85, 0.146107
0.8, 0.161398, 0.16, 0.84, 0.161394
0.8, 0.160748, 0.16, 0.84, 0.161476
0.8, 0.156778, 0.16, 0.84, 0.160635
0.8, 0.159328, 0.16, 0.84, 0.163222
0.8, 0.163206, 0.16, 0.84, 0.162853
0.8, 0.16079, 0.16, 0.84, 0.164793
0.8, 0.155731, 0.16, 0.84, 0.158299
0.8, 0.159536, 0.16, 0.84, 0.160793
0.8, 0.161402, 0.16, 0.84, 0.161083
0.8, 0.158892, 0.16, 0.84, 0.157859
0.8, 0.157904, 0.16, 0.84, 0.161588
0.8, 0.15697, 0.16, 0.84, 0.1592
0.8, 0.157784, 0.16, 0.84, 0.158127
0.8, 0.160181, 0.16, 0.84, 0.160248
0.8, 0.156676, 0.16, 0.84, 0.156235
0.8, 0.164522, 0.16, 0.84, 0.163463
0.8, 0.165456, 0.16, 0.84, 0.162027
0.8, 0.163924, 0.16, 0.84, 0.168903
0.8, 0.159193, 0.16, 0.84, 0.165253
0.8, 0.167739, 0.16, 0.84, 0.160361
0.8, 0.161119, 0.16, 0.84, 0.161749
0.8, 0.159102, 0.16, 0.84, 0.160978
0.8, 0.158206, 0.16, 0.84, 0.156164
0.8, 0.157453, 0.16, 0.84, 0.162091
0.8, 0.166975, 0.16, 0.84, 0.162484
0.8, 0.180793, 0.17, 0.83, 0.175905
0.8, 0.178723, 0.17, 0.83, 0.176364
0.8, 0.166951, 0.17, 0.83, 0.170642
0.8, 0.172269, 0.17, 0.83, 0.175109
0.8, 0.173747, 0.17, 0.83, 0.171277
0.8, 0.17409, 0.17, 0.83, 0.173688
0.8, 0.173747, 0.17, 0.83, 0.171916
0.8, 0.172489, 0.17, 0.83, 0.169948
0.8, 0.175217, 0.17, 0.83, 0.175098
0.8, 0.174389, 0.17, 0.83, 0.181166
0.8, 0.166671, 0.17, 0.83, 0.167494
0.8, 0.178896, 0.17, 0.83, 0.176505
0.8, 0.173868, 0.17, 0.83, 0.174037
0.8, 0.172321, 0.17, 0.83, 0.17402
0.8, 0.166886, 0.17, 0.83, 0.169367
0.8, 0.162764, 0.17, 0.83, 0.171266
0.8, 0.176813, 0.17, 0.83, 0.17323
0.8, 0.176617, 0.17, 0.83, 0.17101
0.8, 0.170996, 0.17, 0.83, 0.172931
0.8, 0.166261, 0.17, 0.83, 0.16794
0.8, 0.175331, 0.17, 0.83, 0.177836
0.8, 0.17715, 0.17, 0.83, 0.174534
0.8, 0.178427, 0.17, 0.83, 0.178952
0.8, 0.171481, 0.17, 0.83, 0.170247
0.8, 0.171487, 0.17, 0.83, 0.169433
0.8, 0.187359, 0.18, 0.82, 0.18548
0.8, 0.181238, 0.18, 0.82, 0.182385
0.8, 0.181988, 0.18, 0.82, 0.184279
0.8, 0.181163, 0.18, 0.82, 0.185549
0.8, 0.178987, 0.18, 0.82, 0.179636
0.8, 0.188592, 0.18, 0.82, 0.186892
0.8, 0.174766, 0.18, 0.82, 0.180695
0.8, 0.183071, 0.18, 0.82, 0.183791
0.8, 0.193594, 0.18, 0.82, 0.192556
0.8, 0.177613, 0.18, 0.82, 0.180736
0.8, 0.188129, 0.18, 0.82, 0.189134
0.8, 0.181807, 0.18, 0.82, 0.18224
0.8, 0.176181, 0.18, 0.82, 0.181173
0.8, 0.183705, 0.18, 0.82, 0.182799
0.8, 0.185772, 0.18, 0.82, 0.185464
0.8, 0.179203, 0.18, 0.82, 0.182032
0.8, 0.178318, 0.18, 0.82, 0.179189
0.8, 0.177548, 0.18, 0.82, 0.180708
0.8, 0.169826, 0.18, 0.82, 0.175184
0.8, 0.191403, 0.18, 0.82, 0.187629
0.8, 0.180534, 0.18, 0.82, 0.177371
0.8, 0.192522, 0.18, 0.82, 0.18892
0.8, 0.183372, 0.18, 0.82, 0.186085
0.8, 0.191418, 0.18, 0.82, 0.188339
0.8, 0.184885, 0.18, 0.82, 0.184063
0.8, 0.188882, 0.19, 0.81, 0.193882
0.8, 0.192656, 0.19, 0.81, 0.193714
0.8, 0.2026, 0.19, 0.81, 0.195529
0.8, 0.197079, 0.19, 0.81, 0.196656
0.8, 0.196184, 0.19, 0.81, 0.193849
0.8, 0.198362, 0.19, 0.81, 0.196983
0.8, 0.194543, 0.19, 0.81, 0.196528
0.8, 0.191183, 0.19, 0.81, 0.190849
0.8, 0.195656, 0.19, 0.81, 0.193881
0.8, 0.196171, 0.19, 0.81, 0.193098
0.8, 0.197704, 0.19, 0.81, 0.196399
0.8, 0.193568, 0.19, 0.81, 0.198481
0.8, 0.196069, 0.19, 0.81, 0.195432
0.8, 0.194296, 0.19, 0.81, 0.191972
0.8, 0.198943, 0.19, 0.81, 0.197349
0.8, 0.197143, 0.19, 0.81, 0.196762
0.8, 0.190713, 0.19, 0.81, 0.19087
0.8, 0.195367, 0.19, 0.81, 0.196736
0.8, 0.192761, 0.19, 0.81, 0.194638
0.8, 0.193757, 0.19, 0.81, 0.192258
0.8, 0.191241, 0.19, 0.81, 0.192709
0.8, 0.192679, 0.19, 0.81, 0.196484
0.8, 0.195031, 0.19, 0.81, 0.194131
0.8, 0.199965, 0.19, 0.81, 0.19895
0.8, 0.190486, 0.19, 0.81, 0.193285
0.8, 0.207137, 0.2, 0.8, 0.205412
0.8, 0.203789, 0.2, 0.8, 0.203538
0.8, 0.21487, 0.2, 0.8, 0.210241
0.8, 0.217251, 0.2, 0.8, 0.213293
0.8, 0.204478, 0.2, 0.8, 0.203575
0.8, 0.196317, 0.2, 0.8, 0.198428
0.8, 0.208665, 0.2, 0.8, 0.207458
0.8, 0.204891, 0.2, 0.8, 0.208821
0.8, 0.201717, 0.2, 0.8, 0.201254
0.8, 0.198147, 0.2, 0.8, 0.2037
0.8, 0.20555, 0.2, 0.8, 0.207783
0.8, 0.202282, 0.2, 0.8, 0.199149
0.8, 0.202161, 0.2, 0.8, 0.206514
0.8, 0.21276, 0.2, 0.8, 0.211384
0.8, 0.21092, 0.2, 0.8, 0.205654
0.8, 0.208415, 0.2, 0.8, 0.205398
0.8, 0.208442, 0.2, 0.8, 0.20687
0.8, 0.208847, 0.2, 0.8, 0.20586
0.8, 0.20109, 0.2, 0.8, 0.202056
0.8, 0.203428, 0.2, 0.8, 0.200965
0.8, 0.197717, 0.2, 0.8, 0.204217
0.8, 0.206367, 0.2, 0.8, 0.208311
0.8, 0.210597, 0.2, 0.8, 0.208246
0.8, 0.204302, 0.2, 0.8, 0.204116
0.8, 0.209966, 0.2, 0.8, 0.206419
0.8, 0.221874, 0.21, 0.79, 0.220832
0.8, 0.220187, 0.21, 0.79, 0.217572
0.8, 0.216492, 0.21, 0.79, 0.21711
0.8, 0.222941, 0.21, 0.79, 0.217192
0.8, 0.215046, 0.21, 0.79, 0.216552
0.8, 0.22374, 0.21, 0.79, 0.218542
0.8, 0.218669, 0.21, 0.79, 0.220106
0.8, 0.216501, 0.21, 0.79, 0.215762
0.8, 0.220589, 0.21, 0.79, 0.218842
0.8, 0.219585, 0.21, 0.79, 0.216901
0.8, 0.209606, 0.21, 0.79, 0.213237
0.8, 0.214655, 0.21, 0.79, 0.215558
0.8, 0.220736, 0.21, 0.79, 0.217419
0.8, 0.224719, 0.21, 0.79, 0.223729
0.8, 0.217423, 0.21, 0.79, 0.214726
0.8, 0.215637, 0.21, 0.79, 0.211823
0.8, 0.217165, 0.21, 0.79, 0.217556
0.8, 0.215318, 0.21, 0.79, 0.215175
0.8, 0.218266, 0.21, 0.79, 0.214382
0.8, 0.217092, 0.21, 0.79, 0.216768
0.8, 0.214011, 0.21, 0.79, 0.21238
0.8, 0.210429, 0.21, 0.79, 0.212967
0.8, 0.218025, 0.21, 0.79, 0.219574
0.8, 0.209383, 0.21, 0.79, 0.216178
0.8, 0.213201, 0.21, 0.79, 0.213477
0.8, 0.227595, 0.22, 0.78, 0.224963
0.8, 0.23133, 0.22, 0.78, 0.229817
0.8, 0.223734, 0.22, 0.78, 0.22459
0.8, 0.223296, 0.22, 0.78, 0.227288
0.8, 0.233332, 0.22, 0.78, 0.232842
0.8, 0.229614, 0.22, 0.78, 0.228505
0.8, 0.218886, 0.22, 0.78, 0.227563
0.8, 0.231216, 0.22, 0.78, 0.228702
0.8, 0.23839, 0.22, 0.78, 0.232133
0.8, 0.220053, 0.22, 0.78, 0.225008
0.8, 0.230212, 0.22, 0.78, 0.231057
0.8, 0.234114, 0.22, 0.78, 0.230828
0.8, 0.227459, 0.22, 0.78, 0.225753
0.8, 0.223684, 0.22, 0.78, 0.223946
0.8, 0.228152, 0.22, 0.78, 0.230208
0.8, 0.229559, 0.22, 0.78, 0.229832
0.8, 0.231207, 0.22, 0.78, 0.232756
0.8, 0.230956, 0.22, 0.78, 0.236578
0.8, 0.223645, 0.22, 0.78, 0.22641
0.8, 0.238098, 0.22, 0.78, 0.232808
0.8, 0.231302, 0.22, 0.78, 0.229529
0.8, 0.229576, 0.22, 0.78, 0.230492
0.8, 0.231012, 0.22, 0.78, 0.230485
0.8, 0.229235, 0.22, 0.78, 0.231021
0.8, 0.240238, 0.22, 0.78, 0.235262
0.8, 0.234467, 0.23, 0.77, 0.236015
0.8, 0.247028, 0.23, 0.77, 0.245256
0.8, 0.240894, 0.23, 0.77, 0.24108
0.8, 0.252228, 0.23, 0.77, 0.245274
0.8, 0.246604, 0.23, 0.77, 0.243716
0.8, 0.241137, 0.23, 0.77, 0.242873
0.8, 0.232909, 0.23, 0.77, 0.238064
0.8, 0.245542, 0.23, 0.77, 0.239564
0.8, 0.236457, 0.23, 0.77, 0.243551
0.8, 0.246696, 0.23, 0.77, 0.244479
0.8, 0.243638, 0.23, 0.77, 0.24163
0.8, 0.240614, 0.23, 0.77, 0.236574
0.8, 0.243549, 0.23, 0.77, 0.241836
0.8, 0.226926, 0.23, 0.77, 0.237892
0.8, 0.236614, 0.23, 0.77, 0.240635
0.8, 0.236294, 0.23, 0.77, 0.233229
0.8, 0.244896, 0.23, 0.77, 0.242823
0.8, 0.244803, 0.23, 0.77, 0.244334
0.8, 0.237925, 0.23, 0.77, 0.238957
0.8, 0.23772, 0.23, 0.77, 0.24108
0.8, 0.248243, 0.23, 0.77, 0.244916
0.8, 0.250107, 0.23, 0.77, 0.244831
0.8, 0.240086, 0.23, 0.77, 0.240962
0.8, 0.246632, 0.23, 0.77, 0.241604
0.8, 0.24131, 0.23, 0.77, 0.243193
0.8, 0.248687, 0.24, 0.76, 0.251009
0.8, 0.251064, 0.24, 0.76, 0.256926
0.8, 0.248169, 0.24, 0.76, 0.249946
0.8, 0.253909, 0.24, 0.76, 0.255839
0.8, 0.263832, 0.24, 0.76, 0.264862
0.8, 0.256567, 0.24, 0.76, 0.253662
0.8, 0.243738, 0.24, 0.76, 0.253339
0.8, 0.248617, 0.24, 0.76, 0.246632
0.8, 0.260879, 0.24, 0.76, 0.259554
0.8, 0.255786, 0.24, 0.76, 0.255303
0.8, 0.257616, 0.24, 0.76, 0.256028
0.8, 0.253364, 0.24, 0.76, 0.254291
0.8, 0.24574, 0.24, 0.76, 0.248136
0.8, 0.250557, 0.24, 0.76, 0.254134
0.8, 0.257226, 0.24, 0.76, 0.253496
0.8, 0.251352, 0.24, 0.76, 0.253517
0.8, 0.251403, 0.24, 0.76, 0.252472
0.8, 0.254468, 0.24, 0.76, 0.255576
0.8, 0.256114, 0.24, 0.76, 0.251132
0.8, 0.257386, 0.24, 0.76, 0.258017
0.8, 0.263797, 0.24, 0.76, 0.259278
0.8, 0.252631, 0.24, 0.76, 0.24852
0.8, 0.255042, 0.24, 0.76, 0.254565
0.8, 0.251234, 0.24, 0.76, 0.255699
0.8, 0.263261, 0.24, 0.76, 0.2593
0.8, 0.267737, 0.25, 0.75, 0.268781
0.8, 0.253281, 0.25, 0.75, 0.259986
0.8, 0.262066, 0.25, 0.75, 0.26278
0.8, 0.266661, 0.25, 0.75, 0.265157
0.8, 0.267078, 0.25, 0.75, 0.26797
0.8, 0.276793, 0.25, 0.75, 0.270391
0.8, 0.273946, 0.25, 0.75, 0.263674
0.8, 0.259708, 0.25, 0.75, 0.259095
0.8, 0.264821, 0.25, 0.75, 0.268208
0.8, 0.25992, 0.25, 0.75, 0.262355
0.8, 0.270852, 0.25, 0.75, 0.266799
0.8, 0.266777, 0.25, 0.75, 0.267757
0.8, 0.261707, 0.25, 0.75, 0.262959
0.8, 0.265518, 0.25, 0.75, 0.265474
0.8, 0.2703, 0.25, 0.75, 0.262407
0.8, 0.260731, 0.25, 0.75, 0.258822
0.8, 0.266477, 0.25, 0.75, 0.265625
0.8, 0.265881, 0.25, 0.75, 0.260496
0.8, 0.273614, 0.25, 0.75, 0.269838
0.8, 0.272751, 0.25, 0.75, 0.268852
0.8, 0.266457, 0.25, 0.75, 0.264491
0.8, 0.265104, 0.25, 0.75, 0.265662
0.8, 0.254037, 0.25, 0.75, 0.259143
0.8, 0.265702, 0.25, 0.75, 0.268819
0.8, 0.261519, 0.25, 0.75, 0.262883
0.8, 0.282085, 0.26, 0.74, 0.279103
0.8, 0.283657, 0.26, 0.74, 0.278596
0.8, 0.270992, 0.26, 0.74, 0.272507
0.8, 0.27362, 0.26, 0.74, 0.275186
0.8, 0.274098, 0.26, 0.74, 0.278424
0.8, 0.26342, 0.26, 0.74, 0.264614
0.8, 0.273759, 0.26, 0.74, 0.27452
0.8, 0.275059, 0.26, 0.74, 0.274952
0.8, 0.282527, 0.26, 0.74, 0.281963
0.8, 0.27408, 0.26, 0.74, 0.270712
0.8, 0.266828, 0.26, 0.74, 0.272238
0.8, 0.281579, 0.26, 0.74, 0.278461
0.8, 0.274261, 0.26, 0.74, 0.27195
0.8, 0.285514, 0.26, 0.74, 0.282534
0.8, 0.279427, 0.26, 0.74, 0.275004
0.8, 0.283915, 0.26, 0.74, 0.283858
0.8, 0.281538, 0.26, 0.74, 0.282129
0.8, 0.285492, 0.26, 0.74, 0.285541
0.8, 0.279963, 0.26, 0.74, 0.276542
0.8, 0.274689, 0.26, 0.74, 0.27899
0.8, 0.271993, 0.26, 0.74, 0.270334
0.8, 0.273239, 0.26, 0.74, 0.277595
0.8, 0.271833, 0.26, 0.74, 0.2709
0.8, 0.273283, 0.26, 0.74, 0.273517
0.8, 0.277437, 0.26, 0.74, 0.275687
0.8, 0.287512, 0.27, 0.73, 0.288818
0.8, 0.280201, 0.27, 0.73, 0.28479
0.8, 0.290898, 0.27, 0.73, 0.286437
0.8, 0.287766, 0.27, 0.73, 0.290932
0.8, 0.293293, 0.27, 0.73, 0.292405
0.8, 0.294308, 0.27, 0.73, 0.287502
0.8, 0.295999, 0.27, 0.73, 0.296671
0.8, 0.288543, 0.27, 0.73, 0.286842
0.8, 0.288273, 0.27, 0.73, 0.287434
0.8, 0.295934, 0.27, 0.73, 0.292592
0.8, 0.292244, 0.27, 0.73, 0.291466
0.8, 0.289598, 0.27, 0.73, 0.288011
0.8, 0.300287, 0.27, 0.73, 0.299354
0.8, 0.288802, 0.27, 0.73, 0.288167
0.8, 0.282371, 0.27, 0.73, 0.285429
0.8, 0.283421, 0.27, 0.73, 0.288189
0.8, 0.294179, 0.27, 0.73, 0.293454
0.8, 0.292485, 0.27, 0.73, 0.286775
0.8, 0.294761, 0.27, 0.73, 0.288371
0.8, 0.287776, 0.27, 0.73, 0.288468
0.8, 0.286094, 0.27, 0.73, 0.287431
0.8, 0.289075, 0.27, 0.73, 0.288518
0.8, 0.287025, 0.27, 0.73, 0.287984
0.8, 0.291523, 0.27, 0.73, 0.291496
0.8, 0.290777, 0.27, 0.73, 0.290711
0.8, 0.299215, 0.28, 0.72, 0.298987
0.8, 0.295886, 0.28, 0.72, 0.293303
0.8, 0.29809, 0.28, 0.72, 0.295411
0.8, 0.309243, 0.28, 0.72, 0.30759
0.8, 0.303174, 0.28, 0.72, 0.301266
0.8, 0.307063, 0.28, 0.72, 0.305808
0.8, 0.310033, 0.28, 0.72, 0.301078
0.8, 0.304501, 0.28, 0.72, 0.301033
0.8, 0.31514, 0.28, 0.72, 0.307844
0.8, 0.302707, 0.28, 0.72, 0.30154
0.8, 0.30495, 0.28, 0.72, 0.300872
0.8, 0.30338, 0.28, 0.72, 0.296901
0.8, 0.30035, 0.28, 0.72, 0.298958
0.8, 0.306708, 0.28, 0.72, 0.302062
0.8, 0.295308, 0.28, 0.72, 0.294315
0.8, 0.311682, 0.28, 0.72, 0.303888
0.8, 0.298811, 0.28, 0.72, 0.293683
0.8, 0.30723, 0.28, 0.72, 0.3043
0.8, 0.310806, 0.28, 0.72, 0.30717
0.8, 0.303999, 0.28, 0.72, 0.304333
0.8, 0.287807, 0.28, 0.72, 0.291578
0.8, 0.301208, 0.28, 0.72, 0.297978
0.8, 0.303714, 0.28, 0.72, 0.305307
0.8, 0.297499, 0.28, 0.72, 0.299477
0.8, 0.30028, 0.28, 0.72, 0.299983
0.8, 0.32017, 0.29, 0.71, 0.317046
0.8, 0.310008, 0.29, 0.71, 0.307633
0.8, 0.303018, 0.29, 0.71, 0.306589
0.8, 0.321694, 0.29, 0.71, 0.316383
0.8, 0.312694, 0.29, 0.71, 0.309314
0.8, 0.312081, 0.29, 0.71, 0.311824
0.8, 0.318283, 0.29, 0.71, 0.313371
0.8, 0.309926, 0.29, 0.71, 0.308825
0.8, 0.313188, 0.29, 0.71, 0.313248
0.8, 0.318524, 0.29, 0.71, 0.311598
0.8, 0.309118, 0.29, 0.71, 0.309093
0.8, 0.319597, 0.29, 0.71, 0.314448
0.8, 0.310486, 0.29, 0.71, 0.304792
0.8, 0.317444, 0.29, 0.71, 0.315105
0.8, 0.321782, 0.29, 0.71, 0.318499
0.8, 0.303643, 0.29, 0.71, 0.312581
0.8, 0.312433, 0.29, 0.71, 0.307826
0.8, 0.304899, 0.29, 0.71, 0.308993
0.8, 0.320357, 0.29, 0.71, 0.316786
0.8, 0.311262, 0.29, 0.71, 0.307317
0.8, 0.314461, 0.29, 0.71, 0.31325
0.8, 0.314881, 0.29, 0.71, 0.31251
0.8, 0.304711, 0.29, 0.71, 0.306259
0.8, 0.315938, 0.29, 0.71, 0.313684
0.8, 0.311362, 0.29, 0.71, 0.310991
0.8, 0.318177, 0.3, 0.7, 0.316279
0.8, 0.320779, 0.3, 0.7, 0.319026
0.8, 0.329992, 0.3, 0.7, 0.327731
0.8, 0.320746, 0.3, 0.7, 0.32845
0.8, 0.331667, 0.3, 0.7, 0.328645
0.8, 0.321911, 0.3, 0.7, 0.324476
0.8, 0.328714, 0.3, 0.7, 0.328
0.8, 0.330927, 0.3, 0.7, 0.328729
0.8, 0.313063, 0.3, 0.7, 0.316747
0.8, 0.336995, 0.3, 0.7, 0.328904
0.8, 0.33474, 0.3, 0.7, 0.330501
0.8, 0.329367, 0.3, 0.7, 0.329047
0.8, 0.329517, 0.3, 0.7, 0.325936
0.8, 0.319604, 0.3, 0.7, 0.321615
0.8, 0.322619, 0.3, 0.7, 0.324164
0.8, 0.326316, 0.3, 0.7, 0.32569
0.8, 0.328447, 0.3, 0.7, 0.325477
0.8, 0.323665, 0.3, 0.7, 0.33
0.8, 0.325751, 0.3, 0.7, 0.323253
0.8, 0.325248, 0.3, 0.7, 0.323858
0.8, 0.330794, 0.3, 0.7, 0.329934
0.8, 0.329191, 0.3, 0.7, 0.324449
0.8, 0.334796, 0.3, 0.7, 0.326866
0.8, 0.32707, 0.3, 0.7, 0.325388
0.8, 0.326579, 0.3, 0.7, 0.323562
0.85, 0.159138, 0.15, 0.85, 0.154543
0.85, 0.155032, 0.15, 0.85, 0.155276
0.85, 0.158589, 0.15, 0.85, 0.155239
0.85, 0.141307, 0.15, 0.85, 0.14603
0.85, 0.154888, 0.15, 0.85, 0.155207
0.85, 0.145496, 0.15, 0.85, 0.145642
0.85, 0.154473, 0.15, 0.85, 0.154489
0.85, 0.158988, 0.15, 0.85, 0.156861
0.85, 0.156511, 0.15, 0.85, 0.153137
0.85, 0.155245, 0.15, 0.85, 0.153384
0.85, 0.151533, 0.15, 0.85, 0.151405
0.85, 0.152061, 0.15, 0.85, 0.151877
0.85, 0.147808, 0.15, 0.85, 0.151915
0.85, 0.156426, 0.15, 0.85, 0.151955
0.85, 0.157814, 0.15, 0.85, 0.155518
0.85, 0.147226, 0.15, 0.85, 0.152689
0.85, 0.154725, 0.15, 0.85, 0.154438
0.85, 0.148798, 0.15, 0.85, 0.151356
0.85, 0.150399, 0.15, 0.85, 0.151757
0.85, 0.154775, 0.15, 0.85, 0.15145
0.85, 0.156538, 0.15, 0.85, 0.156083
0.85, 0.150114, 0.15, 0.85, 0.15446
0.85, 0.152733, 0.15, 0.85, 0.155941
0.85, 0.156889, 0.15, 0.85, 0.15439
0.85, 0.148207, 0.15, 0.85, 0.151335
0.85, 0.165829, 0.16, 0.84, 0.167669
0.85, 0.164623, 0.16, 0.84, 0.162914
0.85, 0.161754, 0.16, 0.84, 0.158898
0.85, 0.164488, 0.16, 0.84, 0.163464
0.85, 0.163904, 0.16, 0.84, 0.163303
0.85, 0.165232, 0.16, 0.84, 0.171132
0.85, 0.163352, 0.16, 0.84, 0.165332
0.85, 0.161285, 0.16, 0.84, 0.161864
0.85, 0.163879, 0.16, 0.84, 0.161514
0.85, 0.163756, 0.16, 0.84, 0.166979
0.85, 0.163041, 0.16, 0.84, 0.162304
0.85, 0.169378, 0.16, 0.84, 0.164126
0.85, 0.167234, 0.16, 0.84, 0.163034
0.85, 0.165044, 0.16, 0.84, 0.167033
0.85, 0.160182, 0.16, 0.84, 0.162669
0.85, 0.166093, 0.16, 0.84, 0.163134
0.85, 0.165236, 0.16, 0.84, 0.163903
0.85, 0.163922, 0.16, 0.84, 0.161149
0.85, 0.160138, 0.16, 0.84, 0.163628
0.85, 0.161332, 0.16, 0.84, 0.16169
0.85, 0.167167, 0.16, 0.84, 0.165893
0.85, 0.167101, 0.16, 0.84, 0.163896
0.85, 0.16102, 0.16, 0.84, 0.157273
0.85, 0.161779, 0.16, 0.84, 0.163358
0.85, 0.168816, 0.16, 0.84, 0.16777
0.85, 0.168514, 0.17, 0.83, 0.169339
0.85, 0.176965, 0.17, 0.83, 0.175103
0.85, 0.174431, 0.17, 0.83, 0.173002
0.85, 0.178695, 0.17, 0.83, 0.179415
0.85, 0.17222, 0.17, 0.83, 0.176269
0.85, 0.165259, 0.17, 0.83, 0.172677
0.85, 0.179681, 0.17, 0.83, 0.17953
0.85, 0.173671, 0.17, 0.83, 0.177157
0.85, 0.172317, 0.17, 0.83, 0.174519
0.85, 0.178301, 0.17, 0.83, 0.177597
0.85, 0.171697, 0.17, 0.83, 0.174563
0.85, 0.178989, 0.17, 0.83, 0.180128
0.85, 0.169413, 0.17, 0.83, 0.172562
0.85, 0.173884, 0.17, 0.83, 0.173897
0.85, 0.166087, 0.17, 0.83, 0.171041
0.85, 0.171712, 0.17, 0.83, 0.17489
0.85, 0.173375, 0.17, 0.83, 0.174494
0.85, 0.183317, 0.17, 0.83, 0.179755
0.85, 0.178402, 0.17, 0.83, 0.177184
0.85, 0.179452, 0.17, 0.83, 0.177879
0.85, 0.175536, 0.17, 0.83, 0.176442
0.85, 0.180809, 0.17, 0.83, 0.181054
0.85, 0.170204, 0.17, 0.83, 0.168608
0.85, 0.173917, 0.17, 0.83, 0.175205
0.85, 0.168918, 0.17, 0.83, 0.172869
0.85, 0.18731, 0.18, 0.82, 0.18581
0.85, 0.178538, 0.18, 0.82, 0.179719
0.85, 0.184277, 0.18, 0.82, 0.186365
0.85, 0.183346, 0.18, 0.82, 0.186949
0.85, 0.18875, 0.18, 0.82, 0.18913
0.85, 0.19377, 0.18, 0.82, 0.191439
0.85, 0.182342, 0.18, 0.82, 0.185262
0.85, 0.184287, 0.18, 0.82, 0.18476
0.85, 0.184881, 0.18, 0.82, 0.187171
0.85, 0.189905, 0.18, 0.82, 0.186729
0.85, 0.186999, 0.18, 0.82, 0.187981
0.85, 0.184838, 0.18, 0.82, 0.185641
0.85, 0.189887, 0.18, 0.82, 0.187117
0.85, 0.184255, 0.18, 0.82, 0.188815
0.85, 0.197541, 0.18, 0.82, 0.191062
0.85, 0.18036, 0.18, 0.82, 0.182445
0.85, 0.186052, 0.18, 0.82, 0.185223
0.85, 0.181394, 0.18, 0.82, 0.183628
0.85, 0.180452, 0.18, 0.82, 0.183261
0.85, 0.185849, 0.18, 0.82, 0.184582
0.85, 0.180485, 0.18, 0.82, 0.18151
0.85, 0.194368, 0.18, 0.82, 0.188589
0.85, 0.18588, 0.18, 0.82, 0.186112
0.85, 0.187705, 0.18, 0.82, 0.184648
0.85, 0.184027, 0.18, 0.82, 0.183722
0.85, 0.195237, 0.19, 0.81, 0.197245
0.85, 0.190783, 0.19, 0.81, 0.192758
0.85, 0.198045, 0.19, 0.81, 0.195529
0.85, 0.19975, 0.19, 0.81, 0.2
0.85, 0.196652, 0.19, 0.81, 0.195566
0.85, 0.200021, 0.19, 0.81, 0.196081
0.85, 0.195739, 0.19, 0.81, 0.193222
0.85, 0.195555, 0.19, 0.81, 0.19732
0.85, 0.197188, 0.19, 0.81, 0.198826
0.85, 0.195726, 0.19, 0.81, 0.191419
0.85, 0.193466, 0.19, 0.81, 0.19498
0.85, 0.200157, 0.19, 0.81, 0.198765
0.85, 0.191728, 0.19, 0.81, 0.195102
0.85, 0.202499, 0.19, 0.81, 0.202375
0.85, 0.19428, 0.19, 0.81, 0.197169
0.85, 0.191699, 0.19, 0.81, 0.191205
0.85, 0.193638, 0.19, 0.81, 0.194498
0.85, 0.190962, 0.19, 0.81, 0.19568
0.85, 0.212739, 0.19, 0.81, 0.207865
0.85, 0.201344, 0.19, 0.81, 0.2004
0.85, 0.198815, 0.19, 0.81, 0.195623
0.85, 0.191802, 0.19, 0.81, 0.196599
0.85, 0.19631, 0.19, 0.81, 0.195004
0.85, 0.201212, 0.19, 0.81, 0.200043
0.85, 0.186984, 0.19, 0.81, 0.192324
0.85, 0.200621, 0.2, 0.8, 0.20261
0.85, 0.213151, 0.2, 0.8, 0.212362
0.85, 0.205389, 0.2, 0.8, 0.20616
0.85, 0.196759, 0.2, 0.8, 0.203114
0.85, 0.21576, 0.2, 0.8, 0.212447
0.85, 0.207585, 0.2, 0.8, 0.210926
0.85, 0.20693, 0.2, 0.8, 0.205179
0.85, 0.197585, 0.2, 0.8, 0.199572
0.85, 0.207938, 0.2, 0.8, 0.208127
0.85, 0.201122, 0.2, 0.8, 0.206607
0.85, 0.20877, 0.2, 0.8, 0.207201
0.85, 0.208008, 0.2, 0.8, 0.212013
0.85, 0.201332, 0.2, 0.8, 0.203094
0.85, 0.20545, 0.2, 0.8, 0.204859
0.85, 0.211134, 0.2, 0.8, 0.211538
0.85, 0.211446, 0.2, 0.8, 0.209607
0.85, 0.209765, 0.2, 0.8, 0.207788
0.85, 0.204121, 0.2, 0.8, 0.202452
0.85, 0.207648, 0.2, 0.8, 0.206107
0.85, 0.206273, 0.2, 0.8, 0.204334
0.85, 0.21653, 0.2, 0.8, 0.21077
0.85, 0.201979, 0.2, 0.8, 0.203796
0.85, 0.20805, 0.2, 0.8, 0.205394
0.85, 0.201742, 0.2, 0.8, 0.207653
0.85, 0.213124, 0.2, 0.8, 0.211595
0.85, 0.222273, 0.21, 0.79, 0.22151
0.85, 0.215677, 0.21, 0.79, 0.21562
0.85, 0.220986, 0.21, 0.79, 0.218689
0.85, 0.212722, 0.21, 0.79, 0.215242
0.85, 0.222587, 0.21, 0.79, 0.220931
0.85, 0.227315, 0.21, 0.79, 0.227632
0.85, 0.214665, 0.21, 0.79, 0.220947
0.85, 0.21588, 0.21, 0.79, 0.219224
0.85, 0.218119, 0.21, 0.79, 0.217157
0.85, 0.227641, 0.21, 0.79, 0.225509
0.85, 0.223734, 0.21, 0.79, 0.225046
0.85, 0.209267, 0.21, 0.79, 0.218782
0.85, 0.2199, 0.21, 0.79, 0.22239
0.85, 0.228027, 0.21, 0.79, 0.226389
0.85, 0.221045, 0.21, 0.79, 0.222453
0.85, 0.222089, 0.21, 0.79, 0.221427
0.85, 0.210778, 0.21, 0.79, 0.21645
0.85, 0.218032, 0.21, 0.79, 0.221282
0.85, 0.216038, 0.21, 0.79, 0.216731
0.85, 0.218342, 0.21, 0.79, 0.218284
0.85, 0.217629, 0.21, 0.79, 0.22015
0.85, 0.214126, 0.21, 0.79, 0.217961
0.85, 0.214924, 0.21, 0.79, 0.218021
0.85, 0.230046, 0.21, 0.79, 0.227072
0.85, 0.226902, 0.21, 0.79, 0.225765
0.85, 0.228384, 0.22, 0.78, 0.228747
0.85, 0.224713, 0.22, 0.78, 0.228961
0.85, 0.232594, 0.22, 0.78, 0.233274
0.85, 0.23598, 0.22, 0.78, 0.234635
0.85, 0.225495, 0.22, 0.78, 0.225998
0.85, 0.23715, 0.22, 0.78, 0.232954
0.85, 0.229986, 0.22, 0.78, 0.22862
0.85, 0.235846, 0.22, 0.78, 0.233303
0.85, 0.236274, 0.22, 0.78, 0.232455
0.85, 0.233514, 0.22, 0.78, 0.229941
0.85, 0.227731, 0.22, 0.78, 0.230168
0.85, 0.226497, 0.22, 0.78, 0.226916
0.85, 0.242365, 0.22, 0.78, 0.235759
0.85, 0.235566, 0.22, 0.78, 0.231136
0.85, 0.226332, 0.22, 0.78, 0.229436
0.85, 0.22814, 0.22, 0.78, 0.227964
0.85, 0.234791, 0.22, 0.78, 0.230953
0.85, 0.225205, 0.22, 0.78, 0.230084
0.85, 0.227154, 0.22, 0.78, 0.228265
0.85, 0.221885, 0.22, 0.78, 0.226107
0.85, 0.235706, 0.22, 0.78, 0.231577
0.85, 0.227781, 0.22, 0.78, 0.226592
0.85, 0.23806, 0.22, 0.78, 0.237561
0.85, 0.232283, 0.22, 0.78, 0.234114
0.85, 0.235241, 0.22, 0.78, 0.231555
0.85, 0.249152, 0.23, 0.77, 0.24878
0.85, 0.236346, 0.23, 0.77, 0.240464
0.85, 0.249955, 0.23, 0.77, 0.247853
0.85, 0.238811, 0.23, 0.77, 0.236167
0.85, 0.254382, 0.23, 0.77, 0.251366
0.85, 0.249252, 0.23, 0.77, 0.245132
0.85, 0.24982, 0.23, 0.77, 0.246491
0.85, 0.248397, 0.23, 0.77, 0.245222
0.85, 0.244535, 0.23, 0.77, 0.242072
0.85, 0.242897, 0.23, 0.77, 0.244128
0.85, 0.244616, 0.23, 0.77, 0.245012
0.85, 0.244788, 0.23, 0.77, 0.245723
0.85, 0.237358, 0.23, 0.77, 0.245289
0.85, 0.242121, 0.23, 0.77, 0.242805
0.85, 0.239175, 0.23, 0.77, 0.241357
0.85, 0.239023, 0.23, 0.77, 0.24295
0.85, 0.246296, 0.23, 0.77, 0.246813
0.85, 0.242619, 0.23, 0.77, 0.248518
0.85, 0.244526, 0.23, 0.77, 0.244278
0.85, 0.246168, 0.23, 0.77, 0.242478
0.85, 0.243026, 0.23, 0.77, 0.244108
0.85, 0.250518, 0.23, 0.77, 0.248541
0.85, 0.247722, 0.23, 0.77, 0.24364
0.85, 0.250791, 0.23, 0.77, 0.249454
0.85, 0.243614, 0.23, 0.77, 0.24707
0.85, 0.257228, 0.24, 0.76, 0.25522
0.85, 0.245872, 0.24, 0.76, 0.251109
0.85, 0.255588, 0.24, 0.76, 0.25683
0.85, 0.254348, 0.24, 0.76, 0.255186
0.85, 0.258042, 0.24, 0.76, 0.257086
0.85, 0.255375, 0.24, 0.76, 0.255758
0.85, 0.258807, 0.24, 0.76, 0.25366
0.85, 0.253736, 0.24, 0.76, 0.257788
0.85, 0.254503, 0.24, 0.76, 0.252735
0.85, 0.257788, 0.24, 0.76, 0.25296
0.85, 0.25384, 0.24, 0.76, 0.254135
0.85, 0.253516, 0.24, 0.76, 0.251572
0.85, 0.262687, 0.24, 0.76, 0.25675
0.85, 0.248538, 0.24, 0.76, 0.251995
0.85, 0.256412, 0.24, 0.76, 0.252009
0.85, 0.250856, 0.24, 0.76, 0.253469
0.85, 0.258229, 0.24, 0.76, 0.256569
0.85, 0.254148, 0.24, 0.76, 0.254001
0.85, 0.257253, 0.24, 0.76, 0.252843
0.85, 0.251919, 0.24, 0.76, 0.252568
0.85, 0.257259, 0.24, 0.76, 0.253759
0.85, 0.25652, 0.24, 0.76, 0.25096
0.85, 0.25746, 0.24, 0.76, 0.257686
0.85, 0.25645, 0.24, 0.76, 0.25794
0.85, 0.249102, 0.24, 0.76, 0.252985
0.85, 0.269578, 0.25, 0.75, 0.268565
0.85, 0.262635, 0.25, 0.75, 0.262036
0.85, 0.271322, 0.25, 0.75, 0.272181
0.85, 0.269938, 0.25, 0.75, 0.266667
0.85, 0.274306, 0.25, 0.75, 0.268565
0.85, 0.261818, 0.25, 0.75, 0.26598
0.85, 0.262165, 0.25, 0.75, 0.270567
0.85, 0.2651, 0.25, 0.75, 0.267802
0.85, 0.267736, 0.25, 0.75, 0.262741
0.85, 0.268724, 0.25, 0.75, 0.262239
0.85, 0.269758, 0.25, 0.75, 0.266638
0.85, 0.275098, 0.25, 0.75, 0.272692
0.85, 0.266666, 0.25, 0.75, 0.266191
0.85, 0.270989, 0.25, 0.75, 0.269348
0.85, 0.268417, 0.25, 0.75, 0.268301
0.85, 0.267674, 0.25, 0.75, 0.271266
0.85, 0.27475, 0.25, 0.75, 0.2741
0.85, 0.259999, 0.25, 0.75, 0.26349
0.85, 0.267794, 0.25, 0.75, 0.269974
0.85, 0.276264, 0.25, 0.75, 0.274671
0.85, 0.272012, 0.25, 0.75, 0.270837
0.85, 0.269928, 0.25, 0.75, 0.268876
0.85, 0.274019, 0.25, 0.75, 0.268658
0.85, 0.264107, 0.25, 0.75, 0.261655
0.85, 0.265571, 0.25, 0.75, 0.265942
0.85, 0.271819, 0.26, 0.74, 0.279896
0.85, 0.276777, 0.26, 0.74, 0.274317
0.85, 0.279205, 0.26, 0.74, 0.27542
0.85, 0.282367, 0.26, 0.74, 0.277912
0.85, 0.271424, 0.26, 0.74, 0.27191
0.85, 0.283837, 0.26, 0.74, 0.28367
0.85, 0.279594, 0.26, 0.74, 0.2755
0.85, 0.282843, 0.26, 0.74, 0.283324
0.85, 0.275755, 0.26, 0.74, 0.28015
0.85, 0.281732, 0.26, 0.74, 0.281471
0.85, 0.286589, 0.26, 0.74, 0.28584
0.85, 0.277364, 0.26, 0.74, 0.276716
0.85, 0.276323, 0.26, 0.74, 0.273429
0.85, 0.275674, 0.26, 0.74, 0.281267
0.85, 0.270398, 0.26, 0.74, 0.275788
0.85, 0.283214, 0.26, 0.74, 0.282063
0.85, 0.276032, 0.26, 0.74, 0.272383
0.85, 0.281604, 0.26, 0.74, 0.282696
0.85, 0.277706, 0.26, 0.74, 0.279357
0.85, 0.279278, 0.26, 0.74, 0.278517
0.85, 0.274374, 0.26, 0.74, 0.280589
0.85, 0.279121, 0.26, 0.74, 0.275788
0.85, 0.287207, 0.26, 0.74, 0.279463
0.85, 0.280376, 0.26, 0.74, 0.277694
0.85, 0.282097, 0.26, 0.74, 0.280439
0.85, 0.296147, 0.27, 0.73, 0.293507
0.85, 0.284299, 0.27, 0.73, 0.286605
0.85, 0.295847, 0.27, 0.73, 0.290261
0.85, 0.296763, 0.27, 0.73, 0.292668
0.85, 0.295662, 0.27, 0.73, 0.295328
0.85, 0.293086, 0.27, 0.73, 0.285698
0.85, 0.293778, 0.27, 0.73, 0.291953
0.85, 0.289625, 0.27, 0.73, 0.29297
0.85, 0.289804, 0.27, 0.73, 0.290685
0.85, 0.290604, 0.27, 0.73, 0.28956
0.85, 0.289048, 0.27, 0.73, 0.288956
0.85, 0.293493, 0.27, 0.73, 0.297375
0.85, 0.288257, 0.27, 0.73, 0.292297
0.85, 0.296633, 0.27, 0.73, 0.294794
0.85, 0.298991, 0.27, 0.73, 0.290491
0.85, 0.291094, 0.27, 0.73, 0.29275
0.85, 0.291024, 0.27, 0.73, 0.293169
0.85, 0.296204, 0.27, 0.73, 0.292079
0.85, 0.290786, 0.27, 0.73, 0.292539
0.85, 0.284418, 0.27, 0.73, 0.28707
0.85, 0.297496, 0.27, 0.73, 0.293492
0.85, 0.301957, 0.27, 0.73, 0.297836
0.85, 0.298339, 0.27, 0.73, 0.295748
0.85, 0.291311, 0.27, 0.73, 0.288402
0.85, 0.289256, 0.27, 0.73, 0.28884
0.85, 0.294336, 0.28, 0.72, 0.299342
0.85, 0.295838, 0.28, 0.72, 0.298268
0.85, 0.304762, 0.28, 0.72, 0.302278
0.85, 0.310336, 0.28, 0.72, 0.305635
0.85, 0.303012, 0.28, 0.72, 0.304791
0.85, 0.308824, 0.28, 0.72, 0.302959
0.85, 0.303765, 0.28, 0.72, 0.306055
0.85, 0.308059, 0.28, 0.72, 0.304979
0.85, 0.303823, 0.28, 0.72, 0.30128
0.85, 0.306199, 0.28, 0.72, 0.304392
0.85, 0.306872, 0.28, 0.72, 0.300653
0.85, 0.30591, 0.28, 0.72, 0.30428
0.85, 0.315083, 0.28, 0.72, 0.31168
0.85, 0.312013, 0.28, 0.72, 0.304484
0.85, 0.306094, 0.28, 0.72, 0.305649
0.85, 0.306758, 0.28, 0.72, 0.303114
0.85, 0.300195, 0.28, 0.72, 0.30247
0.85, 0.297507, 0.28, 0.72, 0.302165
0.85, 0.302225, 0.28, 0.72, 0.300956
0.85, 0.308955, 0.28, 0.72, 0.309643
0.85, 0.301346, 0.28, 0.72, 0.298615
0.85, 0.308011, 0.28, 0.72, 0.309002
0.85, 0.300688, 0.28, 0.72, 0.302624
0.85, 0.299905, 0.28, 0.72, 0.296705
0.85, 0.311184, 0.28, 0.72, 0.307203
0.85, 0.318044, 0.29, 0.71, 0.315854
0.85, 0.314265, 0.29, 0.71, 0.313256
0.85, 0.324165, 0.29, 0.71, 0.321212
0.85, 0.323621, 0.29, 0.71, 0.32124
0.85, 0.305857, 0.29, 0.71, 0.312871
0.85, 0.312736, 0.29, 0.71, 0.310266
0.85, 0.318769, 0.29, 0.71, 0.319875
0.85, 0.328303, 0.29, 0.71, 0.319153
0.85, 0.31739, 0.29, 0.71, 0.315571
0.85, 0.324711, 0.29, 0.71, 0.318383
0.85, 0.31907, 0.29, 0.71, 0.315646
0.85, 0.3132, 0.29, 0.71, 0.314501
0.85, 0.313225, 0.29, 0.71, 0.317768
0.85, 0.320004, 0.29, 0.71, 0.311859
0.85, 0.318571, 0.29, 0.71, 0.317745
0.85, 0.317494, 0.29, 0.71, 0.31668
0.85, 0.311365, 0.29, 0.71, 0.315877
0.85, 0.329165, 0.29, 0.71, 0.321116
0.85, 0.319969, 0.29, 0.71, 0.31588
0.85, 0.319048, 0.29, 0.71, 0.314789
0.85, 0.32103, 0.29, 0.71, 0.319178
0.85, 0.322224, 0.29, 0.71, 0.31961
0.85, 0.306441, 0.29, 0.71, 0.305199
0.85, 0.313177, 0.29, 0.71, 0.311122
0.85, 0.313461, 0.29, 0.71, 0.312217
0.85, 0.336217, 0.3, 0.7, 0.328971
0.85, 0.331013, 0.3, 0.7, 0.325297
0.85, 0.3358, 0.3, 0.7, 0.326215
0.85, 0.325375, 0.3, 0.7, 0.323323
0.85, 0.33163, 0.3, 0.7, 0.323021
0.85, 0.320177, 0.3, 0.7, 0.320184
0.85, 0.325724, 0.3, 0.7, 0.321066
0.85, 0.328234, 0.3, 0.7, 0.325121
0.85, 0.328438, 0.3, 0.7, 0.330472
0.85, 0.326926, 0.3, 0.7, 0.322811
0.85, 0.332315, 0.3, 0.7, 0.325811
0.85, 0.330365, 0.3, 0.7, 0.32514
0.85, 0.3234, 0.3, 0.7, 0.325812
0.85, 0.331613, 0.3, 0.7, 0.32843
0.85, 0.338568, 0.3, 0.7, 0.330367
0.85, 0.335108, 0.3, 0.7, 0.333946
0.85, 0.329199, 0.3, 0.7, 0.324843
0.85, 0.32799, 0.3, 0.7, 0.327826
0.85, 0.33383, 0.3, 0.7, 0.327504
0.85, 0.327148, 0.3, 0.7, 0.331299
0.85, 0.326454, 0.3, 0.7, 0.325923
0.85, 0.333156, 0.3, 0.7, 0.33412
0.85, 0.323842, 0.3, 0.7, 0.324533
0.85, 0.339079, 0.3, 0.7, 0.331735
0.85, 0.318436, 0.3, 0.7, 0.32329
0.9, 0.152835, 0.15, 0.85, 0.151615
0.9, 0.147225, 0.15, 0.85, 0.152106
0.9, 0.156853, 0.15, 0.85, 0.155643
0.9, 0.159678, 0.15, 0.85, 0.158281
0.9, 0.157867, 0.15, 0.85, 0.15422
0.9, 0.162234, 0.15, 0.85, 0.159318
0.9, 0.157236, 0.15, 0.85, 0.157266
0.9, 0.150215, 0.15, 0.85, 0.153436
0.9, 0.15276, 0.15, 0.85, 0.152717
0.9, 0.161408, 0.15, 0.85, 0.158174
0.9, 0.157931, 0.15, 0.85, 0.156979
0.9, 0.157236, 0.15, 0.85, 0.154744
0.9, 0.153655, 0.15, 0.85, 0.153368
0.9, 0.155899, 0.15, 0.85, 0.158742
0.9, 0.159075, 0.15, 0.85, 0.160532
0.9, 0.148563, 0.15, 0.85, 0.150105
0.9, 0.151162, 0.15, 0.85, 0.153964
0.9, 0.158155, 0.15, 0.85, 0.156863
0.9, 0.15391, 0.15, 0.85, 0.153813
0.9, 0.156052, 0.15, 0.85, 0.153994
0.9, 0.146127, 0.15, 0.85, 0.148188
0.9, 0.158789, 0.15, 0.85, 0.159045
0.9, 0.152773, 0.15, 0.85, 0.150024
0.9, 0.155519, 0.15, 0.85, 0.157557
0.9, 0.156181, 0.15, 0.85, 0.156521
0.9, 0.164583, 0.16, 0.84, 0.167243
0.9, 0.165733, 0.16, 0.84, 0.168898
0.9, 0.164945, 0.16, 0.84, 0.165936
0.9, 0.168299, 0.16, 0.84, 0.165646
0.9, 0.166876, 0.16, 0.84, 0.164459
0.9, 0.16096, 0.16, 0.84, 0.164051
0.9, 0.159981, 0.16, 0.84, 0.164733
0.9, 0.166966, 0.16, 0.84, 0.167469
0.9, 0.16062, 0.16, 0.84, 0.16639
0.9, 0.173024, 0.16, 0.84, 0.169856
0.9, 0.16975, 0.16, 0.84, 0.167798
0.9, 0.161884, 0.16, 0.84, 0.167372
0.9, 0.166773, 0.16, 0.84, 0.167877
0.9, 0.163287, 0.16, 0.84, 0.160469
0.9, 0.16266, 0.16, 0.84, 0.165533
0.9, 0.166479, 0.16, 0.84, 0.166374
0.9, 0.157565, 0.16, 0.84, 0.161674
0.9, 0.164092, 0.16, 0.84, 0.160023
0.9, 0.164448, 0.16, 0.84, 0.16736
0.9, 0.165275, 0.16, 0.84, 0.163191
0.9, 0.163895, 0.16, 0.84, 0.167129
0.9, 0.162908, 0.16, 0.84, 0.165678
0.9, 0.166381, 0.16, 0.84, 0.169042
0.9, 0.165935, 0.16, 0.84, 0.16811
0.9, 0.173232, 0.16, 0.84, 0.167911
0.9, 0.179082, 0.17, 0.83, 0.178392
0.9, 0.177315, 0.17, 0.83, 0.176225
0.9, 0.175248, 0.17, 0.83, 0.17742
0.9, 0.177309, 0.17, 0.83, 0.176191
0.9, 0.181379, 0.17, 0.83, 0.183022
0.9, 0.17677, 0.17, 0.83, 0.177695
0.9, 0.17421, 0.17, 0.83, 0.176729
0.9, 0.181677, 0.17, 0.83, 0.180921
0.9, 0.173762, 0.17, 0.83, 0.177076
0.9, 0.172028, 0.17, 0.83, 0.172456
0.9, 0.175655, 0.17, 0.83, 0.179238
0.9, 0.182393, 0.17, 0.83, 0.183709
0.9, 0.172362, 0.17, 0.83, 0.17164
0.9, 0.176793, 0.17, 0.83, 0.178806
0.9, 0.181738, 0.17, 0.83, 0.178881
0.9, 0.168117, 0.17, 0.83, 0.175427
0.9, 0.170091, 0.17, 0.83, 0.176189
0.9, 0.172431, 0.17, 0.83, 0.17318
0.9, 0.174531, 0.17, 0.83, 0.175534
0.9, 0.168441, 0.17, 0.83, 0.173564
0.9, 0.172108, 0.17, 0.83, 0.176137
0.9, 0.189153, 0.17, 0.83, 0.183164
0.9, 0.183851, 0.17, 0.83, 0.183928
0.9, 0.173305, 0.17, 0.83, 0.174106
0.9, 0.182183, 0.17, 0.83, 0.185511
0.9, 0.191254, 0.18, 0.82, 0.188703
0.9, 0.183028, 0.18, 0.82, 0.187503
0.9, 0.183484, 0.18, 0.82, 0.184944
0.9, 0.184914, 0.18, 0.82, 0.188468
0.9, 0.18651, 0.18, 0.82, 0.18818
0.9, 0.189112, 0.18, 0.82, 0.190476
0.9, 0.190655, 0.18, 0.82, 0.190874
0.9, 0.193051, 0.18, 0.82, 0.193905
0.9, 0.192684, 0.18, 0.82, 0.195685
0.9, 0.192458, 0.18, 0.82, 0.191308
0.9, 0.187587, 0.18, 0.82, 0.188731
0.9, 0.188099, 0.18, 0.82, 0.188245
0.9, 0.18985, 0.18, 0.82, 0.190172
0.9, 0.190019, 0.18, 0.82, 0.18828
0.9, 0.18445, 0.18, 0.82, 0.187992
0.9, 0.191488, 0.18, 0.82, 0.190959
0.9, 0.188264, 0.18, 0.82, 0.187771
0.9, 0.194746, 0.18, 0.82, 0.192815
0.9, 0.188179, 0.18, 0.82, 0.190589
0.9, 0.180626, 0.18, 0.82, 0.182394
0.9, 0.188994, 0.18, 0.82, 0.185595
0.9, 0.192448, 0.18, 0.82, 0.1937
0.9, 0.181271, 0.18, 0.82, 0.179364
0.9, 0.188559, 0.18, 0.82, 0.191751
0.9, 0.194577, 0.18, 0.82, 0.195775
0.9, 0.20372, 0.19, 0.81, 0.204538
0.9, 0.205662, 0.19, 0.81, 0.202614
0.9, 0.196325, 0.19, 0.81, 0.203013
0.9, 0.197809, 0.19, 0.81, 0.200777
0.9, 0.197522, 0.19, 0.81, 0.202709
0.9, 0.201246, 0.19, 0.81, 0.204298
0.9, 0.200135, 0.19, 0.81, 0.195664
0.9, 0.20266, 0.19, 0.81, 0.204969
0.9, 0.198366, 0.19, 0.81, 0.196766
0.9, 0.204593, 0.19, 0.81, 0.201882
0.9, 0.195568, 0.19, 0.81, 0.198812
0.9, 0.203081, 0.19, 0.81, 0.205469
0.9, 0.208209, 0.19, 0.81, 0.205106
0.9, 0.201335, 0.19, 0.81, 0.199067
0.9, 0.203056, 0.19, 0.81, 0.20183
0.9, 0.19624, 0.19, 0.81, 0.196192
0.9, 0.201814, 0.19, 0.81, 0.200803
0.9, 0.202561, 0.19, 0.81, 0.200108
0.9, 0.196349, 0.19, 0.81, 0.19809
0.9, 0.206475, 0.19, 0.81, 0.202359
0.9, 0.194329, 0.19, 0.81, 0.19564
0.9, 0.200167, 0.19, 0.81, 0.198595
0.9, 0.201025, 0.19, 0.81, 0.202171
0.9, 0.195541, 0.19, 0.81, 0.198234
0.9, 0.200341, 0.19, 0.81, 0.202558
0.9, 0.208135, 0.2, 0.8, 0.206934
0.9, 0.213038, 0.2, 0.8, 0.211559
0.9, 0.216411, 0.2, 0.8, 0.214702
0.9, 0.211784, 0.2, 0.8, 0.207438
0.9, 0.211266, 0.2, 0.8, 0.209046
0.9, 0.219138, 0.2, 0.8, 0.216879
0.9, 0.214755, 0.2, 0.8, 0.213547
0.9, 0.212902, 0.2, 0.8, 0.215562
0.9, 0.209185, 0.2, 0.8, 0.212003
0.9, 0.212004, 0.2, 0.8, 0.217812
0.9, 0.21736, 0.2, 0.8, 0.214997
0.9, 0.211353, 0.2, 0.8, 0.209966
0.9, 0.21091, 0.2, 0.8, 0.211046
0.9, 0.20636, 0.2, 0.8, 0.204739
0.9, 0.209727, 0.2, 0.8, 0.212401
0.9, 0.209355, 0.2, 0.8, 0.209529
0.9, 0.216126, 0.2, 0.8, 0.212507
0.9, 0.20606, 0.2, 0.8, 0.208996
0.9, 0.218935, 0.2, 0.8, 0.212843
0.9, 0.210861, 0.2, 0.8, 0.210655
0.9, 0.211995, 0.2, 0.8, 0.213164
0.9, 0.207927, 0.2, 0.8, 0.20987
0.9, 0.216491, 0.2, 0.8, 0.210351
0.9, 0.207955, 0.2, 0.8, 0.209481
0.9, 0.206851, 0.2, 0.8, 0.205278
0.9, 0.214101, 0.21, 0.79, 0.216651
0.9, 0.218646, 0.21, 0.79, 0.217628
0.9, 0.221336, 0.21, 0.79, 0.222834
0.9, 0.226642, 0.21, 0.79, 0.223524
0.9, 0.21582, 0.21, 0.79, 0.217266
0.9, 0.226086, 0.21, 0.79, 0.228919
0.9, 0.213888, 0.21, 0.79, 0.219348
0.9, 0.219324, 0.21, 0.79, 0.21705
0.9, 0.227153, 0.21, 0.79, 0.228879
0.9, 0.220084, 0.21, 0.79, 0.222052
0.9, 0.220131, 0.21, 0.79, 0.223366
0.9, 0.221185, 0.21, 0.79, 0.222049
0.9, 0.222628, 0.21, 0.79, 0.224369
0.9, 0.220748, 0.21, 0.79, 0.223215
0.9, 0.225132, 0.21, 0.79, 0.222366
0.9, 0.220135, 0.21, 0.79, 0.224114
0.9, 0.220142, 0.21, 0.79, 0.219096
0.9, 0.217572, 0.21, 0.79, 0.215103
0.9, 0.215216, 0.21, 0.79, 0.218904
0.9, 0.229554, 0.21, 0.79, 0.224471
0.9, 0.223365, 0.21, 0.79, 0.225829
0.9, 0.2238, 0.21, 0.79, 0.22293
0.9, 0.223831, 0.21, 0.79, 0.222593
0.9, 0.220299, 0.21, 0.79, 0.222536
0.9, 0.231504, 0.21, 0.79, 0.226627
0.9, 0.239136, 0.22, 0.78, 0.235547
0.9, 0.221854, 0.22, 0.78, 0.225554
0.9, 0.230164, 0.22, 0.78, 0.227549
0.9, 0.234969, 0.22, 0.78, 0.233861
0.9, 0.240222, 0.22, 0.78, 0.238633
0.9, 0.23106, 0.22, 0.78, 0.232302
0.9, 0.237214, 0.22, 0.78, 0.234357
0.9, 0.231243, 0.22, 0.78, 0.235582
0.9, 0.23358, 0.22, 0.78, 0.23102
0.9, 0.229434, 0.22, 0.78, 0.231405
0.9, 0.232489, 0.22, 0.78, 0.232419
0.9, 0.22396, 0.22, 0.78, 0.230135
0.9, 0.23406, 0.22, 0.78, 0.231816
0.9, 0.23181, 0.22, 0.78, 0.232925
0.9, 0.232236, 0.22, 0.78, 0.234747
0.9, 0.226365, 0.22, 0.78, 0.232427
0.9, 0.23064, 0.22, 0.78, 0.235556
0.9, 0.237952, 0.22, 0.78, 0.237306
0.9, 0.237854, 0.22, 0.78, 0.235763
0.9, 0.238114, 0.22, 0.78, 0.240645
0.9, 0.240328, 0.22, 0.78, 0.232591
0.9, 0.242479, 0.22, 0.78, 0.244324
0.9, 0.234546, 0.22, 0.78, 0.232684
0.9, 0.236201, 0.22, 0.78, 0.234787
0.9, 0.225266, 0.22, 0.78, 0.229024
0.9, 0.244608, 0.23, 0.77, 0.247908
0.9, 0.24957, 0.23, 0.77, 0.248078
0.9, 0.245, 0.23, 0.77, 0.246962
0.9, 0.242771, 0.23, 0.77, 0.244666
0.9, 0.243731, 0.23, 0.77, 0.244015
0.9, 0.249685, 0.23, 0.77, 0.24645
0.9, 0.2495, 0.23, 0.77, 0.246559
0.9, 0.247864, 0.23, 0.77, 0.245662
0.9, 0.24952, 0.23, 0.77, 0.250068
0.9, 0.244466, 0.23, 0.77, 0.245352
0.9, 0.240403, 0.23, 0.77, 0.240201
0.9, 0.24021, 0.23, 0.77, 0.244178
0.9, 0.237351, 0.23, 0.77, 0.243547
0.9, 0.249339, 0.23, 0.77, 0.250163
0.9, 0.249599, 0.23, 0.77, 0.248186
0.9, 0.241692, 0.23, 0.77, 0.24296
0.9, 0.24444, 0.23, 0.77, 0.242736
0.9, 0.238187, 0.23, 0.77, 0.242324
0.9, 0.244705, 0.23, 0.77, 0.245723
0.9, 0.242562, 0.23, 0.77, 0.241387
0.9, 0.245014, 0.23, 0.77, 0.24776
0.9, 0.24595, 0.23, 0.77, 0.244827
0.9, 0.242454, 0.23, 0.77, 0.240887
0.9, 0.253088, 0.23, 0.77, 0.253282
0.9, 0.249141, 0.23, 0.77, 0.247255
0.9, 0.25377, 0.24, 0.76, 0.255685
0.9, 0.255698, 0.24, 0.76, 0.259329
0.9, 0.260038, 0.24, 0.76, 0.256571
0.9, 0.26165, 0.24, 0.76, 0.258716
0.9, 0.259724, 0.24, 0.76, 0.258107
0.9, 0.261439, 0.24, 0.76, 0.258689
0.9, 0.264945, 0.24, 0.76, 0.259002
0.9, 0.257267, 0.24, 0.76, 0.261337
0.9, 0.253865, 0.24, 0.76, 0.247508
0.9, 0.252737, 0.24, 0.76, 0.256382
0.9, 0.2562, 0.24, 0.76, 0.257342
0.9, 0.266382, 0.24, 0.76, 0.268397
0.9, 0.258822, 0.24, 0.76, 0.259371
0.9, 0.260993, 0.24, 0.76, 0.261905
0.9, 0.265074, 0.24, 0.76, 0.260476
0.9, 0.251591, 0.24, 0.76, 0.250163
0.9, 0.250901, 0.24, 0.76, 0.251331
0.9, 0.260469, 0.24, 0.76, 0.2594
0.9, 0.258981, 0.24, 0.76, 0.254909
0.9, 0.261606, 0.24, 0.76, 0.253184
0.9, 0.257115, 0.24, 0.76, 0.256985
0.9, 0.246213, 0.24, 0.76, 0.251129
0.9, 0.254469, 0.24, 0.76, 0.256462
0.9, 0.270029, 0.24, 0.76, 0.259365
0.9, 0.260441, 0.24, 0.76, 0.257593
0.9, 0.274353, 0.25, 0.75, 0.273109
0.9, 0.279818, 0.25, 0.75, 0.269315
0.9, 0.267006, 0.25, 0.75, 0.267644
0.9, 0.264876, 0.25, 0.75, 0.264888
0.9, 0.275983, 0.25, 0.75, 0.269402
0.9, 0.268822, 0.25, 0.75, 0.270901
0.9, 0.276257, 0.25, 0.75, 0.270245
0.9, 0.266295, 0.25, 0.75, 0.265634
0.9, 0.27395, 0.25, 0.75, 0.27245
0.9, 0.269553, 0.25, 0.75, 0.268806
0.9, 0.268911, 0.25, 0.75, 0.271596
0.9, 0.273808, 0.25, 0.75, 0.271096
0.9, 0.255678, 0.25, 0.75, 0.262025
0.9, 0.274697, 0.25, 0.75, 0.269237
0.9, 0.268946, 0.25, 0.75, 0.268759
0.9, 0.270447, 0.25, 0.75, 0.275038
0.9, 0.275253, 0.25, 0.75, 0.273404
0.9, 0.27217, 0.25, 0.75, 0.271533
0.9, 0.273549, 0.25, 0.75, 0.273723
0.9, 0.27293, 0.25, 0.75, 0.269229
0.9, 0.267844, 0.25, 0.75, 0.26797
0.9, 0.266841, 0.25, 0.75, 0.266961
0.9, 0.264929, 0.25, 0.75, 0.264797
0.9, 0.266483, 0.25, 0.75, 0.263933
0.9, 0.263609, 0.25, 0.75, 0.263983
0.9, 0.283925, 0.26, 0.74, 0.280475
0.9, 0.289722, 0.26, 0.74, 0.287811
0.9, 0.289243, 0.26, 0.74, 0.284062
0.9, 0.275962, 0.26, 0.74, 0.276271
0.9, 0.292905, 0.26, 0.74, 0.287428
0.9, 0.28603, 0.26, 0.74, 0.28506
0.9, 0.285613, 0.26, 0.74, 0.284284
0.9, 0.275787, 0.26, 0.74, 0.276546
0.9, 0.273544, 0.26, 0.74, 0.278154
0.9, 0.274961, 0.26, 0.74, 0.276003
0.9, 0.272587, 0.26, 0.74, 0.277547
0.9, 0.291293, 0.26, 0.74, 0.283603
0.9, 0.284329, 0.26, 0.74, 0.284411
0.9, 0.284764, 0.26, 0.74, 0.280287
0.9, 0.286289, 0.26, 0.74, 0.28409
0.9, 0.286071, 0.26, 0.74, 0.287222
0.9, 0.283807, 0.26, 0.74, 0.276725
0.9, 0.277954, 0.26, 0.74, 0.279787
0.9, 0.277969, 0.26, 0.74, 0.278721
0.9, 0.277252, 0.26, 0.74, 0.279742
0.9, 0.28199, 0.26, 0.74, 0.277633
0.9, 0.282651, 0.26, 0.74, 0.283294
0.9, 0.28679, 0.26, 0.74, 0.287067
0.9, 0.276575, 0.26, 0.74, 0.279144
0.9, 0.283006, 0.26, 0.74, 0.281485
0.9, 0.28336, 0.27, 0.73, 0.290026
0.9, 0.286855, 0.27, 0.73, 0.289938
0.9, 0.298641, 0.27, 0.73, 0.301171
0.9, 0.294259, 0.27, 0.73, 0.290047
0.9, 0.285743, 0.27, 0.73, 0.28994
0.9, 0.297074, 0.27, 0.73, 0.290936
0.9, 0.295538, 0.27, 0.73, 0.295881
0.9, 0.297743, 0.27, 0.73, 0.295066
0.9, 0.302351, 0.27, 0.73, 0.297374
0.9, 0.292286, 0.27, 0.73, 0.287791
0.9, 0.301113, 0.27, 0.73, 0.297726
0.9, 0.289355, 0.27, 0.73, 0.29226
0.9, 0.292132, 0.27, 0.73, 0.294062
0.9, 0.295337, 0.27, 0.73, 0.29301
0.9, 0.289653, 0.27, 0.73, 0.290957
0.9, 0.300712, 0.27, 0.73, 0.293673
0.9, 0.295853, 0.27, 0.73, 0.292259
0.9, 0.297026, 0.27, 0.73, 0.298526
0.9, 0.299921, 0.27, 0.73, 0.292783
0.9, 0.300403, 0.27, 0.73, 0.292449
0.9, 0.292209, 0.27, 0.73, 0.292096
0.9, 0.294738, 0.27, 0.73, 0.291044
0.9, 0.29921, 0.27, 0.73, 0.296162
0.9, 0.292129, 0.27, 0.73, 0.290778
0.9, 0.287129, 0.27, 0.73, 0.292141
0.9, 0.307077, 0.28, 0.72, 0.307641
0.9, 0.304193, 0.28, 0.72, 0.307829
0.9, 0.304136, 0.28, 0.72, 0.300065
0.9, 0.306639, 0.28, 0.72, 0.307424
0.9, 0.299875, 0.28, 0.72, 0.30526
0.9, 0.303221, 0.28, 0.72, 0.302823
0.9, 0.303264, 0.28, 0.72, 0.30663
0.9, 0.311646, 0.28, 0.72, 0.310923
0.9, 0.312021, 0.28, 0.72, 0.30786
0.9, 0.309306, 0.28, 0.72, 0.309034
0.9, 0.308088, 0.28, 0.72, 0.306747
0.9, 0.310223, 0.28, 0.72, 0.307059
0.9, 0.308468, 0.28, 0.72, 0.306197
0.9, 0.300707, 0.28, 0.72, 0.304312
0.9, 0.304907, 0.28, 0.72, 0.304112
0.9, 0.314487, 0.28, 0.72, 0.309628
0.9, 0.307818, 0.28, 0.72, 0.305657
0.9, 0.30907, 0.28, 0.72, 0.305832
0.9, 0.3159, 0.28, 0.72, 0.312805
0.9, 0.299421, 0.28, 0.72, 0.304024
0.9, 0.30033, 0.28, 0.72, 0.306216
0.9, 0.319971, 0.28, 0.72, 0.313201
0.9, 0.308099, 0.28, 0.72, 0.306111
0.9, 0.306698, 0.28, 0.72, 0.306651
0.9, 0.308369, 0.28, 0.72, 0.306936
0.9, 0.311061, 0.29, 0.71, 0.309315
0.9, 0.311147, 0.29, 0.71, 0.311622
0.9, 0.32583, 0.29, 0.71, 0.314314
0.9, 0.316353, 0.29, 0.71, 0.316513
0.9, 0.324582, 0.29, 0.71, 0.317426
0.9, 0.321783, 0.29, 0.71, 0.316881
0.9, 0.314761, 0.29, 0.71, 0.31398
0.9, 0.321593, 0.29, 0.71, 0.317113
0.9, 0.326621, 0.29, 0.71, 0.325786
0.9, 0.313154, 0.29, 0.71, 0.31342
0.9, 0.31465, 0.29, 0.71, 0.315257
0.9, 0.333398, 0.29, 0.71, 0.32577
0.9, 0.323691, 0.29, 0.71, 0.315769
0.9, 0.314912, 0.29, 0.71, 0.317447
0.9, 0.320429, 0.29, 0.71, 0.315837
0.9, 0.319377, 0.29, 0.71, 0.317542
0.9, 0.32378, 0.29, 0.71, 0.3175
0.9, 0.324139, 0.29, 0.71, 0.323516
0.9, 0.313931, 0.29, 0.71, 0.313723
0.9, 0.317569, 0.29, 0.71, 0.316228
0.9, 0.325682, 0.29, 0.71, 0.32038
0.9, 0.311777, 0.29, 0.71, 0.309511
0.9, 0.322265, 0.29, 0.71, 0.317691
0.9, 0.318612, 0.29, 0.71, 0.320038
0.9, 0.332767, 0.29, 0.71, 0.329568
0.9, 0.328549, 0.3, 0.7, 0.331145
0.9, 0.338689, 0.3, 0.7, 0.333296
0.9, 0.332578, 0.3, 0.7, 0.334058
0.9, 0.333531, 0.3, 0.7, 0.331897
0.9, 0.340942, 0.3, 0.7, 0.338376
0.9, 0.324987, 0.3, 0.7, 0.32404
0.9, 0.32554, 0.3, 0.7, 0.326655
0.9, 0.331607, 0.3, 0.7, 0.328961
0.9, 0.329325, 0.3, 0.7, 0.326045
0.9, 0.328299, 0.3, 0.7, 0.325693
0.9, 0.333618, 0.3, 0.7, 0.32908
0.9, 0.327703, 0.3, 0.7, 0.322909
0.9, 0.321963, 0.3, 0.7, 0.321811
0.9, 0.327127, 0.3, 0.7, 0.323159
0.9, 0.337745, 0.3, 0.7, 0.331171
0.9, 0.329424, 0.3, 0.7, 0.333971
0.9, 0.33484, 0.3, 0.7, 0.330135
0.9, 0.331675, 0.3, 0.7, 0.33086
0.9, 0.336827, 0.3, 0.7, 0.331672
0.9, 0.330286, 0.3, 0.7, 0.331148
0.9, 0.336418, 0.3, 0.7, 0.334261
0.9, 0.324569, 0.3, 0.7, 0.328863
0.9, 0.336234, 0.3, 0.7, 0.334184
0.9, 0.340961, 0.3, 0.7, 0.332751
0.9, 0.340268, 0.3, 0.7, 0.334847
0.95, 0.155624, 0.15, 0.85, 0.15474
0.95, 0.158575, 0.15, 0.85, 0.157303
0.95, 0.154842, 0.15, 0.85, 0.156454
0.95, 0.152192, 0.15, 0.85, 0.157354
0.95, 0.162255, 0.15, 0.85, 0.158124
0.95, 0.160534, 0.15, 0.85, 0.162471
0.95, 0.160569, 0.15, 0.85, 0.158725
0.95, 0.157227, 0.15, 0.85, 0.153826
0.95, 0.158909, 0.15, 0.85, 0.1604
0.95, 0.164769, 0.15, 0.85, 0.160953
0.95, 0.159302, 0.15, 0.85, 0.15829
0.95, 0.157619, 0.15, 0.85, 0.161046
0.95, 0.154799, 0.15, 0.85, 0.156383
0.95, 0.156635, 0.15, 0.85, 0.155749
0.95, 0.158263, 0.15, 0.85, 0.157612
0.95, 0.160449, 0.15, 0.85, 0.160245
0.95, 0.148555, 0.15, 0.85, 0.153229
0.95, 0.158291, 0.15, 0.85, 0.158857
0.95, 0.154911, 0.15, 0.85, 0.153077
0.95, 0.15242, 0.15, 0.85, 0.158469
0.95, 0.163338, 0.15, 0.85, 0.1642
0.95, 0.163262, 0.15, 0.85, 0.160682
0.95, 0.158479, 0.15, 0.85, 0.158689
0.95, 0.157603, 0.15, 0.85, 0.15993
0.95, 0.153368, 0.15, 0.85, 0.154769
0.95, 0.17119, 0.16, 0.84, 0.16919
0.95, 0.170082, 0.16, 0.84, 0.170892
0.95, 0.162503, 0.16, 0.84, 0.163484
0.95, 0.175352, 0.16, 0.84, 0.169679
0.95, 0.176484, 0.16, 0.84, 0.171599
0.95, 0.176652, 0.16, 0.84, 0.172324
0.95, 0.174476, 0.16, 0.84, 0.171266
0.95, 0.163499, 0.16, 0.84, 0.166889
0.95, 0.167261, 0.16, 0.84, 0.169165
0.95, 0.173231, 0.16, 0.84, 0.171324
0.95, 0.172905, 0.16, 0.84, 0.174599
0.95, 0.167894, 0.16, 0.84, 0.167628
0.95, 0.17482, 0.16, 0.84, 0.173319
0.95, 0.166726, 0.16, 0.84, 0.165603
0.95, 0.170604, 0.16, 0.84, 0.167947
0.95, 0.171374, 0.16, 0.84, 0.173024
0.95, 0.163845, 0.16, 0.84, 0.160127
0.95, 0.16689, 0.16, 0.84, 0.167595
0.95, 0.171847, 0.16, 0.84, 0.169057
0.95, 0.163824, 0.16, 0.84, 0.161418
0.95, 0.165602, 0.16, 0.84, 0.166237
0.95, 0.172393, 0.16, 0.84, 0.171485
0.95, 0.167842, 0.16, 0.84, 0.166496
0.95, 0.16896, 0.16, 0.84, 0.167842
0.95, 0.171146, 0.16, 0.84, 0.169088
0.95, 0.186758, 0.17, 0.83, 0.180365
0.95, 0.174627, 0.17, 0.83, 0.179267
0.95, 0.179367, 0.17, 0.83, 0.179543
0.95, 0.184729, 0.17, 0.83, 0.178004
0.95, 0.173141, 0.17, 0.83, 0.173595
0.95, 0.182314, 0.17, 0.83, 0.181587
0.95, 0.178636, 0.17, 0.83, 0.176739
0.95, 0.178151, 0.17, 0.83, 0.181852
0.95, 0.177736, 0.17, 0.83, 0.178725
0.95, 0.175907, 0.17, 0.83, 0.176708
0.95, 0.178493, 0.17, 0.83, 0.17976
0.95, 0.188531, 0.17, 0.83, 0.184981
0.95, 0.183912, 0.17, 0.83, 0.185105
0.95, 0.180668, 0.17, 0.83, 0.178631
0.95, 0.172913, 0.17, 0.83, 0.176831
0.95, 0.177535, 0.17, 0.83, 0.179072
0.95, 0.182403, 0.17, 0.83, 0.184011
0.95, 0.180765, 0.17, 0.83, 0.181376
0.95, 0.185133, 0.17, 0.83, 0.182825
0.95, 0.178774, 0.17, 0.83, 0.18069
0.95, 0.178418, 0.17, 0.83, 0.178119
0.95, 0.183881, 0.17, 0.83, 0.180182
0.95, 0.178444, 0.17, 0.83, 0.177558
0.95, 0.173679, 0.17, 0.83, 0.176603
0.95, 0.178161, 0.17, 0.83, 0.177671
0.95, 0.193202, 0.18, 0.82, 0.192765
0.95, 0.191424, 0.18, 0.82, 0.193335
0.95, 0.194419, 0.18, 0.82, 0.19435
0.95, 0.190994, 0.18, 0.82, 0.190893
0.95, 0.195801, 0.18, 0.82, 0.191967
0.95, 0.193915, 0.18, 0.82, 0.189386
0.95, 0.189732, 0.18, 0.82, 0.192544
0.95, 0.186083, 0.18, 0.82, 0.192115
0.95, 0.193813, 0.18, 0.82, 0.190707
0.95, 0.196543, 0.18, 0.82, 0.194142
0.95, 0.200264, 0.18, 0.82, 0.198537
0.95, 0.18899, 0.18, 0.82, 0.192767
0.95, 0.201257, 0.18, 0.82, 0.195357
0.95, 0.182479, 0.18, 0.82, 0.185511
0.95, 0.188004, 0.18, 0.82, 0.184804
0.95, 0.191332, 0.18, 0.82, 0.192474
0.95, 0.196375, 0.18, 0.82, 0.193172
0.95, 0.184565, 0.18, 0.82, 0.187652
0.95, 0.185557, 0.18, 0.82, 0.189218
0.95, 0.188641, 0.18, 0.82, 0.189671
0.95, 0.188342, 0.18, 0.82, 0.189894
0.95, 0.190732, 0.18, 0.82, 0.188686
0.95, 0.189937, 0.18, 0.82, 0.189449
0.95, 0.193676, 0.18, 0.82, 0.194081
0.95, 0.19306, 0.18, 0.82, 0.191244
0.95, 0.199785, 0.19, 0.81, 0.197729
0.95, 0.203211, 0.19, 0.81, 0.203359
0.95, 0.203454, 0.19, 0.81, 0.19937
0.95, 0.201373, 0.19, 0.81, 0.204492
0.95, 0.199413, 0.19, 0.81, 0.201041
0.95, 0.205566, 0.19, 0.81, 0.204548
0.95, 0.195824, 0.19, 0.81, 0.197583
0.95, 0.203154, 0.19, 0.81, 0.206447
0.95, 0.194946, 0.19, 0.81, 0.19821
0.95, 0.206701, 0.19, 0.81, 0.201175
0.95, 0.202386, 0.19, 0.81, 0.201785
0.95, 0.195489, 0.19, 0.81, 0.199924
0.95, 0.202513, 0.19, 0.81, 0.20125
0.95, 0.204106, 0.19, 0.81, 0.20462
0.95, 0.206256, 0.19, 0.81, 0.202245
0.95, 0.205011, 0.19, 0.81, 0.201223
0.95, 0.205612, 0.19, 0.81, 0.204013
0.95, 0.203454, 0.19, 0.81, 0.200531
0.95, 0.205728, 0.19, 0.81, 0.205187
0.95, 0.200903, 0.19, 0.81, 0.205029
0.95, 0.205535, 0.19, 0.81, 0.200435
0.95, 0.203602, 0.19, 0.81, 0.203969
0.95, 0.20374, 0.19, 0.81, 0.200484
0.95, 0.203698, 0.19, 0.81, 0.200107
0.95, 0.198955, 0.19, 0.81, 0.199299
0.95, 0.217111, 0.2, 0.8, 0.213473
0.95, 0.213571, 0.2, 0.8, 0.214124
0.95, 0.212038, 0.2, 0.8, 0.213368
0.95, 0.210953, 0.2, 0.8, 0.212479
0.95, 0.214007, 0.2, 0.8, 0.211417
0.95, 0.214855, 0.2, 0.8, 0.216494
0.95, 0.213723, 0.2, 0.8, 0.212134
0.95, 0.215181, 0.2, 0.8, 0.2124
0.95, 0.21097, 0.2, 0.8, 0.2102
0.95, 0.218484, 0.2, 0.8, 0.211813
0.95, 0.213202, 0.2, 0.8, 0.214694
0.95, 0.218093, 0.2, 0.8, 0.215783
0.95, 0.207084, 0.2, 0.8, 0.21231
0.95, 0.206579, 0.2, 0.8, 0.214188
0.95, 0.216594, 0.2, 0.8, 0.21483
0.95, 0.213305, 0.2, 0.8, 0.212004
0.95, 0.205558, 0.2, 0.8, 0.20903
0.95, 0.214227, 0.2, 0.8, 0.21185
0.95, 0.218084, 0.2, 0.8, 0.215167
0.95, 0.213872, 0.2, 0.8, 0.2149
0.95, 0.207615, 0.2, 0.8, 0.211041
0.95, 0.217383, 0.2, 0.8, 0.215617
0.95, 0.211672, 0.2, 0.8, 0.215273
0.95, 0.218924, 0.2, 0.8, 0.216095
0.95, 0.209789, 0.2, 0.8, 0.212319
0.95, 0.225442, 0.21, 0.79, 0.222999
0.95, 0.219072, 0.21, 0.79, 0.221501
0.95, 0.225067, 0.21, 0.79, 0.229063
0.95, 0.212951, 0.21, 0.79, 0.218331
0.95, 0.226362, 0.21, 0.79, 0.222443
0.95, 0.223701, 0.21, 0.79, 0.227236
0.95, 0.22342, 0.21, 0.79, 0.222373
0.95, 0.226835, 0.21, 0.79, 0.225444
0.95, 0.22825, 0.21, 0.79, 0.226034
0.95, 0.227797, 0.21, 0.79, 0.226883
0.95, 0.221211, 0.21, 0.79, 0.219837
0.95, 0.2319, 0.21, 0.79, 0.228833
0.95, 0.225722, 0.21, 0.79, 0.22987
0.95, 0.22975, 0.21, 0.79, 0.226151
0.95, 0.223101, 0.21, 0.79, 0.220726
0.95, 0.236134, 0.21, 0.79, 0.234879
0.95, 0.226421, 0.21, 0.79, 0.225961
0.95, 0.219158, 0.21, 0.79, 0.224219
0.95, 0.218312, 0.21, 0.79, 0.222271
0.95, 0.226544, 0.21, 0.79, 0.223585
0.95, 0.223854, 0.21, 0.79, 0.225936
0.95, 0.228197, 0.21, 0.79, 0.226239
0.95, 0.229373, 0.21, 0.79, 0.230948
0.95, 0.235388, 0.21, 0.79, 0.227358
0.95, 0.219628, 0.21, 0.79, 0.222984
0.95, 0.238011, 0.22, 0.78, 0.236839
0.95, 0.236503, 0.22, 0.78, 0.23561
0.95, 0.244842, 0.22, 0.78, 0.245308
0.95, 0.234106, 0.22, 0.78, 0.234525
0.95, 0.243237, 0.22, 0.78, 0.241329
0.95, 0.239303, 0.22, 0.78, 0.235734
0.95, 0.227984, 0.22, 0.78, 0.233926
0.95, 0.233881, 0.22, 0.78, 0.23237
0.95, 0.232326, 0.22, 0.78, 0.236879
0.95, 0.248903, 0.22, 0.78, 0.241975
0.95, 0.232644, 0.22, 0.78, 0.234569
0.95, 0.237945, 0.22, 0.78, 0.238399
0.95, 0.236013, 0.22, 0.78, 0.235634
0.95, 0.235551, 0.22, 0.78, 0.235919
0.95, 0.226881, 0.22, 0.78, 0.22926
0.95, 0.22678, 0.22, 0.78, 0.230853
0.95, 0.230768, 0.22, 0.78, 0.234548
0.95, 0.239307, 0.22, 0.78, 0.240584
0.95, 0.236576, 0.22, 0.78, 0.239072
0.95, 0.238915, 0.22, 0.78, 0.235278
0.95, 0.244663, 0.22, 0.78, 0.238582
0.95, 0.240877, 0.22, 0.78, 0.238945
0.95, 0.236686, 0.22, 0.78, 0.233294
0.95, 0.232702, 0.22, 0.78, 0.238147
0.95, 0.235003, 0.22, 0.78, 0.235561
0.95, 0.256354, 0.23, 0.77, 0.251887
0.95, 0.248176, 0.23, 0.77, 0.248624
0.95, 0.246845, 0.23, 0.77, 0.251163
0.95, 0.248625, 0.23, 0.77, 0.247732
0.95, 0.243369, 0.23, 0.77, 0.246001
0.95, 0.246604, 0.23, 0.77, 0.24405
0.95, 0.246022, 0.23, 0.77, 0.246988
0.95, 0.250239, 0.23, 0.77, 0.252727
0.95, 0.255691, 0.23, 0.77, 0.247766
0.95, 0.246966, 0.23, 0.77, 0.249537
0.95, 0.246765, 0.23, 0.77, 0.251684
0.95, 0.248876, 0.23, 0.77, 0.247185
0.95, 0.248091, 0.23, 0.77, 0.24955
0.95, 0.249839, 0.23, 0.77, 0.248559
0.95, 0.241678, 0.23, 0.77, 0.247417
0.95, 0.245468, 0.23, 0.77, 0.247978
0.95, 0.241441, 0.23, 0.77, 0.243832
0.95, 0.245226, 0.23, 0.77, 0.249243
0.95, 0.242928, 0.23, 0.77, 0.240535
0.95, 0.241175, 0.23, 0.77, 0.243549
0.95, 0.247722, 0.23, 0.77, 0.247674
0.95, 0.243949, 0.23, 0.77, 0.247246
0.95, 0.243584, 0.23, 0.77, 0.24845
0.95, 0.245271, 0.23, 0.77, 0.249551
0.95, 0.250907, 0.23, 0.77, 0.251126
0.95, 0.264911, 0.24, 0.76, 0.264766
0.95, 0.260799, 0.24, 0.76, 0.264107
0.95, 0.266678, 0.24, 0.76, 0.26191
0.95, 0.26243, 0.24, 0.76, 0.26091
0.95, 0.255663, 0.24, 0.76, 0.257355
0.95, 0.259583, 0.24, 0.76, 0.259384
0.95, 0.262654, 0.24, 0.76, 0.266532
0.95, 0.266327, 0.24, 0.76, 0.264498
0.95, 0.26618, 0.24, 0.76, 0.265686
0.95, 0.258424, 0.24, 0.76, 0.25409
0.95, 0.251473, 0.24, 0.76, 0.256063
0.95, 0.265633, 0.24, 0.76, 0.264344
0.95, 0.258797, 0.24, 0.76, 0.261089
0.95, 0.256041, 0.24, 0.76, 0.254431
0.95, 0.261129, 0.24, 0.76, 0.259885
0.95, 0.263759, 0.24, 0.76, 0.259318
0.95, 0.252201, 0.24, 0.76, 0.259614
0.95, 0.259217, 0.24, 0.76, 0.258299
0.95, 0.25969, 0.24, 0.76, 0.25746
0.95, 0.253715, 0.24, 0.76, 0.255763
0.95, 0.253678, 0.24, 0.76, 0.252118
0.95, 0.263314, 0.24, 0.76, 0.265786
0.95, 0.266871, 0.24, 0.76, 0.265085
0.95, 0.25916, 0.24, 0.76, 0.260924
0.95, 0.257081, 0.24, 0.76, 0.261795
0.95, 0.270337, 0.25, 0.75, 0.270345
0.95, 0.278449, 0.25, 0.75, 0.279879
0.95, 0.262955, 0.25, 0.75, 0.267171
0.95, 0.272252, 0.25, 0.75, 0.268133
0.95, 0.266511, 0.25, 0.75, 0.270637
0.95, 0.266862, 0.25, 0.75, 0.270122
0.95, 0.270037, 0.25, 0.75, 0.265707
0.95, 0.274537, 0.25, 0.75, 0.272894
0.95, 0.269867, 0.25, 0.75, 0.272047
0.95, 0.267835, 0.25, 0.75, 0.271638
0.95, 0.283689, 0.25, 0.75, 0.280837
0.95, 0.268598, 0.25, 0.75, 0.271207
0.95, 0.27834, 0.25, 0.75, 0.276304
0.95, 0.279317, 0.25, 0.75, 0.272065
0.95, 0.275284, 0.25, 0.75, 0.274803
0.95, 0.267556, 0.25, 0.75, 0.267939
0.95, 0.283143, 0.25, 0.75, 0.277747
0.95, 0.277557, 0.25, 0.75, 0.278039
0.95, 0.28344, 0.25, 0.75, 0.278766
0.95, 0.287297, 0.25, 0.75, 0.280515
0.95, 0.262049, 0.25, 0.75, 0.261284
0.95, 0.267661, 0.25, 0.75, 0.266447
0.95, 0.279135, 0.25, 0.75, 0.275948
0.95, 0.275149, 0.25, 0.75, 0.272391
0.95, 0.278337, 0.25, 0.75, 0.271491
0.95, 0.27963, 0.26, 0.74, 0.280095
0.95, 0.289316, 0.26, 0.74, 0.286965
0.95, 0.284009, 0.26, 0.74, 0.282708
0.95, 0.274578, 0.26, 0.74, 0.276888
0.95, 0.295424, 0.26, 0.74, 0.292083
0.95, 0.279813, 0.26, 0.74, 0.278413
0.95, 0.284577, 0.26, 0.74, 0.28633
0.95, 0.294432, 0.26, 0.74, 0.293662
0.95, 0.27858, 0.26, 0.74, 0.277662
0.95, 0.290131, 0.26, 0.74, 0.288633
0.95, 0.285032, 0.26, 0.74, 0.279327
0.95, 0.279965, 0.26, 0.74, 0.284114
0.95, 0.284629, 0.26, 0.74, 0.281226
0.95, 0.28489, 0.26, 0.74, 0.281502
0.95, 0.281879, 0.26, 0.74, 0.283518
0.95, 0.293731, 0.26, 0.74, 0.28841
0.95, 0.290293, 0.26, 0.74, 0.284043
0.95, 0.279421, 0.26, 0.74, 0.280419
0.95, 0.290441, 0.26, 0.74, 0.292332
0.95, 0.288913, 0.26, 0.74, 0.290321
0.95, 0.289714, 0.26, 0.74, 0.284056
0.95, 0.278519, 0.26, 0.74, 0.276919
0.95, 0.288538, 0.26, 0.74, 0.286209
0.95, 0.280043, 0.26, 0.74, 0.281781
0.95, 0.281149, 0.26, 0.74, 0.281475
0.95, 0.297889, 0.27, 0.73, 0.299813
0.95, 0.298943, 0.27, 0.73, 0.30266
0.95, 0.292198, 0.27, 0.73, 0.299
0.95, 0.301646, 0.27, 0.73, 0.29847
0.95, 0.298751, 0.27, 0.73, 0.29824
0.95, 0.291202, 0.27, 0.73, 0.289162
0.95, 0.292335, 0.27, 0.73, 0.296237
0.95, 0.30273, 0.27, 0.73, 0.297692
0.95, 0.308012, 0.27, 0.73, 0.308802
0.95, 0.300083, 0.27, 0.73, 0.295983
0.95, 0.297552, 0.27, 0.73, 0.299118
0.95, 0.298163, 0.27, 0.73, 0.300145
0.95, 0.304455, 0.27, 0.73, 0.300896
0.95, 0.295267, 0.27, 0.73, 0.294176
0.95, 0.303388, 0.27, 0.73, 0.300303
0.95, 0.288461, 0.27, 0.73, 0.295431
0.95, 0.296913, 0.27, 0.73, 0.295216
0.95, 0.302531, 0.27, 0.73, 0.30164
0.95, 0.298117, 0.27, 0.73, 0.297726
0.95, 0.296959, 0.27, 0.73, 0.29675
0.95, 0.296488, 0.27, 0.73, 0.298497
0.95, 0.306423, 0.27, 0.73, 0.306075
0.95, 0.29189, 0.27, 0.73, 0.291813
0.95, 0.30348, 0.27, 0.73, 0.29733
0.95, 0.294327, 0.27, 0.73, 0.2956
0.95, 0.308569, 0.28, 0.72, 0.308911
0.95, 0.329902, 0.28, 0.72, 0.315597
0.95, 0.305495, 0.28, 0.72, 0.306595
0.95, 0.300079, 0.28, 0.72, 0.304591
0.95, 0.304154, 0.28, 0.72, 0.304607
0.95, 0.312399, 0.28, 0.72, 0.307727
0.95, 0.298723, 0.28, 0.72, 0.301014
0.95, 0.301299, 0.28, 0.72, 0.30508
0.95, 0.311579, 0.28, 0.72, 0.306305
0.95, 0.319803, 0.28, 0.72, 0.307739
0.95, 0.3113, 0.28, 0.72, 0.309666
0.95, 0.309855, 0.28, 0.72, 0.312841
0.95, 0.310996, 0.28, 0.72, 0.305104
0.95, 0.309101, 0.28, 0.72, 0.31076
0.95, 0.304067, 0.28, 0.72, 0.305536
0.95, 0.322377, 0.28, 0.72, 0.312871
0.95, 0.304867, 0.28, 0.72, 0.309309
0.95, 0.318129, 0.28, 0.72, 0.316467
0.95, 0.303505, 0.28, 0.72, 0.306406
0.95, 0.301931, 0.28, 0.72, 0.301358
0.95, 0.310687, 0.28, 0.72, 0.312263
0.95, 0.313746, 0.28, 0.72, 0.310145
0.95, 0.306909, 0.28, 0.72, 0.304297
0.95, 0.302072, 0.28, 0.72, 0.301869
0.95, 0.309771, 0.28, 0.72, 0.305893
0.95, 0.328748, 0.29, 0.71, 0.323969
0.95, 0.330243, 0.29, 0.71, 0.329639
0.95, 0.326603, 0.29, 0.71, 0.328024
0.95, 0.321338, 0.29, 0.71, 0.32044
0.95, 0.321402, 0.29, 0.71, 0.322742
0.95, 0.330498, 0.29, 0.71, 0.326043
0.95, 0.327181, 0.29, 0.71, 0.319149
0.95, 0.321276, 0.29, 0.71, 0.3185
0.95, 0.315176, 0.29, 0.71, 0.31427
0.95, 0.321171, 0.29, 0.71, 0.318282
0.95, 0.322171, 0.29, 0.71, 0.319095
0.95, 0.327193, 0.29, 0.71, 0.321279
0.95, 0.315648, 0.29, 0.71, 0.31436
0.95, 0.325208, 0.29, 0.71, 0.321568
0.95, 0.326784, 0.29, 0.71, 0.325092
0.95, 0.320597, 0.29, 0.71, 0.321919
0.95, 0.342452, 0.29, 0.71, 0.333669
0.95, 0.322271, 0.29, 0.71, 0.32019
0.95, 0.320371, 0.29, 0.71, 0.316093
0.95, 0.317399, 0.29, 0.71, 0.316148
0.95, 0.316386, 0.29, 0.71, 0.319734
0.95, 0.326648, 0.29, 0.71, 0.325656
0.95, 0.322029, 0.29, 0.71, 0.320579
0.95, 0.327283, 0.29, 0.71, 0.326807
0.95, 0.32136, 0.29, 0.71, 0.320612
0.95, 0.334289, 0.3, 0.7, 0.330264
0.95, 0.331066, 0.3, 0.7, 0.333203
0.95, 0.334169, 0.3, 0.7, 0.334134
0.95, 0.339429, 0.3, 0.7, 0.332939
0.95, 0.330696, 0.3, 0.7, 0.329296
0.95, 0.338959, 0.3, 0.7, 0.332479
0.95, 0.330411, 0.3, 0.7, 0.332251
0.95, 0.337594, 0.3, 0.7, 0.332787
0.95, 0.321424, 0.3, 0.7, 0.324279
0.95, 0.333454, 0.3, 0.7, 0.33112
0.95, 0.340366, 0.3, 0.7, 0.33653
0.95, 0.33266, 0.3, 0.7, 0.326869
0.95, 0.337594, 0.3, 0.7, 0.339439
0.95, 0.338899, 0.3, 0.7, 0.334841
0.95, 0.349202, 0.3, 0.7, 0.340654
0.95, 0.332524, 0.3, 0.7, 0.333185
0.95, 0.337778, 0.3, 0.7, 0.339372
0.95, 0.341592, 0.3, 0.7, 0.340341
0.95, 0.334063, 0.3, 0.7, 0.331468
0.95, 0.329043, 0.3, 0.7, 0.331338
0.95, 0.336686, 0.3, 0.7, 0.334187
0.95, 0.338947, 0.3, 0.7, 0.336249
0.95, 0.334717, 0.3, 0.7, 0.335328
0.95, 0.33116, 0.3, 0.7, 0.325261
0.95, 0.342293, 0.3, 0.7, 0.333908
1, 0.160288, 0.15, 0.85, 0.158093
1, 0.163453, 0.15, 0.85, 0.1625
1, 0.158589, 0.15, 0.85, 0.160008
1, 0.166331, 0.15, 0.85, 0.161898
1, 0.154764, 0.15, 0.85, 0.157558
1, 0.157214, 0.15, 0.85, 0.158607
1, 0.150704, 0.15, 0.85, 0.154098
1, 0.161818, 0.15, 0.85, 0.159365
1, 0.155488, 0.15, 0.85, 0.156026
1, 0.156378, 0.15, 0.85, 0.158966
1, 0.157403, 0.15, 0.85, 0.159972
1, 0.152706, 0.15, 0.85, 0.155875
1, 0.16055, 0.15, 0.85, 0.158627
1, 0.160424, 0.15, 0.85, 0.160213
1, 0.163304, 0.15, 0.85, 0.162622
1, 0.162678, 0.15, 0.85, 0.164993
1, 0.158569, 0.15, 0.85, 0.158389
1, 0.162401, 0.15, 0.85, 0.162328
1, 0.15837, 0.15, 0.85, 0.155159
1, 0.164514, 0.15, 0.85, 0.162462
1, 0.157472, 0.15, 0.85, 0.157956
1, 0.160988, 0.15, 0.85, 0.160429
1, 0.15728, 0.15, 0.85, 0.155681
1, 0.160887, 0.15, 0.85, 0.161175
1, 0.164134, 0.15, 0.85, 0.161875
1, 0.166136, 0.16, 0.84, 0.171355
1, 0.162988, 0.16, 0.84, 0.167884
1, 0.171859, 0.16, 0.84, 0.172634
1, 0.169328, 0.16, 0.84, 0.172124
1, 0.169105, 0.16, 0.84, 0.168774
1, 0.168625, 0.16, 0.84, 0.171922
1, 0.176521, 0.16, 0.84, 0.170833
1, 0.17125, 0.16, 0.84, 0.173026
1, 0.167175, 0.16, 0.84, 0.166223
1, 0.170008, 0.16, 0.84, 0.168428
1, 0.16426, 0.16, 0.84, 0.166348
1, 0.166485, 0.16, 0.84, 0.170467
1, 0.164057, 0.16, 0.84, 0.166952
1, 0.174408, 0.16, 0.84, 0.172853
1, 0.177222, 0.16, 0.84, 0.175788
1, 0.17387, 0.16, 0.84, 0.171074
1, 0.166899, 0.16, 0.84, 0.173232
1, 0.171489, 0.16, 0.84, 0.17075
1, 0.177193, 0.16, 0.84, 0.174055
1, 0.16618, 0.16, 0.84, 0.166561
1, 0.168629, 0.16, 0.84, 0.172239
1, 0.172253, 0.16, 0.84, 0.1708
1, 0.169071, 0.16, 0.84, 0.169612
1, 0.179771, 0.16, 0.84, 0.173568
1, 0.167837, 0.16, 0.84, 0.164633
1, 0.176636, 0.17, 0.83, 0.178798
1, 0.177026, 0.17, 0.83, 0.180918
1, 0.181814, 0.17, 0.83, 0.18161
1, 0.182124, 0.17, 0.83, 0.182387
1, 0.182607, 0.17, 0.83, 0.183129
1, 0.180163, 0.17, 0.83, 0.177065
1, 0.190157, 0.17, 0.83, 0.187997
1, 0.182525, 0.17, 0.83, 0.180577
1, 0.175628, 0.17, 0.83, 0.17942
1, 0.182486, 0.17, 0.83, 0.180325
1, 0.184323, 0.17, 0.83, 0.185017
1, 0.188611, 0.17, 0.83, 0.184608
1, 0.174482, 0.17, 0.83, 0.178623
1, 0.18168, 0.17, 0.83, 0.18115
1, 0.184303, 0.17, 0.83, 0.183694
1, 0.174173, 0.17, 0.83, 0.178587
1, 0.178962, 0.17, 0.83, 0.17993
1, 0.180131, 0.17, 0.83, 0.183134
1, 0.182971, 0.17, 0.83, 0.18236
1, 0.188646, 0.17, 0.83, 0.183904
1, 0.178184, 0.17, 0.83, 0.178448
1, 0.185788, 0.17, 0.83, 0.182042
1, 0.180903, 0.17, 0.83, 0.181523
1, 0.179516, 0.17, 0.83, 0.181131
1, 0.179075, 0.17, 0.83, 0.181848
1, 0.19464, 0.18, 0.82, 0.194647
1, 0.187993, 0.18, 0.82, 0.189729
1, 0.189434, 0.18, 0.82, 0.192872
1, 0.196718, 0.18, 0.82, 0.19586
1, 0.194568, 0.18, 0.82, 0.194002
1, 0.198834, 0.18, 0.82, 0.196238
1, 0.199153, 0.18, 0.82, 0.194175
1, 0.193625, 0.18, 0.82, 0.193472
1, 0.186698, 0.18, 0.82, 0.192117
1, 0.191972, 0.18, 0.82, 0.19418
1, 0.18517, 0.18, 0.82, 0.186227
1, 0.184693, 0.18, 0.82, 0.187177
1, 0.193197, 0.18, 0.82, 0.193409
1, 0.189584, 0.18, 0.82, 0.190706
1, 0.197324, 0.18, 0.82, 0.193062
1, 0.195471, 0.18, 0.82, 0.195492
1, 0.188479, 0.18, 0.82, 0.190871
1, 0.190615, 0.18, 0.82, 0.190846
1, 0.194164, 0.18, 0.82, 0.190326
1, 0.187059, 0.18, 0.82, 0.189785
1, 0.195837, 0.18, 0.82, 0.194393
1, 0.190652, 0.18, 0.82, 0.190583
1, 0.197233, 0.18, 0.82, 0.197234
1, 0.198004, 0.18, 0.82, 0.198817
1, 0.192051, 0.18, 0.82, 0.191463
1, 0.203774, 0.19, 0.81, 0.204795
1, 0.206632, 0.19, 0.81, 0.204588
1, 0.201035, 0.19, 0.81, 0.207495
1, 0.198972, 0.19, 0.81, 0.201453
1, 0.199437, 0.19, 0.81, 0.201936
1, 0.199341, 0.19, 0.81, 0.201685
1, 0.204591, 0.19, 0.81, 0.203383
1, 0.204976, 0.19, 0.81, 0.20474
1, 0.205056, 0.19, 0.81, 0.205167
1, 0.200138, 0.19, 0.81, 0.200427
1, 0.203904, 0.19, 0.81, 0.203163
1, 0.198673, 0.19, 0.81, 0.201044
1, 0.204854, 0.19, 0.81, 0.200944
1, 0.206604, 0.19, 0.81, 0.205823
1, 0.209981, 0.19, 0.81, 0.208439
1, 0.203714, 0.19, 0.81, 0.203085
1, 0.203883, 0.19, 0.81, 0.201772
1, 0.20298, 0.19, 0.81, 0.2005
1, 0.19861, 0.19, 0.81, 0.203112
1, 0.201945, 0.19, 0.81, 0.205488
1, 0.210838, 0.19, 0.81, 0.209522
1, 0.201526, 0.19, 0.81, 0.20405
1, 0.194674, 0.19, 0.81, 0.200296
1, 0.209643, 0.19, 0.81, 0.206288
1, 0.209127, 0.19, 0.81, 0.20574
1, 0.222459, 0.2, 0.8, 0.223374
1, 0.217379, 0.2, 0.8, 0.21551
1, 0.213154, 0.2, 0.8, 0.214406
1, 0.220993, 0.2, 0.8, 0.220088
1, 0.224138, 0.2, 0.8, 0.217649
1, 0.217879, 0.2, 0.8, 0.217195
1, 0.216732, 0.2, 0.8, 0.21361
1, 0.216994, 0.2, 0.8, 0.214698
1, 0.217128, 0.2, 0.8, 0.216532
1, 0.219423, 0.2, 0.8, 0.21715
1, 0.219321, 0.2, 0.8, 0.220359
1, 0.214659, 0.2, 0.8, 0.214607
1, 0.221332, 0.2, 0.8, 0.2167
1, 0.21894, 0.2, 0.8, 0.21914
1, 0.204715, 0.2, 0.8, 0.211499
1, 0.212323, 0.2, 0.8, 0.213716
1, 0.21205, 0.2, 0.8, 0.213446
1, 0.216971, 0.2, 0.8, 0.215814
1, 0.218065, 0.2, 0.8, 0.219609
1, 0.220561, 0.2, 0.8, 0.216947
1, 0.21091, 0.2, 0.8, 0.211866
1, 0.210285, 0.2, 0.8, 0.2169
1, 0.212048, 0.2, 0.8, 0.21914
1, 0.214504, 0.2, 0.8, 0.214601
1, 0.209212, 0.2, 0.8, 0.212701
1, 0.222842, 0.21, 0.79, 0.226292
1, 0.230662, 0.21, 0.79, 0.229249
1, 0.228864, 0.21, 0.79, 0.229725
1, 0.234092, 0.21, 0.79, 0.231726
1, 0.225356, 0.21, 0.79, 0.225193
1, 0.229811, 0.21, 0.79, 0.228051
1, 0.230456, 0.21, 0.79, 0.22619
1, 0.235541, 0.21, 0.79, 0.231939
1, 0.235926, 0.21, 0.79, 0.233689
1, 0.226979, 0.21, 0.79, 0.231953
1, 0.218154, 0.21, 0.79, 0.223231
1, 0.212275, 0.21, 0.79, 0.220016
1, 0.23093, 0.21, 0.79, 0.225902
1, 0.222881, 0.21, 0.79, 0.228031
1, 0.230233, 0.21, 0.79, 0.229877
1, 0.226117, 0.21, 0.79, 0.224886
1, 0.231139, 0.21, 0.79, 0.228143
1, 0.236266, 0.21, 0.79, 0.2314
1, 0.226998, 0.21, 0.79, 0.226943
1, 0.222329, 0.21, 0.79, 0.225266
1, 0.222007, 0.21, 0.79, 0.220599
1, 0.232453, 0.21, 0.79, 0.231228
1, 0.225427, 0.21, 0.79, 0.227181
1, 0.232253, 0.21, 0.79, 0.23251
1, 0.229473, 0.21, 0.79, 0.228725
1, 0.244501, 0.22, 0.78, 0.242406
1, 0.241789, 0.22, 0.78, 0.241422
1, 0.240227, 0.22, 0.78, 0.238968
1, 0.235406, 0.22, 0.78, 0.240007
1, 0.232394, 0.22, 0.78, 0.237057
1, 0.249071, 0.22, 0.78, 0.243511
1, 0.236403, 0.22, 0.78, 0.241188
1, 0.245354, 0.22, 0.78, 0.246039
1, 0.23154, 0.22, 0.78, 0.236512
1, 0.237344, 0.22, 0.78, 0.243839
1, 0.23983, 0.22, 0.78, 0.241489
1, 0.241116, 0.22, 0.78, 0.238108
1, 0.246146, 0.22, 0.78, 0.240914
1, 0.23353, 0.22, 0.78, 0.235313
1, 0.240976, 0.22, 0.78, 0.240465
1, 0.240017, 0.22, 0.78, 0.243393
1, 0.23764, 0.22, 0.78, 0.239263
1, 0.238968, 0.22, 0.78, 0.237754
1, 0.237647, 0.22, 0.78, 0.242358
1, 0.237104, 0.22, 0.78, 0.237804
1, 0.2448, 0.22, 0.78, 0.241453
1, 0.244701, 0.22, 0.78, 0.246709
1, 0.245925, 0.22, 0.78, 0.240695
1, 0.252519, 0.22, 0.78, 0.247666
1, 0.242568, 0.22, 0.78, 0.239461
1, 0.249004, 0.23, 0.77, 0.25055
1, 0.25669, 0.23, 0.77, 0.251486
1, 0.247015, 0.23, 0.77, 0.249671
1, 0.259888, 0.23, 0.77, 0.258013
1, 0.249395, 0.23, 0.77, 0.248282
1, 0.24759, 0.23, 0.77, 0.250825
1, 0.245676, 0.23, 0.77, 0.244511
1, 0.250703, 0.23, 0.77, 0.253178
1, 0.247081, 0.23, 0.77, 0.249892
1, 0.252477, 0.23, 0.77, 0.255439
1, 0.248468, 0.23, 0.77, 0.248063
1, 0.24436, 0.23, 0.77, 0.248141
1, 0.24868, 0.23, 0.77, 0.251505
1, 0.253554, 0.23, 0.77, 0.249506
1, 0.24338, 0.23, 0.77, 0.247962
1, 0.245744, 0.23, 0.77, 0.246492
1, 0.25101, 0.23, 0.77, 0.251953
1, 0.245054, 0.23, 0.77, 0.250896
1, 0.24998, 0.23, 0.77, 0.25143
1, 0.248259, 0.23, 0.77, 0.248635
1, 0.250423, 0.23, 0.77, 0.251674
1, 0.244598, 0.23, 0.77, 0.247558
1, 0.250518, 0.23, 0.77, 0.253709
1, 0.253014, 0.23, 0.77, 0.254086
1, 0.249572, 0.23, 0.77, 0.249743
1, 0.262247, 0.24, 0.76, 0.261854
1, 0.260509, 0.24, 0.76, 0.263228
1, 0.258926, 0.24, 0.76, 0.262146
1, 0.264201, 0.24, 0.76, 0.264212
1, 0.274105, 0.24, 0.76, 0.271829
1, 0.260748, 0.24, 0.76, 0.261708
1, 0.268587, 0.24, 0.76, 0.266288
1, 0.263751, 0.24, 0.76, 0.262862
1, 0.266938, 0.24, 0.76, 0.267163
1, 0.264165, 0.24, 0.76, 0.263377
1, 0.27572, 0.24, 0.76, 0.270104
1, 0.253631, 0.24, 0.76, 0.25516
1, 0.262637, 0.24, 0.76, 0.265317
1, 0.254987, 0.24, 0.76, 0.257241
1, 0.262371, 0.24, 0.76, 0.264483
1, 0.254646, 0.24, 0.76, 0.253178
1, 0.249826, 0.24, 0.76, 0.252984
1, 0.260399, 0.24, 0.76, 0.262584
1, 0.262878, 0.24, 0.76, 0.265518
1, 0.264306, 0.24, 0.76, 0.259871
1, 0.262751, 0.24, 0.76, 0.26363
1, 0.258573, 0.24, 0.76, 0.261952
1, 0.264103, 0.24, 0.76, 0.263633
1, 0.270264, 0.24, 0.76, 0.268277
1, 0.268373, 0.24, 0.76, 0.263106
1, 0.275365, 0.25, 0.75, 0.273154
1, 0.28371, 0.25, 0.75, 0.277278
1, 0.274242, 0.25, 0.75, 0.275079
1, 0.271649, 0.25, 0.75, 0.276201
1, 0.290594, 0.25, 0.75, 0.285754
1, 0.273107, 0.25, 0.75, 0.274238
1, 0.279173, 0.25, 0.75, 0.275412
1, 0.280379, 0.25, 0.75, 0.275711
1, 0.272327, 0.25, 0.75, 0.271585
1, 0.267968, 0.25, 0.75, 0.269068
1, 0.280422, 0.25, 0.75, 0.278865
1, 0.278979, 0.25, 0.75, 0.275814
1, 0.274811, 0.25, 0.75, 0.275396
1, 0.276806, 0.25, 0.75, 0.273234
1, 0.281996, 0.25, 0.75, 0.280134
1, 0.275515, 0.25, 0.75, 0.27156
1, 0.270808, 0.25, 0.75, 0.268875
1, 0.28614, 0.25, 0.75, 0.280151
1, 0.271238, 0.25, 0.75, 0.271065
1, 0.275934, 0.25, 0.75, 0.275429
1, 0.279501, 0.25, 0.75, 0.278299
1, 0.277238, 0.25, 0.75, 0.277434
1, 0.264883, 0.25, 0.75, 0.272227
1, 0.279008, 0.25, 0.75, 0.275847
1, 0.266515, 0.25, 0.75, 0.272979
1, 0.279231, 0.26, 0.74, 0.279837
1, 0.291218, 0.26, 0.74, 0.287343
1, 0.297975, 0.26, 0.74, 0.292094
1, 0.293183, 0.26, 0.74, 0.292314
1, 0.281999, 0.26, 0.74, 0.287724
1, 0.286117, 0.26, 0.74, 0.28335
1, 0.284353, 0.26, 0.74, 0.282811
1, 0.280055, 0.26, 0.74, 0.282338
1, 0.28308, 0.26, 0.74, 0.28465
1, 0.297206, 0.26, 0.74, 0.289102
1, 0.290097, 0.26, 0.74, 0.286412
1, 0.284621, 0.26, 0.74, 0.284675
1, 0.281078, 0.26, 0.74, 0.282809
1, 0.288251, 0.26, 0.74, 0.286054
1, 0.283612, 0.26, 0.74, 0.28488
1, 0.278144, 0.26, 0.74, 0.285252
1, 0.28216, 0.26, 0.74, 0.286192
1, 0.287232, 0.26, 0.74, 0.288031
1, 0.283443, 0.26, 0.74, 0.282212
1, 0.286603, 0.26, 0.74, 0.294445
1, 0.289446, 0.26, 0.74, 0.286386
1, 0.290514, 0.26, 0.74, 0.289983
1, 0.289278, 0.26, 0.74, 0.28754
1, 0.289143, 0.26, 0.74, 0.286942
1, 0.282631, 0.26, 0.74, 0.281838
1, 0.304162, 0.27, 0.73, 0.303963
1, 0.29731, 0.27, 0.73, 0.296397
1, 0.297575, 0.27, 0.73, 0.30094
1, 0.301115, 0.27, 0.73, 0.299052
1, 0.297415, 0.27, 0.73, 0.296577
1, 0.29279, 0.27, 0.73, 0.294262
1, 0.287296, 0.27, 0.73, 0.285525
1, 0.29445, 0.27, 0.73, 0.298546
1, 0.293925, 0.27, 0.73, 0.298598
1, 0.287918, 0.27, 0.73, 0.289297
1, 0.292217, 0.27, 0.73, 0.300564
1, 0.292586, 0.27, 0.73, 0.298878
1, 0.299756, 0.27, 0.73, 0.295815
1, 0.306698, 0.27, 0.73, 0.297811
1, 0.296796, 0.27, 0.73, 0.299185
1, 0.292065, 0.27, 0.73, 0.297108
1, 0.304963, 0.27, 0.73, 0.299492
1, 0.301934, 0.27, 0.73, 0.300127
1, 0.294739, 0.27, 0.73, 0.294088
1, 0.290981, 0.27, 0.73, 0.293744
1, 0.293392, 0.27, 0.73, 0.296708
1, 0.301914, 0.27, 0.73, 0.305472
1, 0.298131, 0.27, 0.73, 0.298875
1, 0.301551, 0.27, 0.73, 0.300731
1, 0.298856, 0.27, 0.73, 0.302565
1, 0.314379, 0.28, 0.72, 0.311971
1, 0.30792, 0.28, 0.72, 0.313045
1, 0.308635, 0.28, 0.72, 0.306685
1, 0.311392, 0.28, 0.72, 0.31168
1, 0.308373, 0.28, 0.72, 0.305914
1, 0.301647, 0.28, 0.72, 0.301221
1, 0.312951, 0.28, 0.72, 0.310246
1, 0.300998, 0.28, 0.72, 0.306372
1, 0.312528, 0.28, 0.72, 0.31132
1, 0.319877, 0.28, 0.72, 0.314727
1, 0.312448, 0.28, 0.72, 0.305041
1, 0.327587, 0.28, 0.72, 0.321383
1, 0.306332, 0.28, 0.72, 0.308758
1, 0.309668, 0.28, 0.72, 0.307535
1, 0.322236, 0.28, 0.72, 0.321177
1, 0.319729, 0.28, 0.72, 0.311336
1, 0.314201, 0.28, 0.72, 0.311412
1, 0.30812, 0.28, 0.72, 0.304782
1, 0.321156, 0.28, 0.72, 0.313827
1, 0.311168, 0.28, 0.72, 0.307795
1, 0.315839, 0.28, 0.72, 0.310339
1, 0.316329, 0.28, 0.72, 0.313603
1, 0.301764, 0.28, 0.72, 0.306265
1, 0.31464, 0.28, 0.72, 0.312615
1, 0.314222, 0.28, 0.72, 0.313162
1, 0.324259, 0.29, 0.71, 0.32438
1, 0.326268, 0.29, 0.71, 0.331279
1, 0.334253, 0.29, 0.71, 0.332426
1, 0.326452, 0.29, 0.71, 0.323307
1, 0.315853, 0.29, 0.71, 0.313343
1, 0.329212, 0.29, 0.71, 0.324226
1, 0.32659, 0.29, 0.71, 0.321787
1, 0.321202, 0.29, 0.71, 0.32465
1, 0.320524, 0.29, 0.71, 0.320378
1, 0.322786, 0.29, 0.71, 0.321158
1, 0.330476, 0.29, 0.71, 0.329889
1, 0.327132, 0.29, 0.71, 0.325677
1, 0.330646, 0.29, 0.71, 0.327532
1, 0.321758, 0.29, 0.71, 0.320458
1, 0.322878, 0.29, 0.71, 0.324335
1, 0.329226, 0.29, 0.71, 0.325723
1, 0.321459, 0.29, 0.71, 0.315485
1, 0.320655, 0.29, 0.71, 0.318121
1, 0.333797, 0.29, 0.71, 0.325616
1, 0.316396, 0.29, 0.71, 0.319115
1, 0.318124, 0.29, 0.71, 0.314362
1, 0.325571, 0.29, 0.71, 0.324391
1, 0.317766, 0.29, 0.71, 0.319319
1, 0.327104, 0.29, 0.71, 0.323259
1, 0.313269, 0.29, 0.71, 0.31659
1, 0.341854, 0.3, 0.7, 0.342099
1, 0.337128, 0.3, 0.7, 0.332845
1, 0.327153, 0.3, 0.7, 0.325045
1, 0.32926, 0.3, 0.7, 0.331861
1, 0.335702, 0.3, 0.7, 0.332739
1, 0.333934, 0.3, 0.7, 0.327862
1, 0.33881, 0.3, 0.7, 0.333892
1, 0.341334, 0.3, 0.7, 0.33862
1, 0.328689, 0.3, 0.7, 0.330916
1, 0.344709, 0.3, 0.7, 0.342104
1, 0.327446, 0.3, 0.7, 0.332572
1, 0.340527, 0.3, 0.7, 0.332321
1, 0.349387, 0.3, 0.7, 0.342228
1, 0.34421, 0.3, 0.7, 0.348093
1, 0.334971, 0.3, 0.7, 0.332435
1, 0.332687, 0.3, 0.7, 0.330856
1, 0.347416, 0.3, 0.7, 0.341562
1, 0.335833, 0.3, 0.7, 0.335216
1, 0.347531, 0.3, 0.7, 0.342739
1, 0.329227, 0.3, 0.7, 0.329905
1, 0.331427, 0.3, 0.7, 0.333557
1, 0.341194, 0.3, 0.7, 0.341204
1, 0.330897, 0.3, 0.7, 0.332509
1, 0.339809, 0.3, 0.7, 0.333389
1, 0.343143, 0.3, 0.7, 0.339867
