# B5 Gamma Dynamic Simulation Results
# Strategy schedule: schedules/schedule_b5_gamma_publish.txt
# Gamma schedule: schedules/gamma_schedule_volatile.txt
# Hash rate range: 0.15 - 0.3 (15% - 30%) in 0.01 increments
InitialGamma, Miner0_ProfitFraction, Miner0_HashRate, Miner1_HashRate, Miner0_BlockFraction
0.95, 0.165672, 0.15, 0.85, 0.161439
0.95, 0.163587, 0.15, 0.85, 0.163379
0.95, 0.156938, 0.15, 0.85, 0.1571
0.95, 0.155544, 0.15, 0.85, 0.158177
0.95, 0.156223, 0.15, 0.85, 0.159793
0.95, 0.158055, 0.15, 0.85, 0.160304
0.95, 0.161337, 0.15, 0.85, 0.157451
0.95, 0.155984, 0.15, 0.85, 0.159268
0.95, 0.151106, 0.15, 0.85, 0.154246
0.95, 0.158916, 0.15, 0.85, 0.158464
0.95, 0.161389, 0.15, 0.85, 0.15714
0.95, 0.153983, 0.15, 0.85, 0.154957
0.95, 0.153714, 0.15, 0.85, 0.155995
0.95, 0.159858, 0.15, 0.85, 0.157457
0.95, 0.154625, 0.15, 0.85, 0.156946
0.95, 0.159795, 0.15, 0.85, 0.159991
0.95, 0.162543, 0.15, 0.85, 0.160247
0.95, 0.160512, 0.15, 0.85, 0.16093
0.95, 0.159676, 0.15, 0.85, 0.159151
0.95, 0.160781, 0.15, 0.85, 0.160699
0.95, 0.154543, 0.15, 0.85, 0.154186
0.95, 0.162304, 0.15, 0.85, 0.161252
0.95, 0.149659, 0.15, 0.85, 0.153647
0.95, 0.158757, 0.15, 0.85, 0.164108
0.95, 0.157723, 0.15, 0.85, 0.158959
0.95, 0.171921, 0.16, 0.84, 0.172061
0.95, 0.169989, 0.16, 0.84, 0.172252
0.95, 0.175654, 0.16, 0.84, 0.173221
0.95, 0.170489, 0.16, 0.84, 0.169008
0.95, 0.168903, 0.16, 0.84, 0.169018
0.95, 0.175389, 0.16, 0.84, 0.175006
0.95, 0.169406, 0.16, 0.84, 0.168637
0.95, 0.164278, 0.16, 0.84, 0.166657
0.95, 0.169262, 0.16, 0.84, 0.170851
0.95, 0.169627, 0.16, 0.84, 0.169421
0.95, 0.172906, 0.16, 0.84, 0.173206
0.95, 0.168251, 0.16, 0.84, 0.171607
0.95, 0.167661, 0.16, 0.84, 0.172985
0.95, 0.167179, 0.16, 0.84, 0.173737
0.95, 0.170591, 0.16, 0.84, 0.167753
0.95, 0.173108, 0.16, 0.84, 0.168337
0.95, 0.167437, 0.16, 0.84, 0.172977
0.95, 0.178054, 0.16, 0.84, 0.17669
0.95, 0.170632, 0.16, 0.84, 0.170385
0.95, 0.174927, 0.16, 0.84, 0.177014
0.95, 0.169631, 0.16, 0.84, 0.17262
0.95, 0.172344, 0.16, 0.84, 0.175381
0.95, 0.167915, 0.16, 0.84, 0.167946
0.95, 0.1699, 0.16, 0.84, 0.171069
0.95, 0.165216, 0.16, 0.84, 0.165808
0.95, 0.191208, 0.17, 0.83, 0.188021
0.95, 0.187653, 0.17, 0.83, 0.190319
0.95, 0.191696, 0.17, 0.83, 0.191636
0.95, 0.183523, 0.17, 0.83, 0.186931
0.95, 0.170283, 0.17, 0.83, 0.177821
0.95, 0.187253, 0.17, 0.83, 0.187107
0.95, 0.182606, 0.17, 0.83, 0.183568
0.95, 0.179203, 0.17, 0.83, 0.182777
0.95, 0.181025, 0.17, 0.83, 0.18544
0.95, 0.182976, 0.17, 0.83, 0.184709
0.95, 0.177612, 0.17, 0.83, 0.182223
0.95, 0.17744, 0.17, 0.83, 0.182007
0.95, 0.185857, 0.17, 0.83, 0.183587
0.95, 0.180851, 0.17, 0.83, 0.184939
0.95, 0.189998, 0.17, 0.83, 0.188839
0.95, 0.179535, 0.17, 0.83, 0.184383
0.95, 0.177529, 0.17, 0.83, 0.17605
0.95, 0.184247, 0.17, 0.83, 0.186561
0.95, 0.183303, 0.17, 0.83, 0.180915
0.95, 0.182341, 0.17, 0.83, 0.18272
0.95, 0.18222, 0.17, 0.83, 0.181918
0.95, 0.18907, 0.17, 0.83, 0.18409
0.95, 0.184628, 0.17, 0.83, 0.182206
0.95, 0.177886, 0.17, 0.83, 0.177415
0.95, 0.177121, 0.17, 0.83, 0.180951
0.95, 0.198304, 0.18, 0.82, 0.199374
0.95, 0.19289, 0.18, 0.82, 0.193829
0.95, 0.196567, 0.18, 0.82, 0.195421
0.95, 0.194575, 0.18, 0.82, 0.200221
0.95, 0.19025, 0.18, 0.82, 0.193755
0.95, 0.188444, 0.18, 0.82, 0.192753
0.95, 0.200265, 0.18, 0.82, 0.195866
0.95, 0.196445, 0.18, 0.82, 0.196359
0.95, 0.19023, 0.18, 0.82, 0.192946
0.95, 0.195635, 0.18, 0.82, 0.197829
0.95, 0.198913, 0.18, 0.82, 0.201688
0.95, 0.199095, 0.18, 0.82, 0.198128
0.95, 0.19697, 0.18, 0.82, 0.199079
0.95, 0.190561, 0.18, 0.82, 0.195136
0.95, 0.193548, 0.18, 0.82, 0.192124
0.95, 0.196752, 0.18, 0.82, 0.200011
0.95, 0.193367, 0.18, 0.82, 0.197567
0.95, 0.200146, 0.18, 0.82, 0.198789
0.95, 0.197965, 0.18, 0.82, 0.199106
0.95, 0.19265, 0.18, 0.82, 0.195446
0.95, 0.200362, 0.18, 0.82, 0.198407
0.95, 0.191208, 0.18, 0.82, 0.191832
0.95, 0.201558, 0.18, 0.82, 0.197894
0.95, 0.197311, 0.18, 0.82, 0.1954
0.95, 0.19509, 0.18, 0.82, 0.20195
0.95, 0.204011, 0.19, 0.81, 0.207089
0.95, 0.198822, 0.19, 0.81, 0.203541
0.95, 0.207661, 0.19, 0.81, 0.208669
0.95, 0.213257, 0.19, 0.81, 0.211616
0.95, 0.207342, 0.19, 0.81, 0.210088
0.95, 0.204269, 0.19, 0.81, 0.208916
0.95, 0.204826, 0.19, 0.81, 0.20945
0.95, 0.210291, 0.19, 0.81, 0.212348
0.95, 0.208581, 0.19, 0.81, 0.210609
0.95, 0.215694, 0.19, 0.81, 0.213618
0.95, 0.20255, 0.19, 0.81, 0.208222
0.95, 0.208766, 0.19, 0.81, 0.208637
0.95, 0.210355, 0.19, 0.81, 0.209328
0.95, 0.211035, 0.19, 0.81, 0.210548
0.95, 0.207163, 0.19, 0.81, 0.209324
0.95, 0.201148, 0.19, 0.81, 0.203856
0.95, 0.207879, 0.19, 0.81, 0.21176
0.95, 0.211852, 0.19, 0.81, 0.212444
0.95, 0.213467, 0.19, 0.81, 0.214941
0.95, 0.218222, 0.19, 0.81, 0.219885
0.95, 0.209123, 0.19, 0.81, 0.214605
0.95, 0.209016, 0.19, 0.81, 0.211367
0.95, 0.201224, 0.19, 0.81, 0.209315
0.95, 0.203221, 0.19, 0.81, 0.207519
0.95, 0.20281, 0.19, 0.81, 0.206985
0.95, 0.221269, 0.2, 0.8, 0.222255
0.95, 0.218426, 0.2, 0.8, 0.221424
0.95, 0.224067, 0.2, 0.8, 0.223525
0.95, 0.227573, 0.2, 0.8, 0.225042
0.95, 0.218565, 0.2, 0.8, 0.222026
0.95, 0.213221, 0.2, 0.8, 0.218309
0.95, 0.205052, 0.2, 0.8, 0.21198
0.95, 0.216987, 0.2, 0.8, 0.225412
0.95, 0.211713, 0.2, 0.8, 0.21764
0.95, 0.226334, 0.2, 0.8, 0.22769
0.95, 0.217586, 0.2, 0.8, 0.221549
0.95, 0.212115, 0.2, 0.8, 0.218937
0.95, 0.220664, 0.2, 0.8, 0.224556
0.95, 0.219632, 0.2, 0.8, 0.222426
0.95, 0.224561, 0.2, 0.8, 0.226557
0.95, 0.217336, 0.2, 0.8, 0.219035
0.95, 0.223566, 0.2, 0.8, 0.225856
0.95, 0.207118, 0.2, 0.8, 0.214444
0.95, 0.224434, 0.2, 0.8, 0.226976
0.95, 0.212848, 0.2, 0.8, 0.220157
0.95, 0.208894, 0.2, 0.8, 0.213401
0.95, 0.222748, 0.2, 0.8, 0.22619
0.95, 0.215908, 0.2, 0.8, 0.219231
0.95, 0.220847, 0.2, 0.8, 0.220207
0.95, 0.2198, 0.2, 0.8, 0.22148
0.95, 0.231998, 0.21, 0.79, 0.239203
0.95, 0.243108, 0.21, 0.79, 0.2431
0.95, 0.236569, 0.21, 0.79, 0.236555
0.95, 0.236603, 0.21, 0.79, 0.239415
0.95, 0.229843, 0.21, 0.79, 0.227759
0.95, 0.235197, 0.21, 0.79, 0.236326
0.95, 0.234067, 0.21, 0.79, 0.236419
0.95, 0.234777, 0.21, 0.79, 0.240166
0.95, 0.232511, 0.21, 0.79, 0.237334
0.95, 0.23383, 0.21, 0.79, 0.232836
0.95, 0.236956, 0.21, 0.79, 0.239176
0.95, 0.237974, 0.21, 0.79, 0.237376
0.95, 0.23983, 0.21, 0.79, 0.244379
0.95, 0.229142, 0.21, 0.79, 0.236647
0.95, 0.233143, 0.21, 0.79, 0.234639
0.95, 0.230974, 0.21, 0.79, 0.238692
0.95, 0.23128, 0.21, 0.79, 0.233888
0.95, 0.230659, 0.21, 0.79, 0.232594
0.95, 0.231133, 0.21, 0.79, 0.236797
0.95, 0.233149, 0.21, 0.79, 0.237419
0.95, 0.236366, 0.21, 0.79, 0.236415
0.95, 0.236861, 0.21, 0.79, 0.239385
0.95, 0.224621, 0.21, 0.79, 0.229826
0.95, 0.236516, 0.21, 0.79, 0.237175
0.95, 0.223572, 0.21, 0.79, 0.226555
0.95, 0.251429, 0.22, 0.78, 0.253439
0.95, 0.247722, 0.22, 0.78, 0.253385
0.95, 0.248283, 0.22, 0.78, 0.249717
0.95, 0.252956, 0.22, 0.78, 0.250386
0.95, 0.251496, 0.22, 0.78, 0.256483
0.95, 0.250987, 0.22, 0.78, 0.254159
0.95, 0.250738, 0.22, 0.78, 0.251407
0.95, 0.240281, 0.22, 0.78, 0.24317
0.95, 0.24653, 0.22, 0.78, 0.251101
0.95, 0.253491, 0.22, 0.78, 0.245547
0.95, 0.24634, 0.22, 0.78, 0.248215
0.95, 0.242266, 0.22, 0.78, 0.246088
0.95, 0.24323, 0.22, 0.78, 0.24449
0.95, 0.243154, 0.22, 0.78, 0.24539
0.95, 0.255627, 0.22, 0.78, 0.254828
0.95, 0.253588, 0.22, 0.78, 0.256266
0.95, 0.244203, 0.22, 0.78, 0.250562
0.95, 0.254333, 0.22, 0.78, 0.252904
0.95, 0.250741, 0.22, 0.78, 0.255497
0.95, 0.247997, 0.22, 0.78, 0.254155
0.95, 0.243532, 0.22, 0.78, 0.245357
0.95, 0.241665, 0.22, 0.78, 0.246517
0.95, 0.248922, 0.22, 0.78, 0.24846
0.95, 0.247029, 0.22, 0.78, 0.250237
0.95, 0.251233, 0.22, 0.78, 0.250993
0.95, 0.262774, 0.23, 0.77, 0.261655
0.95, 0.260105, 0.23, 0.77, 0.262459
0.95, 0.256223, 0.23, 0.77, 0.256692
0.95, 0.260962, 0.23, 0.77, 0.26603
0.95, 0.260344, 0.23, 0.77, 0.263813
0.95, 0.259565, 0.23, 0.77, 0.264931
0.95, 0.260408, 0.23, 0.77, 0.267579
0.95, 0.257369, 0.23, 0.77, 0.260025
0.95, 0.262224, 0.23, 0.77, 0.268342
0.95, 0.259551, 0.23, 0.77, 0.261415
0.95, 0.263826, 0.23, 0.77, 0.266401
0.95, 0.256333, 0.23, 0.77, 0.266783
0.95, 0.261384, 0.23, 0.77, 0.264736
0.95, 0.257883, 0.23, 0.77, 0.261509
0.95, 0.262566, 0.23, 0.77, 0.264528
0.95, 0.265548, 0.23, 0.77, 0.264373
0.95, 0.258849, 0.23, 0.77, 0.263352
0.95, 0.262142, 0.23, 0.77, 0.268381
0.95, 0.252383, 0.23, 0.77, 0.256686
0.95, 0.259038, 0.23, 0.77, 0.263209
0.95, 0.262515, 0.23, 0.77, 0.270942
0.95, 0.255018, 0.23, 0.77, 0.259038
0.95, 0.258172, 0.23, 0.77, 0.259793
0.95, 0.256948, 0.23, 0.77, 0.264162
0.95, 0.256594, 0.23, 0.77, 0.262076
0.95, 0.275887, 0.24, 0.76, 0.27197
0.95, 0.275044, 0.24, 0.76, 0.27856
0.95, 0.27416, 0.24, 0.76, 0.279788
0.95, 0.274865, 0.24, 0.76, 0.27765
0.95, 0.280091, 0.24, 0.76, 0.278602
0.95, 0.269182, 0.24, 0.76, 0.275071
0.95, 0.263075, 0.24, 0.76, 0.268513
0.95, 0.269665, 0.24, 0.76, 0.276881
0.95, 0.270843, 0.24, 0.76, 0.275913
0.95, 0.270701, 0.24, 0.76, 0.275386
0.95, 0.282829, 0.24, 0.76, 0.28744
0.95, 0.263884, 0.24, 0.76, 0.273143
0.95, 0.273403, 0.24, 0.76, 0.280293
0.95, 0.269102, 0.24, 0.76, 0.275698
0.95, 0.271561, 0.24, 0.76, 0.275383
0.95, 0.28165, 0.24, 0.76, 0.290092
0.95, 0.2729, 0.24, 0.76, 0.275029
0.95, 0.274092, 0.24, 0.76, 0.278024
0.95, 0.272435, 0.24, 0.76, 0.275308
0.95, 0.282196, 0.24, 0.76, 0.283486
0.95, 0.280241, 0.24, 0.76, 0.280249
0.95, 0.271747, 0.24, 0.76, 0.273617
0.95, 0.273525, 0.24, 0.76, 0.27857
0.95, 0.268221, 0.24, 0.76, 0.271347
0.95, 0.281201, 0.24, 0.76, 0.279887
0.95, 0.274689, 0.25, 0.75, 0.278867
0.95, 0.286446, 0.25, 0.75, 0.289217
0.95, 0.286015, 0.25, 0.75, 0.286524
0.95, 0.287948, 0.25, 0.75, 0.285697
0.95, 0.288627, 0.25, 0.75, 0.290855
0.95, 0.289214, 0.25, 0.75, 0.294778
0.95, 0.286634, 0.25, 0.75, 0.291102
0.95, 0.293738, 0.25, 0.75, 0.288582
0.95, 0.282689, 0.25, 0.75, 0.290804
0.95, 0.282659, 0.25, 0.75, 0.285082
0.95, 0.28332, 0.25, 0.75, 0.288584
0.95, 0.291995, 0.25, 0.75, 0.293231
0.95, 0.28401, 0.25, 0.75, 0.289718
0.95, 0.29733, 0.25, 0.75, 0.298294
0.95, 0.292498, 0.25, 0.75, 0.2952
0.95, 0.29355, 0.25, 0.75, 0.295083
0.95, 0.283166, 0.25, 0.75, 0.29079
0.95, 0.290784, 0.25, 0.75, 0.296457
0.95, 0.295303, 0.25, 0.75, 0.295675
0.95, 0.304029, 0.25, 0.75, 0.302829
0.95, 0.286397, 0.25, 0.75, 0.292488
0.95, 0.288282, 0.25, 0.75, 0.297276
0.95, 0.280531, 0.25, 0.75, 0.292811
0.95, 0.29103, 0.25, 0.75, 0.298203
0.95, 0.293892, 0.25, 0.75, 0.288344
0.95, 0.300465, 0.26, 0.74, 0.303086
0.95, 0.312176, 0.26, 0.74, 0.31268
0.95, 0.290616, 0.26, 0.74, 0.291154
0.95, 0.299679, 0.26, 0.74, 0.299173
0.95, 0.297611, 0.26, 0.74, 0.299774
0.95, 0.305417, 0.26, 0.74, 0.304922
0.95, 0.299216, 0.26, 0.74, 0.305225
0.95, 0.296523, 0.26, 0.74, 0.305825
0.95, 0.309732, 0.26, 0.74, 0.314646
0.95, 0.297828, 0.26, 0.74, 0.301807
0.95, 0.307673, 0.26, 0.74, 0.3121
0.95, 0.302528, 0.26, 0.74, 0.303882
0.95, 0.291939, 0.26, 0.74, 0.300189
0.95, 0.299347, 0.26, 0.74, 0.302226
0.95, 0.30822, 0.26, 0.74, 0.310217
0.95, 0.307424, 0.26, 0.74, 0.309641
0.95, 0.304761, 0.26, 0.74, 0.310276
0.95, 0.298647, 0.26, 0.74, 0.303178
0.95, 0.305499, 0.26, 0.74, 0.312176
0.95, 0.298296, 0.26, 0.74, 0.304848
0.95, 0.308886, 0.26, 0.74, 0.313194
0.95, 0.300363, 0.26, 0.74, 0.299576
0.95, 0.302156, 0.26, 0.74, 0.309325
0.95, 0.30502, 0.26, 0.74, 0.307937
0.95, 0.298924, 0.26, 0.74, 0.308307
0.95, 0.30857, 0.27, 0.73, 0.3139
0.95, 0.329346, 0.27, 0.73, 0.331853
0.95, 0.309993, 0.27, 0.73, 0.312431
0.95, 0.326988, 0.27, 0.73, 0.32592
0.95, 0.327146, 0.27, 0.73, 0.32996
0.95, 0.323456, 0.27, 0.73, 0.324047
0.95, 0.310019, 0.27, 0.73, 0.314943
0.95, 0.317591, 0.27, 0.73, 0.322153
0.95, 0.303548, 0.27, 0.73, 0.314111
0.95, 0.317932, 0.27, 0.73, 0.321135
0.95, 0.329444, 0.27, 0.73, 0.32479
0.95, 0.309595, 0.27, 0.73, 0.315217
0.95, 0.323421, 0.27, 0.73, 0.321923
0.95, 0.320523, 0.27, 0.73, 0.319766
0.95, 0.322389, 0.27, 0.73, 0.322429
0.95, 0.305002, 0.27, 0.73, 0.313548
0.95, 0.325067, 0.27, 0.73, 0.328007
0.95, 0.320825, 0.27, 0.73, 0.32444
0.95, 0.313977, 0.27, 0.73, 0.320773
0.95, 0.318425, 0.27, 0.73, 0.32591
0.95, 0.326586, 0.27, 0.73, 0.329456
0.95, 0.318521, 0.27, 0.73, 0.327001
0.95, 0.322641, 0.27, 0.73, 0.32814
0.95, 0.316296, 0.27, 0.73, 0.322935
0.95, 0.309992, 0.27, 0.73, 0.31402
0.95, 0.331508, 0.28, 0.72, 0.337845
0.95, 0.335292, 0.28, 0.72, 0.337394
0.95, 0.327543, 0.28, 0.72, 0.335269
0.95, 0.324928, 0.28, 0.72, 0.325163
0.95, 0.338276, 0.28, 0.72, 0.341899
0.95, 0.328361, 0.28, 0.72, 0.331364
0.95, 0.331344, 0.28, 0.72, 0.338883
0.95, 0.329276, 0.28, 0.72, 0.333251
0.95, 0.338601, 0.28, 0.72, 0.343359
0.95, 0.313621, 0.28, 0.72, 0.326175
0.95, 0.334032, 0.28, 0.72, 0.338528
0.95, 0.332453, 0.28, 0.72, 0.334343
0.95, 0.330716, 0.28, 0.72, 0.33204
0.95, 0.33904, 0.28, 0.72, 0.340673
0.95, 0.329687, 0.28, 0.72, 0.334171
0.95, 0.345201, 0.28, 0.72, 0.342495
0.95, 0.335899, 0.28, 0.72, 0.340065
0.95, 0.32906, 0.28, 0.72, 0.329896
0.95, 0.335106, 0.28, 0.72, 0.338613
0.95, 0.329962, 0.28, 0.72, 0.331825
0.95, 0.3383, 0.28, 0.72, 0.338805
0.95, 0.326454, 0.28, 0.72, 0.333292
0.95, 0.329995, 0.28, 0.72, 0.33435
0.95, 0.337838, 0.28, 0.72, 0.342788
0.95, 0.324818, 0.28, 0.72, 0.332513
0.95, 0.353117, 0.29, 0.71, 0.358676
0.95, 0.352453, 0.29, 0.71, 0.353814
0.95, 0.348544, 0.29, 0.71, 0.354922
0.95, 0.358712, 0.29, 0.71, 0.355911
0.95, 0.347038, 0.29, 0.71, 0.352338
0.95, 0.354938, 0.29, 0.71, 0.348702
0.95, 0.36177, 0.29, 0.71, 0.361115
0.95, 0.348639, 0.29, 0.71, 0.350009
0.95, 0.345888, 0.29, 0.71, 0.353635
0.95, 0.354551, 0.29, 0.71, 0.352177
0.95, 0.353785, 0.29, 0.71, 0.355863
0.95, 0.345092, 0.29, 0.71, 0.351125
0.95, 0.345276, 0.29, 0.71, 0.358256
0.95, 0.349123, 0.29, 0.71, 0.347968
0.95, 0.346129, 0.29, 0.71, 0.350138
0.95, 0.353275, 0.29, 0.71, 0.353206
0.95, 0.350716, 0.29, 0.71, 0.357071
0.95, 0.345051, 0.29, 0.71, 0.351496
0.95, 0.365232, 0.29, 0.71, 0.364555
0.95, 0.339575, 0.29, 0.71, 0.353455
0.95, 0.34924, 0.29, 0.71, 0.352009
0.95, 0.339555, 0.29, 0.71, 0.348463
0.95, 0.343871, 0.29, 0.71, 0.348313
0.95, 0.339821, 0.29, 0.71, 0.344736
0.95, 0.346039, 0.29, 0.71, 0.355272
0.95, 0.351472, 0.3, 0.7, 0.357971
0.95, 0.362549, 0.3, 0.7, 0.366506
0.95, 0.364432, 0.3, 0.7, 0.369058
0.95, 0.372631, 0.3, 0.7, 0.371721
0.95, 0.364571, 0.3, 0.7, 0.3643
0.95, 0.36027, 0.3, 0.7, 0.373577
0.95, 0.361932, 0.3, 0.7, 0.366112
0.95, 0.379945, 0.3, 0.7, 0.376505
0.95, 0.362914, 0.3, 0.7, 0.36973
0.95, 0.351708, 0.3, 0.7, 0.358183
0.95, 0.360497, 0.3, 0.7, 0.366662
0.95, 0.374471, 0.3, 0.7, 0.373661
0.95, 0.359815, 0.3, 0.7, 0.367788
0.95, 0.356301, 0.3, 0.7, 0.35956
0.95, 0.357825, 0.3, 0.7, 0.366798
0.95, 0.360099, 0.3, 0.7, 0.366335
0.95, 0.369637, 0.3, 0.7, 0.36868
0.95, 0.366299, 0.3, 0.7, 0.370206
0.95, 0.36214, 0.3, 0.7, 0.364997
0.95, 0.360247, 0.3, 0.7, 0.364802
0.95, 0.359462, 0.3, 0.7, 0.365846
0.95, 0.369161, 0.3, 0.7, 0.374317
0.95, 0.37089, 0.3, 0.7, 0.375807
0.95, 0.363696, 0.3, 0.7, 0.368351
0.95, 0.35941, 0.3, 0.7, 0.365313
