# B5 Gamma Dynamic Simulation Results
# Strategy schedule: schedules/schedule_b5_gamma_adaptive_lead_fork.txt
# Gamma schedule: schedules/gamma_schedule_volatile.txt
# Hash rate range: 0.15 - 0.3 (15% - 30%) in 0.01 increments
InitialGamma, Miner0_ProfitFraction, Miner0_HashRate, Miner1_HashRate, Miner0_BlockFraction
0.95, 0.152608, 0.15, 0.85, 0.15269
0.95, 0.161065, 0.15, 0.85, 0.159625
0.95, 0.164367, 0.15, 0.85, 0.164614
0.95, 0.164984, 0.15, 0.85, 0.163649
0.95, 0.165351, 0.15, 0.85, 0.167729
0.95, 0.164158, 0.15, 0.85, 0.164882
0.95, 0.162263, 0.15, 0.85, 0.162024
0.95, 0.164151, 0.15, 0.85, 0.166893
0.95, 0.162758, 0.15, 0.85, 0.163022
0.95, 0.152415, 0.15, 0.85, 0.156312
0.95, 0.165349, 0.15, 0.85, 0.164614
0.95, 0.159125, 0.15, 0.85, 0.160565
0.95, 0.15836, 0.15, 0.85, 0.158841
0.95, 0.162916, 0.15, 0.85, 0.160519
0.95, 0.158862, 0.15, 0.85, 0.157835
0.95, 0.152874, 0.15, 0.85, 0.157707
0.95, 0.159268, 0.15, 0.85, 0.159366
0.95, 0.159564, 0.15, 0.85, 0.157927
0.95, 0.155623, 0.15, 0.85, 0.153168
0.95, 0.151921, 0.15, 0.85, 0.152052
0.95, 0.165433, 0.15, 0.85, 0.164425
0.95, 0.160078, 0.15, 0.85, 0.159122
0.95, 0.162525, 0.15, 0.85, 0.162337
0.95, 0.166081, 0.15, 0.85, 0.163921
0.95, 0.158784, 0.15, 0.85, 0.158931
0.95, 0.178308, 0.16, 0.84, 0.175337
0.95, 0.165404, 0.16, 0.84, 0.167597
0.95, 0.169238, 0.16, 0.84, 0.17144
0.95, 0.175787, 0.16, 0.84, 0.179801
0.95, 0.174094, 0.16, 0.84, 0.172402
0.95, 0.162573, 0.16, 0.84, 0.165567
0.95, 0.16699, 0.16, 0.84, 0.169725
0.95, 0.168159, 0.16, 0.84, 0.166333
0.95, 0.172535, 0.16, 0.84, 0.174951
0.95, 0.166614, 0.16, 0.84, 0.172
0.95, 0.172786, 0.16, 0.84, 0.17176
0.95, 0.16986, 0.16, 0.84, 0.170682
0.95, 0.173027, 0.16, 0.84, 0.173935
0.95, 0.17462, 0.16, 0.84, 0.17602
0.95, 0.166305, 0.16, 0.84, 0.167736
0.95, 0.170089, 0.16, 0.84, 0.171478
0.95, 0.167654, 0.16, 0.84, 0.168791
0.95, 0.167192, 0.16, 0.84, 0.170505
0.95, 0.162952, 0.16, 0.84, 0.169158
0.95, 0.165765, 0.16, 0.84, 0.173025
0.95, 0.164422, 0.16, 0.84, 0.164582
0.95, 0.165641, 0.16, 0.84, 0.170661
0.95, 0.168597, 0.16, 0.84, 0.169116
0.95, 0.158608, 0.16, 0.84, 0.166136
0.95, 0.176041, 0.16, 0.84, 0.172688
0.95, 0.186086, 0.17, 0.83, 0.183449
0.95, 0.178526, 0.17, 0.83, 0.181859
0.95, 0.180493, 0.17, 0.83, 0.183871
0.95, 0.17254, 0.17, 0.83, 0.174368
0.95, 0.182838, 0.17, 0.83, 0.183638
0.95, 0.17957, 0.17, 0.83, 0.178762
0.95, 0.180991, 0.17, 0.83, 0.186065
0.95, 0.181322, 0.17, 0.83, 0.185557
0.95, 0.185217, 0.17, 0.83, 0.184103
0.95, 0.18187, 0.17, 0.83, 0.181314
0.95, 0.187253, 0.17, 0.83, 0.18572
0.95, 0.189229, 0.17, 0.83, 0.189293
0.95, 0.177413, 0.17, 0.83, 0.182711
0.95, 0.180543, 0.17, 0.83, 0.179875
0.95, 0.188599, 0.17, 0.83, 0.191321
0.95, 0.184237, 0.17, 0.83, 0.185605
0.95, 0.177869, 0.17, 0.83, 0.182453
0.95, 0.184307, 0.17, 0.83, 0.186969
0.95, 0.187472, 0.17, 0.83, 0.18818
0.95, 0.183772, 0.17, 0.83, 0.182568
0.95, 0.190475, 0.17, 0.83, 0.190745
0.95, 0.178603, 0.17, 0.83, 0.177818
0.95, 0.179213, 0.17, 0.83, 0.181446
0.95, 0.174738, 0.17, 0.83, 0.180724
0.95, 0.18006, 0.17, 0.83, 0.18311
0.95, 0.19953, 0.18, 0.82, 0.199342
0.95, 0.190911, 0.18, 0.82, 0.196275
0.95, 0.191466, 0.18, 0.82, 0.196191
0.95, 0.190579, 0.18, 0.82, 0.196868
0.95, 0.192261, 0.18, 0.82, 0.198108
0.95, 0.196324, 0.18, 0.82, 0.1961
0.95, 0.200022, 0.18, 0.82, 0.194763
0.95, 0.19362, 0.18, 0.82, 0.198272
0.95, 0.199901, 0.18, 0.82, 0.197727
0.95, 0.192565, 0.18, 0.82, 0.189798
0.95, 0.196692, 0.18, 0.82, 0.196549
0.95, 0.18822, 0.18, 0.82, 0.192199
0.95, 0.196921, 0.18, 0.82, 0.194416
0.95, 0.200611, 0.18, 0.82, 0.201834
0.95, 0.188679, 0.18, 0.82, 0.194477
0.95, 0.199468, 0.18, 0.82, 0.199244
0.95, 0.196033, 0.18, 0.82, 0.197449
0.95, 0.190552, 0.18, 0.82, 0.197435
0.95, 0.200182, 0.18, 0.82, 0.198721
0.95, 0.2009, 0.18, 0.82, 0.199395
0.95, 0.195061, 0.18, 0.82, 0.197702
0.95, 0.195193, 0.18, 0.82, 0.196721
0.95, 0.202476, 0.18, 0.82, 0.202814
0.95, 0.19168, 0.18, 0.82, 0.193934
0.95, 0.195421, 0.18, 0.82, 0.197661
0.95, 0.207595, 0.19, 0.81, 0.210465
0.95, 0.210951, 0.19, 0.81, 0.214079
0.95, 0.201211, 0.19, 0.81, 0.202844
0.95, 0.211755, 0.19, 0.81, 0.212489
0.95, 0.215264, 0.19, 0.81, 0.214923
0.95, 0.216407, 0.19, 0.81, 0.216686
0.95, 0.209329, 0.19, 0.81, 0.211945
0.95, 0.207847, 0.19, 0.81, 0.211459
0.95, 0.205959, 0.19, 0.81, 0.210339
0.95, 0.206958, 0.19, 0.81, 0.20879
0.95, 0.197235, 0.19, 0.81, 0.204009
0.95, 0.212026, 0.19, 0.81, 0.212523
0.95, 0.205434, 0.19, 0.81, 0.210024
0.95, 0.207805, 0.19, 0.81, 0.212668
0.95, 0.20939, 0.19, 0.81, 0.212824
0.95, 0.198851, 0.19, 0.81, 0.20555
0.95, 0.208432, 0.19, 0.81, 0.209936
0.95, 0.203067, 0.19, 0.81, 0.206187
0.95, 0.215142, 0.19, 0.81, 0.212459
0.95, 0.205309, 0.19, 0.81, 0.20791
0.95, 0.203095, 0.19, 0.81, 0.207224
0.95, 0.204187, 0.19, 0.81, 0.211276
0.95, 0.198119, 0.19, 0.81, 0.205562
0.95, 0.201834, 0.19, 0.81, 0.206868
0.95, 0.210223, 0.19, 0.81, 0.215203
0.95, 0.220726, 0.2, 0.8, 0.223542
0.95, 0.221688, 0.2, 0.8, 0.221077
0.95, 0.213967, 0.2, 0.8, 0.21765
0.95, 0.225042, 0.2, 0.8, 0.227299
0.95, 0.219824, 0.2, 0.8, 0.218937
0.95, 0.214434, 0.2, 0.8, 0.218551
0.95, 0.2256, 0.2, 0.8, 0.219933
0.95, 0.219755, 0.2, 0.8, 0.224013
0.95, 0.224247, 0.2, 0.8, 0.225816
0.95, 0.218696, 0.2, 0.8, 0.22499
0.95, 0.218576, 0.2, 0.8, 0.220972
0.95, 0.213685, 0.2, 0.8, 0.215728
0.95, 0.223276, 0.2, 0.8, 0.224144
0.95, 0.217659, 0.2, 0.8, 0.219754
0.95, 0.222737, 0.2, 0.8, 0.225267
0.95, 0.217596, 0.2, 0.8, 0.221603
0.95, 0.223638, 0.2, 0.8, 0.224813
0.95, 0.220189, 0.2, 0.8, 0.227195
0.95, 0.222188, 0.2, 0.8, 0.226722
0.95, 0.218546, 0.2, 0.8, 0.222708
0.95, 0.222964, 0.2, 0.8, 0.218884
0.95, 0.22907, 0.2, 0.8, 0.228124
0.95, 0.22216, 0.2, 0.8, 0.222981
0.95, 0.222642, 0.2, 0.8, 0.222834
0.95, 0.219544, 0.2, 0.8, 0.220819
0.95, 0.236603, 0.21, 0.79, 0.24025
0.95, 0.233612, 0.21, 0.79, 0.235448
0.95, 0.22935, 0.21, 0.79, 0.232873
0.95, 0.228963, 0.21, 0.79, 0.235731
0.95, 0.234902, 0.21, 0.79, 0.239771
0.95, 0.230799, 0.21, 0.79, 0.238055
0.95, 0.239242, 0.21, 0.79, 0.243566
0.95, 0.23528, 0.21, 0.79, 0.239962
0.95, 0.239017, 0.21, 0.79, 0.242366
0.95, 0.235121, 0.21, 0.79, 0.234642
0.95, 0.234966, 0.21, 0.79, 0.234482
0.95, 0.234363, 0.21, 0.79, 0.235608
0.95, 0.230895, 0.21, 0.79, 0.232429
0.95, 0.233869, 0.21, 0.79, 0.240242
0.95, 0.240157, 0.21, 0.79, 0.242151
0.95, 0.229574, 0.21, 0.79, 0.234919
0.95, 0.237615, 0.21, 0.79, 0.237613
0.95, 0.239169, 0.21, 0.79, 0.242516
0.95, 0.239599, 0.21, 0.79, 0.244107
0.95, 0.240092, 0.21, 0.79, 0.245602
0.95, 0.22893, 0.21, 0.79, 0.239133
0.95, 0.238607, 0.21, 0.79, 0.242369
0.95, 0.233938, 0.21, 0.79, 0.235583
0.95, 0.24069, 0.21, 0.79, 0.24408
0.95, 0.240376, 0.21, 0.79, 0.237292
0.95, 0.245408, 0.22, 0.78, 0.249377
0.95, 0.242283, 0.22, 0.78, 0.245367
0.95, 0.247996, 0.22, 0.78, 0.252526
0.95, 0.246502, 0.22, 0.78, 0.248182
0.95, 0.242814, 0.22, 0.78, 0.245576
0.95, 0.25582, 0.22, 0.78, 0.258405
0.95, 0.2474, 0.22, 0.78, 0.253194
0.95, 0.245827, 0.22, 0.78, 0.244554
0.95, 0.251286, 0.22, 0.78, 0.255024
0.95, 0.243767, 0.22, 0.78, 0.251875
0.95, 0.244184, 0.22, 0.78, 0.244393
0.95, 0.244866, 0.22, 0.78, 0.246845
0.95, 0.245876, 0.22, 0.78, 0.248243
0.95, 0.246529, 0.22, 0.78, 0.249232
0.95, 0.239732, 0.22, 0.78, 0.248142
0.95, 0.248908, 0.22, 0.78, 0.25172
0.95, 0.247754, 0.22, 0.78, 0.247436
0.95, 0.245425, 0.22, 0.78, 0.247367
0.95, 0.242936, 0.22, 0.78, 0.242355
0.95, 0.244253, 0.22, 0.78, 0.244932
0.95, 0.254085, 0.22, 0.78, 0.254862
0.95, 0.253364, 0.22, 0.78, 0.254153
0.95, 0.243119, 0.22, 0.78, 0.24727
0.95, 0.252374, 0.22, 0.78, 0.252877
0.95, 0.248565, 0.22, 0.78, 0.252038
0.95, 0.254004, 0.23, 0.77, 0.257484
0.95, 0.256598, 0.23, 0.77, 0.259407
0.95, 0.26002, 0.23, 0.77, 0.260937
0.95, 0.264947, 0.23, 0.77, 0.263409
0.95, 0.262361, 0.23, 0.77, 0.264982
0.95, 0.257687, 0.23, 0.77, 0.256495
0.95, 0.256691, 0.23, 0.77, 0.259392
0.95, 0.263268, 0.23, 0.77, 0.265645
0.95, 0.266761, 0.23, 0.77, 0.267825
0.95, 0.261694, 0.23, 0.77, 0.263876
0.95, 0.263547, 0.23, 0.77, 0.263263
0.95, 0.260865, 0.23, 0.77, 0.261491
0.95, 0.263482, 0.23, 0.77, 0.268059
0.95, 0.263871, 0.23, 0.77, 0.262312
0.95, 0.261249, 0.23, 0.77, 0.26319
0.95, 0.262249, 0.23, 0.77, 0.26541
0.95, 0.25821, 0.23, 0.77, 0.261089
0.95, 0.26449, 0.23, 0.77, 0.270738
0.95, 0.264421, 0.23, 0.77, 0.270521
0.95, 0.265314, 0.23, 0.77, 0.269471
0.95, 0.266169, 0.23, 0.77, 0.261966
0.95, 0.260888, 0.23, 0.77, 0.262666
0.95, 0.266297, 0.23, 0.77, 0.272809
0.95, 0.260066, 0.23, 0.77, 0.264835
0.95, 0.253216, 0.23, 0.77, 0.260221
0.95, 0.282206, 0.24, 0.76, 0.281653
0.95, 0.276369, 0.24, 0.76, 0.280314
0.95, 0.262621, 0.24, 0.76, 0.271162
0.95, 0.274289, 0.24, 0.76, 0.279377
0.95, 0.273636, 0.24, 0.76, 0.276918
0.95, 0.273835, 0.24, 0.76, 0.273639
0.95, 0.273551, 0.24, 0.76, 0.273851
0.95, 0.27513, 0.24, 0.76, 0.27867
0.95, 0.267251, 0.24, 0.76, 0.277875
0.95, 0.278425, 0.24, 0.76, 0.279275
0.95, 0.270036, 0.24, 0.76, 0.276828
0.95, 0.262866, 0.24, 0.76, 0.269965
0.95, 0.272374, 0.24, 0.76, 0.2788
0.95, 0.278445, 0.24, 0.76, 0.276895
0.95, 0.27932, 0.24, 0.76, 0.279091
0.95, 0.272902, 0.24, 0.76, 0.278183
0.95, 0.268854, 0.24, 0.76, 0.274543
0.95, 0.275203, 0.24, 0.76, 0.278086
0.95, 0.275451, 0.24, 0.76, 0.275558
0.95, 0.27474, 0.24, 0.76, 0.278378
0.95, 0.276805, 0.24, 0.76, 0.280387
0.95, 0.277974, 0.24, 0.76, 0.282764
0.95, 0.276826, 0.24, 0.76, 0.278834
0.95, 0.274422, 0.24, 0.76, 0.28072
0.95, 0.266479, 0.24, 0.76, 0.274837
0.95, 0.295791, 0.25, 0.75, 0.296573
0.95, 0.289718, 0.25, 0.75, 0.296378
0.95, 0.289183, 0.25, 0.75, 0.295986
0.95, 0.286326, 0.25, 0.75, 0.285256
0.95, 0.287408, 0.25, 0.75, 0.292192
0.95, 0.282856, 0.25, 0.75, 0.292733
0.95, 0.288689, 0.25, 0.75, 0.293887
0.95, 0.290906, 0.25, 0.75, 0.289052
0.95, 0.291214, 0.25, 0.75, 0.293877
0.95, 0.286451, 0.25, 0.75, 0.29678
0.95, 0.288002, 0.25, 0.75, 0.290295
0.95, 0.296357, 0.25, 0.75, 0.294822
0.95, 0.285659, 0.25, 0.75, 0.293393
0.95, 0.293551, 0.25, 0.75, 0.29397
0.95, 0.280649, 0.25, 0.75, 0.288712
0.95, 0.288889, 0.25, 0.75, 0.296077
0.95, 0.280707, 0.25, 0.75, 0.28648
0.95, 0.294703, 0.25, 0.75, 0.293963
0.95, 0.298968, 0.25, 0.75, 0.298773
0.95, 0.299091, 0.25, 0.75, 0.300893
0.95, 0.287512, 0.25, 0.75, 0.28743
0.95, 0.282253, 0.25, 0.75, 0.286697
0.95, 0.29102, 0.25, 0.75, 0.295207
0.95, 0.288154, 0.25, 0.75, 0.298065
0.95, 0.279929, 0.25, 0.75, 0.28704
0.95, 0.303697, 0.26, 0.74, 0.310194
0.95, 0.305721, 0.26, 0.74, 0.310137
0.95, 0.312819, 0.26, 0.74, 0.309735
0.95, 0.291616, 0.26, 0.74, 0.300463
0.95, 0.303608, 0.26, 0.74, 0.307375
0.95, 0.308986, 0.26, 0.74, 0.30997
0.95, 0.302537, 0.26, 0.74, 0.305918
0.95, 0.308654, 0.26, 0.74, 0.30421
0.95, 0.307921, 0.26, 0.74, 0.310002
0.95, 0.297304, 0.26, 0.74, 0.301653
0.95, 0.307949, 0.26, 0.74, 0.310644
0.95, 0.306049, 0.26, 0.74, 0.31125
0.95, 0.300909, 0.26, 0.74, 0.304061
0.95, 0.293964, 0.26, 0.74, 0.302663
0.95, 0.296853, 0.26, 0.74, 0.302519
0.95, 0.297358, 0.26, 0.74, 0.301545
0.95, 0.298233, 0.26, 0.74, 0.306001
0.95, 0.31165, 0.26, 0.74, 0.317923
0.95, 0.305336, 0.26, 0.74, 0.305642
0.95, 0.299235, 0.26, 0.74, 0.30628
0.95, 0.31361, 0.26, 0.74, 0.310244
0.95, 0.307586, 0.26, 0.74, 0.305976
0.95, 0.300128, 0.26, 0.74, 0.304375
0.95, 0.306168, 0.26, 0.74, 0.308251
0.95, 0.308635, 0.26, 0.74, 0.308536
0.95, 0.316008, 0.27, 0.73, 0.321003
0.95, 0.3148, 0.27, 0.73, 0.319479
0.95, 0.316447, 0.27, 0.73, 0.315126
0.95, 0.318019, 0.27, 0.73, 0.319468
0.95, 0.320343, 0.27, 0.73, 0.32454
0.95, 0.318447, 0.27, 0.73, 0.317439
0.95, 0.313305, 0.27, 0.73, 0.318822
0.95, 0.312284, 0.27, 0.73, 0.323776
0.95, 0.316006, 0.27, 0.73, 0.316844
0.95, 0.317034, 0.27, 0.73, 0.317608
0.95, 0.31664, 0.27, 0.73, 0.31689
0.95, 0.316109, 0.27, 0.73, 0.319978
0.95, 0.320128, 0.27, 0.73, 0.323878
0.95, 0.317932, 0.27, 0.73, 0.317203
0.95, 0.318679, 0.27, 0.73, 0.323811
0.95, 0.316843, 0.27, 0.73, 0.323835
0.95, 0.313465, 0.27, 0.73, 0.316909
0.95, 0.320819, 0.27, 0.73, 0.317975
0.95, 0.318378, 0.27, 0.73, 0.322277
0.95, 0.316713, 0.27, 0.73, 0.320955
0.95, 0.304613, 0.27, 0.73, 0.312458
0.95, 0.316317, 0.27, 0.73, 0.322016
0.95, 0.319328, 0.27, 0.73, 0.32617
0.95, 0.311008, 0.27, 0.73, 0.317241
0.95, 0.305037, 0.27, 0.73, 0.313128
0.95, 0.345398, 0.28, 0.72, 0.348031
0.95, 0.330868, 0.28, 0.72, 0.33259
0.95, 0.337578, 0.28, 0.72, 0.337188
0.95, 0.338932, 0.28, 0.72, 0.342065
0.95, 0.339401, 0.28, 0.72, 0.341976
0.95, 0.331384, 0.28, 0.72, 0.336587
0.95, 0.345177, 0.28, 0.72, 0.345661
0.95, 0.327646, 0.28, 0.72, 0.335814
0.95, 0.327646, 0.28, 0.72, 0.334234
0.95, 0.333297, 0.28, 0.72, 0.337053
0.95, 0.323939, 0.28, 0.72, 0.329966
0.95, 0.328964, 0.28, 0.72, 0.334973
0.95, 0.336056, 0.28, 0.72, 0.341192
0.95, 0.331023, 0.28, 0.72, 0.341499
0.95, 0.337306, 0.28, 0.72, 0.339336
0.95, 0.327236, 0.28, 0.72, 0.330183
0.95, 0.320314, 0.28, 0.72, 0.328332
0.95, 0.339994, 0.28, 0.72, 0.339455
0.95, 0.329054, 0.28, 0.72, 0.335205
0.95, 0.349635, 0.28, 0.72, 0.351544
0.95, 0.32688, 0.28, 0.72, 0.332335
0.95, 0.313046, 0.28, 0.72, 0.324406
0.95, 0.330432, 0.28, 0.72, 0.3366
0.95, 0.329465, 0.28, 0.72, 0.334641
0.95, 0.332076, 0.28, 0.72, 0.336127
0.95, 0.352874, 0.29, 0.71, 0.355612
0.95, 0.347394, 0.29, 0.71, 0.349926
0.95, 0.348847, 0.29, 0.71, 0.354191
0.95, 0.347601, 0.29, 0.71, 0.352547
0.95, 0.353781, 0.29, 0.71, 0.352974
0.95, 0.338487, 0.29, 0.71, 0.347314
0.95, 0.335102, 0.29, 0.71, 0.339028
0.95, 0.356961, 0.29, 0.71, 0.356453
0.95, 0.347265, 0.29, 0.71, 0.349789
0.95, 0.345061, 0.29, 0.71, 0.350148
0.95, 0.351729, 0.29, 0.71, 0.356841
0.95, 0.34797, 0.29, 0.71, 0.35429
0.95, 0.337553, 0.29, 0.71, 0.345426
0.95, 0.348188, 0.29, 0.71, 0.349645
0.95, 0.357523, 0.29, 0.71, 0.356901
0.95, 0.35767, 0.29, 0.71, 0.356189
0.95, 0.343869, 0.29, 0.71, 0.348826
0.95, 0.347504, 0.29, 0.71, 0.354418
0.95, 0.338979, 0.29, 0.71, 0.344085
0.95, 0.352673, 0.29, 0.71, 0.352221
0.95, 0.337931, 0.29, 0.71, 0.348897
0.95, 0.344592, 0.29, 0.71, 0.347172
0.95, 0.348541, 0.29, 0.71, 0.349258
0.95, 0.347625, 0.29, 0.71, 0.354469
0.95, 0.346537, 0.29, 0.71, 0.352475
0.95, 0.378274, 0.3, 0.7, 0.379959
0.95, 0.378237, 0.3, 0.7, 0.378646
0.95, 0.364384, 0.3, 0.7, 0.368084
0.95, 0.351395, 0.3, 0.7, 0.360182
0.95, 0.369993, 0.3, 0.7, 0.371065
0.95, 0.36486, 0.3, 0.7, 0.366944
0.95, 0.357783, 0.3, 0.7, 0.368731
0.95, 0.368176, 0.3, 0.7, 0.370139
0.95, 0.365851, 0.3, 0.7, 0.370233
0.95, 0.372865, 0.3, 0.7, 0.378059
0.95, 0.372408, 0.3, 0.7, 0.369432
0.95, 0.364789, 0.3, 0.7, 0.365544
0.95, 0.364958, 0.3, 0.7, 0.366958
0.95, 0.366052, 0.3, 0.7, 0.374185
0.95, 0.360546, 0.3, 0.7, 0.365798
0.95, 0.363955, 0.3, 0.7, 0.367584
0.95, 0.360479, 0.3, 0.7, 0.358102
0.95, 0.364092, 0.3, 0.7, 0.37185
0.95, 0.368665, 0.3, 0.7, 0.376757
0.95, 0.351965, 0.3, 0.7, 0.357503
0.95, 0.362557, 0.3, 0.7, 0.364093
0.95, 0.366627, 0.3, 0.7, 0.369827
0.95, 0.369838, 0.3, 0.7, 0.377408
0.95, 0.369528, 0.3, 0.7, 0.378447
0.95, 0.353009, 0.3, 0.7, 0.360241
