# B5 Gamma Dynamic Simulation Results
# Strategy schedule: schedules/schedule_b5_gamma_clever_petty.txt
# Gamma schedule: schedules/gamma_schedule_volatile.txt
# Hash rate range: 0.15 - 0.3 (15% - 30%) in 0.01 increments
InitialGamma, Miner0_ProfitFraction, Miner0_HashRate, Miner1_HashRate, Miner0_BlockFraction
0.95, 0.159945, 0.15, 0.85, 0.160229
0.95, 0.152191, 0.15, 0.85, 0.15736
0.95, 0.153153, 0.15, 0.85, 0.161207
0.95, 0.159126, 0.15, 0.85, 0.159235
0.95, 0.158573, 0.15, 0.85, 0.158811
0.95, 0.162495, 0.15, 0.85, 0.161596
0.95, 0.157152, 0.15, 0.85, 0.158974
0.95, 0.156036, 0.15, 0.85, 0.157433
0.95, 0.158823, 0.15, 0.85, 0.159964
0.95, 0.163913, 0.15, 0.85, 0.160506
0.95, 0.150534, 0.15, 0.85, 0.155805
0.95, 0.160603, 0.15, 0.85, 0.158142
0.95, 0.167501, 0.15, 0.85, 0.162591
0.95, 0.15668, 0.15, 0.85, 0.154714
0.95, 0.157143, 0.15, 0.85, 0.158281
0.95, 0.16034, 0.15, 0.85, 0.159434
0.95, 0.161582, 0.15, 0.85, 0.16204
0.95, 0.157594, 0.15, 0.85, 0.161031
0.95, 0.154521, 0.15, 0.85, 0.158951
0.95, 0.162471, 0.15, 0.85, 0.164134
0.95, 0.153252, 0.15, 0.85, 0.154617
0.95, 0.151444, 0.15, 0.85, 0.15726
0.95, 0.158507, 0.15, 0.85, 0.158114
0.95, 0.149441, 0.15, 0.85, 0.15395
0.95, 0.153799, 0.15, 0.85, 0.155411
0.95, 0.168195, 0.16, 0.84, 0.169794
0.95, 0.171007, 0.16, 0.84, 0.172065
0.95, 0.166184, 0.16, 0.84, 0.169821
0.95, 0.172379, 0.16, 0.84, 0.170105
0.95, 0.174031, 0.16, 0.84, 0.175014
0.95, 0.17133, 0.16, 0.84, 0.177386
0.95, 0.176229, 0.16, 0.84, 0.17748
0.95, 0.166718, 0.16, 0.84, 0.170685
0.95, 0.171764, 0.16, 0.84, 0.176096
0.95, 0.171825, 0.16, 0.84, 0.172236
0.95, 0.160112, 0.16, 0.84, 0.165374
0.95, 0.166385, 0.16, 0.84, 0.166837
0.95, 0.167262, 0.16, 0.84, 0.167547
0.95, 0.164805, 0.16, 0.84, 0.164428
0.95, 0.171193, 0.16, 0.84, 0.169867
0.95, 0.162529, 0.16, 0.84, 0.166244
0.95, 0.166918, 0.16, 0.84, 0.168232
0.95, 0.170873, 0.16, 0.84, 0.171471
0.95, 0.17042, 0.16, 0.84, 0.16946
0.95, 0.171653, 0.16, 0.84, 0.170798
0.95, 0.168712, 0.16, 0.84, 0.1709
0.95, 0.172293, 0.16, 0.84, 0.171476
0.95, 0.171339, 0.16, 0.84, 0.169563
0.95, 0.171565, 0.16, 0.84, 0.175575
0.95, 0.165139, 0.16, 0.84, 0.169557
0.95, 0.183164, 0.17, 0.83, 0.185196
0.95, 0.175774, 0.17, 0.83, 0.179353
0.95, 0.189593, 0.17, 0.83, 0.189158
0.95, 0.179471, 0.17, 0.83, 0.184471
0.95, 0.188873, 0.17, 0.83, 0.187572
0.95, 0.183675, 0.17, 0.83, 0.184815
0.95, 0.181145, 0.17, 0.83, 0.180079
0.95, 0.184792, 0.17, 0.83, 0.190019
0.95, 0.183496, 0.17, 0.83, 0.184189
0.95, 0.176666, 0.17, 0.83, 0.180996
0.95, 0.180347, 0.17, 0.83, 0.184881
0.95, 0.183632, 0.17, 0.83, 0.184097
0.95, 0.177069, 0.17, 0.83, 0.180175
0.95, 0.187538, 0.17, 0.83, 0.189857
0.95, 0.179876, 0.17, 0.83, 0.180555
0.95, 0.175884, 0.17, 0.83, 0.178932
0.95, 0.184222, 0.17, 0.83, 0.1892
0.95, 0.181626, 0.17, 0.83, 0.183419
0.95, 0.17773, 0.17, 0.83, 0.182889
0.95, 0.180205, 0.17, 0.83, 0.181855
0.95, 0.188298, 0.17, 0.83, 0.186721
0.95, 0.186161, 0.17, 0.83, 0.185662
0.95, 0.185223, 0.17, 0.83, 0.183849
0.95, 0.184629, 0.17, 0.83, 0.182421
0.95, 0.179028, 0.17, 0.83, 0.181243
0.95, 0.200664, 0.18, 0.82, 0.198808
0.95, 0.199243, 0.18, 0.82, 0.195759
0.95, 0.208077, 0.18, 0.82, 0.203177
0.95, 0.193017, 0.18, 0.82, 0.192963
0.95, 0.195244, 0.18, 0.82, 0.197637
0.95, 0.19516, 0.18, 0.82, 0.199365
0.95, 0.193633, 0.18, 0.82, 0.199216
0.95, 0.202075, 0.18, 0.82, 0.196184
0.95, 0.191139, 0.18, 0.82, 0.197399
0.95, 0.194462, 0.18, 0.82, 0.199802
0.95, 0.188247, 0.18, 0.82, 0.194163
0.95, 0.188175, 0.18, 0.82, 0.190471
0.95, 0.191664, 0.18, 0.82, 0.194731
0.95, 0.194054, 0.18, 0.82, 0.198325
0.95, 0.195937, 0.18, 0.82, 0.195714
0.95, 0.197161, 0.18, 0.82, 0.200151
0.95, 0.196795, 0.18, 0.82, 0.194283
0.95, 0.198691, 0.18, 0.82, 0.197125
0.95, 0.193229, 0.18, 0.82, 0.195553
0.95, 0.201983, 0.18, 0.82, 0.200723
0.95, 0.195048, 0.18, 0.82, 0.19681
0.95, 0.198038, 0.18, 0.82, 0.198344
0.95, 0.191624, 0.18, 0.82, 0.196748
0.95, 0.204461, 0.18, 0.82, 0.201018
0.95, 0.189082, 0.18, 0.82, 0.193128
0.95, 0.196891, 0.19, 0.81, 0.20218
0.95, 0.205061, 0.19, 0.81, 0.2049
0.95, 0.214349, 0.19, 0.81, 0.214791
0.95, 0.206187, 0.19, 0.81, 0.209569
0.95, 0.205784, 0.19, 0.81, 0.207335
0.95, 0.210452, 0.19, 0.81, 0.212078
0.95, 0.213542, 0.19, 0.81, 0.209316
0.95, 0.208115, 0.19, 0.81, 0.208963
0.95, 0.206204, 0.19, 0.81, 0.207599
0.95, 0.21153, 0.19, 0.81, 0.213551
0.95, 0.206894, 0.19, 0.81, 0.208292
0.95, 0.210906, 0.19, 0.81, 0.211351
0.95, 0.211928, 0.19, 0.81, 0.21462
0.95, 0.211478, 0.19, 0.81, 0.209947
0.95, 0.199785, 0.19, 0.81, 0.206562
0.95, 0.217133, 0.19, 0.81, 0.218879
0.95, 0.210818, 0.19, 0.81, 0.211069
0.95, 0.20544, 0.19, 0.81, 0.209341
0.95, 0.211646, 0.19, 0.81, 0.214731
0.95, 0.205038, 0.19, 0.81, 0.207248
0.95, 0.206886, 0.19, 0.81, 0.210197
0.95, 0.213521, 0.19, 0.81, 0.208233
0.95, 0.206652, 0.19, 0.81, 0.209328
0.95, 0.204457, 0.19, 0.81, 0.206146
0.95, 0.201906, 0.19, 0.81, 0.203929
0.95, 0.22358, 0.2, 0.8, 0.224575
0.95, 0.221467, 0.2, 0.8, 0.221276
0.95, 0.22688, 0.2, 0.8, 0.222799
0.95, 0.219136, 0.2, 0.8, 0.223333
0.95, 0.220836, 0.2, 0.8, 0.220195
0.95, 0.230485, 0.2, 0.8, 0.22909
0.95, 0.229282, 0.2, 0.8, 0.225237
0.95, 0.223252, 0.2, 0.8, 0.222675
0.95, 0.223621, 0.2, 0.8, 0.228926
0.95, 0.220853, 0.2, 0.8, 0.218873
0.95, 0.22558, 0.2, 0.8, 0.228335
0.95, 0.216195, 0.2, 0.8, 0.219535
0.95, 0.227876, 0.2, 0.8, 0.224953
0.95, 0.230398, 0.2, 0.8, 0.225513
0.95, 0.219627, 0.2, 0.8, 0.217936
0.95, 0.224655, 0.2, 0.8, 0.225371
0.95, 0.222252, 0.2, 0.8, 0.220361
0.95, 0.220637, 0.2, 0.8, 0.223418
0.95, 0.220925, 0.2, 0.8, 0.222189
0.95, 0.215666, 0.2, 0.8, 0.220483
0.95, 0.217255, 0.2, 0.8, 0.215271
0.95, 0.219736, 0.2, 0.8, 0.223582
0.95, 0.222716, 0.2, 0.8, 0.227032
0.95, 0.224354, 0.2, 0.8, 0.226126
0.95, 0.221689, 0.2, 0.8, 0.224236
0.95, 0.247647, 0.21, 0.79, 0.239903
0.95, 0.232546, 0.21, 0.79, 0.234338
0.95, 0.230987, 0.21, 0.79, 0.232561
0.95, 0.236378, 0.21, 0.79, 0.235721
0.95, 0.232471, 0.21, 0.79, 0.238056
0.95, 0.23442, 0.21, 0.79, 0.239215
0.95, 0.234155, 0.21, 0.79, 0.234381
0.95, 0.236213, 0.21, 0.79, 0.233833
0.95, 0.226927, 0.21, 0.79, 0.227597
0.95, 0.232926, 0.21, 0.79, 0.23974
0.95, 0.228371, 0.21, 0.79, 0.233568
0.95, 0.236215, 0.21, 0.79, 0.237185
0.95, 0.241119, 0.21, 0.79, 0.242556
0.95, 0.231947, 0.21, 0.79, 0.235886
0.95, 0.22535, 0.21, 0.79, 0.230611
0.95, 0.22951, 0.21, 0.79, 0.236565
0.95, 0.228197, 0.21, 0.79, 0.232882
0.95, 0.240615, 0.21, 0.79, 0.240101
0.95, 0.241122, 0.21, 0.79, 0.240019
0.95, 0.236201, 0.21, 0.79, 0.233537
0.95, 0.221892, 0.21, 0.79, 0.227913
0.95, 0.227459, 0.21, 0.79, 0.230124
0.95, 0.233445, 0.21, 0.79, 0.235704
0.95, 0.23966, 0.21, 0.79, 0.241593
0.95, 0.230151, 0.21, 0.79, 0.231915
0.95, 0.248458, 0.22, 0.78, 0.249971
0.95, 0.253639, 0.22, 0.78, 0.254186
0.95, 0.244363, 0.22, 0.78, 0.252934
0.95, 0.248247, 0.22, 0.78, 0.24745
0.95, 0.247798, 0.22, 0.78, 0.252063
0.95, 0.244814, 0.22, 0.78, 0.244942
0.95, 0.250745, 0.22, 0.78, 0.248385
0.95, 0.248029, 0.22, 0.78, 0.254516
0.95, 0.249347, 0.22, 0.78, 0.248098
0.95, 0.245427, 0.22, 0.78, 0.24949
0.95, 0.249706, 0.22, 0.78, 0.253387
0.95, 0.249074, 0.22, 0.78, 0.251159
0.95, 0.245223, 0.22, 0.78, 0.246488
0.95, 0.243112, 0.22, 0.78, 0.247457
0.95, 0.242582, 0.22, 0.78, 0.245479
0.95, 0.256336, 0.22, 0.78, 0.261187
0.95, 0.241379, 0.22, 0.78, 0.244788
0.95, 0.254243, 0.22, 0.78, 0.252841
0.95, 0.25668, 0.22, 0.78, 0.254646
0.95, 0.234931, 0.22, 0.78, 0.24678
0.95, 0.246809, 0.22, 0.78, 0.255275
0.95, 0.246257, 0.22, 0.78, 0.251028
0.95, 0.231016, 0.22, 0.78, 0.240311
0.95, 0.250904, 0.22, 0.78, 0.249278
0.95, 0.251133, 0.22, 0.78, 0.252229
0.95, 0.258278, 0.23, 0.77, 0.267282
0.95, 0.257514, 0.23, 0.77, 0.25946
0.95, 0.251441, 0.23, 0.77, 0.259146
0.95, 0.256917, 0.23, 0.77, 0.258284
0.95, 0.268375, 0.23, 0.77, 0.26541
0.95, 0.264754, 0.23, 0.77, 0.269122
0.95, 0.25728, 0.23, 0.77, 0.257784
0.95, 0.256236, 0.23, 0.77, 0.261929
0.95, 0.259216, 0.23, 0.77, 0.26278
0.95, 0.266977, 0.23, 0.77, 0.270455
0.95, 0.26237, 0.23, 0.77, 0.268171
0.95, 0.261283, 0.23, 0.77, 0.265696
0.95, 0.267358, 0.23, 0.77, 0.270074
0.95, 0.259548, 0.23, 0.77, 0.262957
0.95, 0.264671, 0.23, 0.77, 0.262134
0.95, 0.2628, 0.23, 0.77, 0.263101
0.95, 0.254859, 0.23, 0.77, 0.261252
0.95, 0.269466, 0.23, 0.77, 0.268918
0.95, 0.256683, 0.23, 0.77, 0.262811
0.95, 0.262205, 0.23, 0.77, 0.262745
0.95, 0.25445, 0.23, 0.77, 0.260885
0.95, 0.262518, 0.23, 0.77, 0.265896
0.95, 0.26317, 0.23, 0.77, 0.266895
0.95, 0.25463, 0.23, 0.77, 0.25887
0.95, 0.263874, 0.23, 0.77, 0.264205
0.95, 0.280319, 0.24, 0.76, 0.281477
0.95, 0.267632, 0.24, 0.76, 0.275639
0.95, 0.271856, 0.24, 0.76, 0.274814
0.95, 0.275569, 0.24, 0.76, 0.269462
0.95, 0.268908, 0.24, 0.76, 0.274971
0.95, 0.276881, 0.24, 0.76, 0.275083
0.95, 0.283329, 0.24, 0.76, 0.28227
0.95, 0.266983, 0.24, 0.76, 0.275108
0.95, 0.278293, 0.24, 0.76, 0.285216
0.95, 0.283807, 0.24, 0.76, 0.278422
0.95, 0.274805, 0.24, 0.76, 0.281982
0.95, 0.276294, 0.24, 0.76, 0.281331
0.95, 0.26859, 0.24, 0.76, 0.274114
0.95, 0.278824, 0.24, 0.76, 0.280713
0.95, 0.270619, 0.24, 0.76, 0.275422
0.95, 0.278189, 0.24, 0.76, 0.282528
0.95, 0.269628, 0.24, 0.76, 0.273144
0.95, 0.281343, 0.24, 0.76, 0.280865
0.95, 0.274126, 0.24, 0.76, 0.277275
0.95, 0.276366, 0.24, 0.76, 0.28204
0.95, 0.272754, 0.24, 0.76, 0.27591
0.95, 0.269561, 0.24, 0.76, 0.277166
0.95, 0.276667, 0.24, 0.76, 0.281769
0.95, 0.282719, 0.24, 0.76, 0.28419
0.95, 0.275218, 0.24, 0.76, 0.279506
0.95, 0.283188, 0.25, 0.75, 0.28846
0.95, 0.289041, 0.25, 0.75, 0.29179
0.95, 0.286815, 0.25, 0.75, 0.285723
0.95, 0.290989, 0.25, 0.75, 0.290269
0.95, 0.285981, 0.25, 0.75, 0.289537
0.95, 0.300406, 0.25, 0.75, 0.29837
0.95, 0.28002, 0.25, 0.75, 0.288443
0.95, 0.29499, 0.25, 0.75, 0.292496
0.95, 0.286698, 0.25, 0.75, 0.289434
0.95, 0.293796, 0.25, 0.75, 0.296364
0.95, 0.29168, 0.25, 0.75, 0.294386
0.95, 0.291145, 0.25, 0.75, 0.298972
0.95, 0.292472, 0.25, 0.75, 0.291756
0.95, 0.280723, 0.25, 0.75, 0.285516
0.95, 0.284774, 0.25, 0.75, 0.289991
0.95, 0.284733, 0.25, 0.75, 0.288839
0.95, 0.279986, 0.25, 0.75, 0.283217
0.95, 0.292256, 0.25, 0.75, 0.29328
0.95, 0.290081, 0.25, 0.75, 0.293217
0.95, 0.287265, 0.25, 0.75, 0.28531
0.95, 0.294664, 0.25, 0.75, 0.297151
0.95, 0.279516, 0.25, 0.75, 0.282103
0.95, 0.285776, 0.25, 0.75, 0.284662
0.95, 0.285627, 0.25, 0.75, 0.28825
0.95, 0.284317, 0.25, 0.75, 0.28775
0.95, 0.294385, 0.26, 0.74, 0.304282
0.95, 0.299363, 0.26, 0.74, 0.310052
0.95, 0.307306, 0.26, 0.74, 0.312851
0.95, 0.309911, 0.26, 0.74, 0.311932
0.95, 0.311934, 0.26, 0.74, 0.312343
0.95, 0.290852, 0.26, 0.74, 0.296658
0.95, 0.304028, 0.26, 0.74, 0.309486
0.95, 0.297252, 0.26, 0.74, 0.304483
0.95, 0.310637, 0.26, 0.74, 0.311715
0.95, 0.291713, 0.26, 0.74, 0.304284
0.95, 0.306411, 0.26, 0.74, 0.313482
0.95, 0.30161, 0.26, 0.74, 0.304563
0.95, 0.298589, 0.26, 0.74, 0.303373
0.95, 0.299794, 0.26, 0.74, 0.304215
0.95, 0.288594, 0.26, 0.74, 0.292996
0.95, 0.293878, 0.26, 0.74, 0.296028
0.95, 0.301475, 0.26, 0.74, 0.303088
0.95, 0.299959, 0.26, 0.74, 0.304785
0.95, 0.311521, 0.26, 0.74, 0.309664
0.95, 0.29914, 0.26, 0.74, 0.306398
0.95, 0.312633, 0.26, 0.74, 0.315319
0.95, 0.298988, 0.26, 0.74, 0.302562
0.95, 0.302804, 0.26, 0.74, 0.302379
0.95, 0.296943, 0.26, 0.74, 0.304929
0.95, 0.301954, 0.26, 0.74, 0.309471
0.95, 0.322024, 0.27, 0.73, 0.321897
0.95, 0.323656, 0.27, 0.73, 0.328233
0.95, 0.325376, 0.27, 0.73, 0.327266
0.95, 0.322229, 0.27, 0.73, 0.322874
0.95, 0.315481, 0.27, 0.73, 0.314925
0.95, 0.327347, 0.27, 0.73, 0.329233
0.95, 0.319548, 0.27, 0.73, 0.32523
0.95, 0.310534, 0.27, 0.73, 0.309567
0.95, 0.311501, 0.27, 0.73, 0.315138
0.95, 0.315126, 0.27, 0.73, 0.316776
0.95, 0.323836, 0.27, 0.73, 0.326021
0.95, 0.315866, 0.27, 0.73, 0.32053
0.95, 0.311931, 0.27, 0.73, 0.316778
0.95, 0.316638, 0.27, 0.73, 0.319827
0.95, 0.323654, 0.27, 0.73, 0.326095
0.95, 0.317767, 0.27, 0.73, 0.321514
0.95, 0.319536, 0.27, 0.73, 0.324331
0.95, 0.314057, 0.27, 0.73, 0.320829
0.95, 0.320016, 0.27, 0.73, 0.317677
0.95, 0.322523, 0.27, 0.73, 0.327246
0.95, 0.319537, 0.27, 0.73, 0.319753
0.95, 0.320118, 0.27, 0.73, 0.324715
0.95, 0.325775, 0.27, 0.73, 0.328877
0.95, 0.317915, 0.27, 0.73, 0.323102
0.95, 0.328236, 0.27, 0.73, 0.326164
0.95, 0.339494, 0.28, 0.72, 0.338121
0.95, 0.316622, 0.28, 0.72, 0.324554
0.95, 0.323428, 0.28, 0.72, 0.330785
0.95, 0.332171, 0.28, 0.72, 0.334859
0.95, 0.327417, 0.28, 0.72, 0.341687
0.95, 0.33588, 0.28, 0.72, 0.335853
0.95, 0.337149, 0.28, 0.72, 0.338126
0.95, 0.338748, 0.28, 0.72, 0.343949
0.95, 0.31651, 0.28, 0.72, 0.3221
0.95, 0.322784, 0.28, 0.72, 0.331611
0.95, 0.332475, 0.28, 0.72, 0.335398
0.95, 0.322872, 0.28, 0.72, 0.335616
0.95, 0.323928, 0.28, 0.72, 0.333581
0.95, 0.328444, 0.28, 0.72, 0.337437
0.95, 0.336692, 0.28, 0.72, 0.339216
0.95, 0.341498, 0.28, 0.72, 0.343053
0.95, 0.328154, 0.28, 0.72, 0.331081
0.95, 0.329154, 0.28, 0.72, 0.331677
0.95, 0.327177, 0.28, 0.72, 0.33674
0.95, 0.319362, 0.28, 0.72, 0.325802
0.95, 0.325332, 0.28, 0.72, 0.335646
0.95, 0.338716, 0.28, 0.72, 0.346139
0.95, 0.325085, 0.28, 0.72, 0.331475
0.95, 0.348399, 0.28, 0.72, 0.348692
0.95, 0.321078, 0.28, 0.72, 0.332176
0.95, 0.345049, 0.29, 0.71, 0.345893
0.95, 0.351692, 0.29, 0.71, 0.356888
0.95, 0.338579, 0.29, 0.71, 0.346293
0.95, 0.345296, 0.29, 0.71, 0.352244
0.95, 0.339689, 0.29, 0.71, 0.344773
0.95, 0.340686, 0.29, 0.71, 0.344662
0.95, 0.352095, 0.29, 0.71, 0.355465
0.95, 0.346817, 0.29, 0.71, 0.353071
0.95, 0.349358, 0.29, 0.71, 0.350886
0.95, 0.352832, 0.29, 0.71, 0.360329
0.95, 0.35085, 0.29, 0.71, 0.350543
0.95, 0.356117, 0.29, 0.71, 0.360968
0.95, 0.350425, 0.29, 0.71, 0.35755
0.95, 0.344329, 0.29, 0.71, 0.34953
0.95, 0.350829, 0.29, 0.71, 0.352746
0.95, 0.347866, 0.29, 0.71, 0.346771
0.95, 0.354143, 0.29, 0.71, 0.359102
0.95, 0.354596, 0.29, 0.71, 0.359927
0.95, 0.349999, 0.29, 0.71, 0.35078
0.95, 0.341939, 0.29, 0.71, 0.344867
0.95, 0.340473, 0.29, 0.71, 0.343333
0.95, 0.345457, 0.29, 0.71, 0.347089
0.95, 0.352075, 0.29, 0.71, 0.355203
0.95, 0.349827, 0.29, 0.71, 0.352273
0.95, 0.348592, 0.29, 0.71, 0.351656
0.95, 0.372003, 0.3, 0.7, 0.374472
0.95, 0.371535, 0.3, 0.7, 0.373246
0.95, 0.374185, 0.3, 0.7, 0.3771
0.95, 0.355832, 0.3, 0.7, 0.363944
0.95, 0.371194, 0.3, 0.7, 0.370405
0.95, 0.360672, 0.3, 0.7, 0.368992
0.95, 0.360528, 0.3, 0.7, 0.363683
0.95, 0.365211, 0.3, 0.7, 0.366913
0.95, 0.366982, 0.3, 0.7, 0.367607
0.95, 0.363357, 0.3, 0.7, 0.375642
0.95, 0.363462, 0.3, 0.7, 0.372132
0.95, 0.356619, 0.3, 0.7, 0.364086
0.95, 0.362134, 0.3, 0.7, 0.367697
0.95, 0.378536, 0.3, 0.7, 0.372658
0.95, 0.369254, 0.3, 0.7, 0.369428
0.95, 0.372355, 0.3, 0.7, 0.373875
0.95, 0.367661, 0.3, 0.7, 0.367368
0.95, 0.359674, 0.3, 0.7, 0.368215
0.95, 0.362063, 0.3, 0.7, 0.365986
0.95, 0.368967, 0.3, 0.7, 0.369891
0.95, 0.372082, 0.3, 0.7, 0.36795
0.95, 0.367405, 0.3, 0.7, 0.367747
0.95, 0.372553, 0.3, 0.7, 0.372584
0.95, 0.367591, 0.3, 0.7, 0.367875
0.95, 0.356139, 0.3, 0.7, 0.365346
