# B5 No-Abandon Dynamic Strategy Switching Simulation Results
# NO CHAIN ABANDONMENT - switches happen regardless of private chain state
# Schedule file: schedules/schedule_b5_honest_selfish_1000.txt
Gamma, Miner0_ProfitFraction, Miner0_HashRate, Miner1_HashRate, Miner0_BlockFraction
0.8, 0.15451, 0.15, 0.85, 0.152123
0.8, 0.152245, 0.15, 0.85, 0.155041
0.8, 0.142353, 0.15, 0.85, 0.146794
0.8, 0.153681, 0.15, 0.85, 0.154093
0.8, 0.15155, 0.15, 0.85, 0.151106
0.8, 0.144604, 0.15, 0.85, 0.147563
0.8, 0.15993, 0.15, 0.85, 0.156571
0.8, 0.145468, 0.15, 0.85, 0.148295
0.8, 0.150482, 0.15, 0.85, 0.148636
0.8, 0.145892, 0.15, 0.85, 0.146557
0.8, 0.150009, 0.15, 0.85, 0.15121
0.8, 0.15847, 0.15, 0.85, 0.154467
0.8, 0.153153, 0.15, 0.85, 0.15445
0.8, 0.15447, 0.15, 0.85, 0.153314
0.8, 0.151192, 0.15, 0.85, 0.150629
0.8, 0.158467, 0.15, 0.85, 0.153781
0.8, 0.153154, 0.15, 0.85, 0.14978
0.8, 0.146841, 0.15, 0.85, 0.148564
0.8, 0.1567, 0.15, 0.85, 0.154222
0.8, 0.150726, 0.15, 0.85, 0.148698
0.8, 0.156914, 0.15, 0.85, 0.153247
0.8, 0.146707, 0.15, 0.85, 0.145613
0.8, 0.146814, 0.15, 0.85, 0.149377
0.8, 0.155331, 0.15, 0.85, 0.152204
0.8, 0.152303, 0.15, 0.85, 0.155948
0.8, 0.153249, 0.16, 0.84, 0.156087
0.8, 0.161403, 0.16, 0.84, 0.161294
0.8, 0.165145, 0.16, 0.84, 0.165183
0.8, 0.160933, 0.16, 0.84, 0.162227
0.8, 0.16643, 0.16, 0.84, 0.164801
0.8, 0.156157, 0.16, 0.84, 0.160788
0.8, 0.160521, 0.16, 0.84, 0.158788
0.8, 0.163661, 0.16, 0.84, 0.162966
0.8, 0.163815, 0.16, 0.84, 0.166423
0.8, 0.164816, 0.16, 0.84, 0.166401
0.8, 0.158974, 0.16, 0.84, 0.162401
0.8, 0.151084, 0.16, 0.84, 0.157649
0.8, 0.162238, 0.16, 0.84, 0.162887
0.8, 0.161866, 0.16, 0.84, 0.158953
0.8, 0.165955, 0.16, 0.84, 0.163356
0.8, 0.161808, 0.16, 0.84, 0.16081
0.8, 0.161558, 0.16, 0.84, 0.163829
0.8, 0.159129, 0.16, 0.84, 0.16458
0.8, 0.158987, 0.16, 0.84, 0.16068
0.8, 0.166702, 0.16, 0.84, 0.166995
0.8, 0.163245, 0.16, 0.84, 0.16177
0.8, 0.163295, 0.16, 0.84, 0.158117
0.8, 0.154733, 0.16, 0.84, 0.158905
0.8, 0.16176, 0.16, 0.84, 0.156538
0.8, 0.160964, 0.16, 0.84, 0.160675
0.8, 0.177322, 0.17, 0.83, 0.176073
0.8, 0.175088, 0.17, 0.83, 0.172381
0.8, 0.179756, 0.17, 0.83, 0.182092
0.8, 0.168901, 0.17, 0.83, 0.170355
0.8, 0.165935, 0.17, 0.83, 0.171595
0.8, 0.176505, 0.17, 0.83, 0.179598
0.8, 0.175267, 0.17, 0.83, 0.176691
0.8, 0.172312, 0.17, 0.83, 0.172515
0.8, 0.166409, 0.17, 0.83, 0.168851
0.8, 0.176604, 0.17, 0.83, 0.173777
0.8, 0.171836, 0.17, 0.83, 0.173918
0.8, 0.170519, 0.17, 0.83, 0.169486
0.8, 0.179941, 0.17, 0.83, 0.17772
0.8, 0.164729, 0.17, 0.83, 0.169745
0.8, 0.172194, 0.17, 0.83, 0.173049
0.8, 0.180561, 0.17, 0.83, 0.177862
0.8, 0.173044, 0.17, 0.83, 0.170185
0.8, 0.171123, 0.17, 0.83, 0.174943
0.8, 0.175203, 0.17, 0.83, 0.173499
0.8, 0.171955, 0.17, 0.83, 0.170707
0.8, 0.169319, 0.17, 0.83, 0.173734
0.8, 0.173323, 0.17, 0.83, 0.176027
0.8, 0.171691, 0.17, 0.83, 0.172194
0.8, 0.172285, 0.17, 0.83, 0.174218
0.8, 0.166352, 0.17, 0.83, 0.168029
0.8, 0.182021, 0.18, 0.82, 0.183714
0.8, 0.184166, 0.18, 0.82, 0.183567
0.8, 0.182196, 0.18, 0.82, 0.178746
0.8, 0.182012, 0.18, 0.82, 0.177437
0.8, 0.189392, 0.18, 0.82, 0.18917
0.8, 0.188213, 0.18, 0.82, 0.186774
0.8, 0.175115, 0.18, 0.82, 0.178071
0.8, 0.182125, 0.18, 0.82, 0.185423
0.8, 0.182083, 0.18, 0.82, 0.182778
0.8, 0.175778, 0.18, 0.82, 0.179491
0.8, 0.183892, 0.18, 0.82, 0.182996
0.8, 0.18322, 0.18, 0.82, 0.181485
0.8, 0.177117, 0.18, 0.82, 0.179071
0.8, 0.183361, 0.18, 0.82, 0.183404
0.8, 0.190762, 0.18, 0.82, 0.182521
0.8, 0.182769, 0.18, 0.82, 0.184274
0.8, 0.185073, 0.18, 0.82, 0.180211
0.8, 0.183995, 0.18, 0.82, 0.187487
0.8, 0.184234, 0.18, 0.82, 0.184251
0.8, 0.187658, 0.18, 0.82, 0.186364
0.8, 0.1871, 0.18, 0.82, 0.184357
0.8, 0.182024, 0.18, 0.82, 0.180677
0.8, 0.178178, 0.18, 0.82, 0.186212
0.8, 0.184256, 0.18, 0.82, 0.183202
0.8, 0.183752, 0.18, 0.82, 0.184639
0.8, 0.19498, 0.19, 0.81, 0.193222
0.8, 0.187971, 0.19, 0.81, 0.189376
0.8, 0.186015, 0.19, 0.81, 0.190604
0.8, 0.191535, 0.19, 0.81, 0.193981
0.8, 0.201697, 0.19, 0.81, 0.201961
0.8, 0.196864, 0.19, 0.81, 0.193437
0.8, 0.19266, 0.19, 0.81, 0.196281
0.8, 0.192101, 0.19, 0.81, 0.19116
0.8, 0.206452, 0.19, 0.81, 0.202963
0.8, 0.185176, 0.19, 0.81, 0.188538
0.8, 0.191363, 0.19, 0.81, 0.191871
0.8, 0.198962, 0.19, 0.81, 0.196156
0.8, 0.19515, 0.19, 0.81, 0.194696
0.8, 0.195482, 0.19, 0.81, 0.193339
0.8, 0.196269, 0.19, 0.81, 0.193098
0.8, 0.196484, 0.19, 0.81, 0.197965
0.8, 0.200966, 0.19, 0.81, 0.196562
0.8, 0.189627, 0.19, 0.81, 0.195034
0.8, 0.195374, 0.19, 0.81, 0.196419
0.8, 0.196659, 0.19, 0.81, 0.200336
0.8, 0.19998, 0.19, 0.81, 0.198587
0.8, 0.201069, 0.19, 0.81, 0.201877
0.8, 0.196448, 0.19, 0.81, 0.195182
0.8, 0.195885, 0.19, 0.81, 0.194928
0.8, 0.195899, 0.19, 0.81, 0.196255
0.8, 0.214184, 0.2, 0.8, 0.20972
0.8, 0.202637, 0.2, 0.8, 0.201577
0.8, 0.209018, 0.2, 0.8, 0.210451
0.8, 0.207836, 0.2, 0.8, 0.205398
0.8, 0.201879, 0.2, 0.8, 0.203182
0.8, 0.209639, 0.2, 0.8, 0.208982
0.8, 0.212168, 0.2, 0.8, 0.209311
0.8, 0.215184, 0.2, 0.8, 0.208998
0.8, 0.210293, 0.2, 0.8, 0.21163
0.8, 0.201486, 0.2, 0.8, 0.205038
0.8, 0.208038, 0.2, 0.8, 0.204502
0.8, 0.199572, 0.2, 0.8, 0.201483
0.8, 0.211238, 0.2, 0.8, 0.211528
0.8, 0.210513, 0.2, 0.8, 0.207234
0.8, 0.203686, 0.2, 0.8, 0.209511
0.8, 0.206722, 0.2, 0.8, 0.202122
0.8, 0.213177, 0.2, 0.8, 0.208487
0.8, 0.202376, 0.2, 0.8, 0.201865
0.8, 0.212238, 0.2, 0.8, 0.214665
0.8, 0.204936, 0.2, 0.8, 0.204823
0.8, 0.207805, 0.2, 0.8, 0.208446
0.8, 0.207042, 0.2, 0.8, 0.206508
0.8, 0.212837, 0.2, 0.8, 0.208149
0.8, 0.206589, 0.2, 0.8, 0.201344
0.8, 0.203073, 0.2, 0.8, 0.205227
0.8, 0.220713, 0.21, 0.79, 0.220411
0.8, 0.215403, 0.21, 0.79, 0.217808
0.8, 0.223425, 0.21, 0.79, 0.223245
0.8, 0.221101, 0.21, 0.79, 0.218745
0.8, 0.216501, 0.21, 0.79, 0.215501
0.8, 0.225736, 0.21, 0.79, 0.220035
0.8, 0.21552, 0.21, 0.79, 0.217194
0.8, 0.20714, 0.21, 0.79, 0.210159
0.8, 0.221235, 0.21, 0.79, 0.217062
0.8, 0.213148, 0.21, 0.79, 0.215942
0.8, 0.215462, 0.21, 0.79, 0.214153
0.8, 0.217139, 0.21, 0.79, 0.216986
0.8, 0.218177, 0.21, 0.79, 0.222052
0.8, 0.220193, 0.21, 0.79, 0.219953
0.8, 0.215711, 0.21, 0.79, 0.218194
0.8, 0.217565, 0.21, 0.79, 0.217961
0.8, 0.221052, 0.21, 0.79, 0.220953
0.8, 0.220169, 0.21, 0.79, 0.220295
0.8, 0.21573, 0.21, 0.79, 0.214627
0.8, 0.21462, 0.21, 0.79, 0.221997
0.8, 0.218266, 0.21, 0.79, 0.217111
0.8, 0.218248, 0.21, 0.79, 0.219136
0.8, 0.216475, 0.21, 0.79, 0.215967
0.8, 0.221349, 0.21, 0.79, 0.219642
0.8, 0.218815, 0.21, 0.79, 0.220405
0.8, 0.229926, 0.22, 0.78, 0.230412
0.8, 0.231824, 0.22, 0.78, 0.231658
0.8, 0.235096, 0.22, 0.78, 0.234394
0.8, 0.232173, 0.22, 0.78, 0.234657
0.8, 0.231804, 0.22, 0.78, 0.229403
0.8, 0.238501, 0.22, 0.78, 0.232729
0.8, 0.229276, 0.22, 0.78, 0.228896
0.8, 0.229431, 0.22, 0.78, 0.229385
0.8, 0.228312, 0.22, 0.78, 0.23325
0.8, 0.227136, 0.22, 0.78, 0.230066
0.8, 0.227437, 0.22, 0.78, 0.230778
0.8, 0.229418, 0.22, 0.78, 0.232053
0.8, 0.233689, 0.22, 0.78, 0.233863
0.8, 0.224783, 0.22, 0.78, 0.225595
0.8, 0.233499, 0.22, 0.78, 0.23064
0.8, 0.230005, 0.22, 0.78, 0.226119
0.8, 0.223429, 0.22, 0.78, 0.224982
0.8, 0.238762, 0.22, 0.78, 0.238033
0.8, 0.225794, 0.22, 0.78, 0.22778
0.8, 0.230952, 0.22, 0.78, 0.225921
0.8, 0.226253, 0.22, 0.78, 0.225845
0.8, 0.233079, 0.22, 0.78, 0.231832
0.8, 0.228539, 0.22, 0.78, 0.229561
0.8, 0.230224, 0.22, 0.78, 0.227627
0.8, 0.222301, 0.22, 0.78, 0.230829
0.8, 0.238969, 0.23, 0.77, 0.240625
0.8, 0.234147, 0.23, 0.77, 0.233617
0.8, 0.238248, 0.23, 0.77, 0.239266
0.8, 0.245402, 0.23, 0.77, 0.2428
0.8, 0.251683, 0.23, 0.77, 0.246332
0.8, 0.240689, 0.23, 0.77, 0.242063
0.8, 0.243087, 0.23, 0.77, 0.245719
0.8, 0.240864, 0.23, 0.77, 0.244676
