# B5 Gamma Dynamic Simulation Results
# Strategy schedule: schedules/schedule_b5_gamma_reverse_aggressive.txt
# Gamma schedule: schedules/gamma_schedule_volatile.txt
# Hash rate range: 0.15 - 0.3 (15% - 30%) in 0.01 increments
InitialGamma, Miner0_ProfitFraction, Miner0_HashRate, Miner1_HashRate, Miner0_BlockFraction
0.95, 0.151333, 0.15, 0.85, 0.155254
0.95, 0.155562, 0.15, 0.85, 0.158
0.95, 0.154706, 0.15, 0.85, 0.157018
0.95, 0.16473, 0.15, 0.85, 0.163835
0.95, 0.167299, 0.15, 0.85, 0.165226
0.95, 0.159835, 0.15, 0.85, 0.162329
0.95, 0.154995, 0.15, 0.85, 0.157384
0.95, 0.15992, 0.15, 0.85, 0.165134
0.95, 0.163487, 0.15, 0.85, 0.160953
0.95, 0.158929, 0.15, 0.85, 0.158432
0.95, 0.165638, 0.15, 0.85, 0.159982
0.95, 0.161627, 0.15, 0.85, 0.157698
0.95, 0.154436, 0.15, 0.85, 0.16115
0.95, 0.154789, 0.15, 0.85, 0.153738
0.95, 0.165764, 0.15, 0.85, 0.168373
0.95, 0.158444, 0.15, 0.85, 0.158282
0.95, 0.159497, 0.15, 0.85, 0.15926
0.95, 0.15453, 0.15, 0.85, 0.154143
0.95, 0.160967, 0.15, 0.85, 0.161896
0.95, 0.155327, 0.15, 0.85, 0.15853
0.95, 0.14896, 0.15, 0.85, 0.155943
0.95, 0.164294, 0.15, 0.85, 0.164498
0.95, 0.151627, 0.15, 0.85, 0.158402
0.95, 0.162546, 0.15, 0.85, 0.16513
0.95, 0.159181, 0.15, 0.85, 0.157033
0.95, 0.168015, 0.16, 0.84, 0.167342
0.95, 0.176384, 0.16, 0.84, 0.177188
0.95, 0.168469, 0.16, 0.84, 0.167944
0.95, 0.175273, 0.16, 0.84, 0.17395
0.95, 0.167651, 0.16, 0.84, 0.169718
0.95, 0.175155, 0.16, 0.84, 0.170506
0.95, 0.163788, 0.16, 0.84, 0.168976
0.95, 0.171216, 0.16, 0.84, 0.173913
0.95, 0.168195, 0.16, 0.84, 0.171773
0.95, 0.172869, 0.16, 0.84, 0.171294
0.95, 0.166058, 0.16, 0.84, 0.168835
0.95, 0.169603, 0.16, 0.84, 0.172055
0.95, 0.166783, 0.16, 0.84, 0.167367
0.95, 0.17481, 0.16, 0.84, 0.174121
0.95, 0.167444, 0.16, 0.84, 0.169524
0.95, 0.173664, 0.16, 0.84, 0.173507
0.95, 0.164111, 0.16, 0.84, 0.166514
0.95, 0.170741, 0.16, 0.84, 0.169172
0.95, 0.163394, 0.16, 0.84, 0.167607
0.95, 0.165048, 0.16, 0.84, 0.167557
0.95, 0.176401, 0.16, 0.84, 0.175659
0.95, 0.173107, 0.16, 0.84, 0.17489
0.95, 0.165448, 0.16, 0.84, 0.169101
0.95, 0.167335, 0.16, 0.84, 0.171544
0.95, 0.166329, 0.16, 0.84, 0.170933
0.95, 0.187462, 0.17, 0.83, 0.186652
0.95, 0.188598, 0.17, 0.83, 0.19563
0.95, 0.192604, 0.17, 0.83, 0.188134
0.95, 0.179134, 0.17, 0.83, 0.18433
0.95, 0.185043, 0.17, 0.83, 0.184986
0.95, 0.194384, 0.17, 0.83, 0.188106
0.95, 0.189199, 0.17, 0.83, 0.192052
0.95, 0.182144, 0.17, 0.83, 0.181415
0.95, 0.188947, 0.17, 0.83, 0.183499
0.95, 0.179604, 0.17, 0.83, 0.181025
0.95, 0.171198, 0.17, 0.83, 0.175988
0.95, 0.174698, 0.17, 0.83, 0.18207
0.95, 0.185832, 0.17, 0.83, 0.184914
0.95, 0.18145, 0.17, 0.83, 0.186327
0.95, 0.179626, 0.17, 0.83, 0.181316
0.95, 0.182702, 0.17, 0.83, 0.186173
0.95, 0.189043, 0.17, 0.83, 0.186663
0.95, 0.168599, 0.17, 0.83, 0.1793
0.95, 0.181836, 0.17, 0.83, 0.182754
0.95, 0.184574, 0.17, 0.83, 0.184499
0.95, 0.187107, 0.17, 0.83, 0.184452
0.95, 0.180571, 0.17, 0.83, 0.179585
0.95, 0.178554, 0.17, 0.83, 0.173591
0.95, 0.180436, 0.17, 0.83, 0.182548
0.95, 0.181103, 0.17, 0.83, 0.181992
0.95, 0.196251, 0.18, 0.82, 0.197319
0.95, 0.193017, 0.18, 0.82, 0.192356
0.95, 0.197558, 0.18, 0.82, 0.196934
0.95, 0.196124, 0.18, 0.82, 0.198227
0.95, 0.190386, 0.18, 0.82, 0.191735
0.95, 0.199103, 0.18, 0.82, 0.198197
0.95, 0.191347, 0.18, 0.82, 0.190997
0.95, 0.197388, 0.18, 0.82, 0.194692
0.95, 0.191328, 0.18, 0.82, 0.198968
0.95, 0.188471, 0.18, 0.82, 0.193733
0.95, 0.193864, 0.18, 0.82, 0.198889
0.95, 0.189371, 0.18, 0.82, 0.192283
0.95, 0.19584, 0.18, 0.82, 0.194868
0.95, 0.191887, 0.18, 0.82, 0.196623
0.95, 0.194575, 0.18, 0.82, 0.193055
0.95, 0.198917, 0.18, 0.82, 0.198557
0.95, 0.198701, 0.18, 0.82, 0.19595
0.95, 0.191736, 0.18, 0.82, 0.187471
0.95, 0.193253, 0.18, 0.82, 0.194745
0.95, 0.192804, 0.18, 0.82, 0.190344
0.95, 0.196416, 0.18, 0.82, 0.196927
0.95, 0.198458, 0.18, 0.82, 0.199096
0.95, 0.193634, 0.18, 0.82, 0.195807
0.95, 0.185521, 0.18, 0.82, 0.192074
0.95, 0.210685, 0.18, 0.82, 0.205922
0.95, 0.208488, 0.19, 0.81, 0.209403
0.95, 0.199625, 0.19, 0.81, 0.205669
0.95, 0.197269, 0.19, 0.81, 0.204389
0.95, 0.204049, 0.19, 0.81, 0.20546
0.95, 0.213787, 0.19, 0.81, 0.211434
0.95, 0.208091, 0.19, 0.81, 0.211554
0.95, 0.207618, 0.19, 0.81, 0.207063
0.95, 0.209564, 0.19, 0.81, 0.210945
0.95, 0.211703, 0.19, 0.81, 0.210882
0.95, 0.218756, 0.19, 0.81, 0.213699
0.95, 0.20738, 0.19, 0.81, 0.207475
0.95, 0.203354, 0.19, 0.81, 0.206907
0.95, 0.207598, 0.19, 0.81, 0.210447
0.95, 0.205869, 0.19, 0.81, 0.208011
0.95, 0.202098, 0.19, 0.81, 0.205131
0.95, 0.205327, 0.19, 0.81, 0.207708
0.95, 0.215657, 0.19, 0.81, 0.219128
0.95, 0.2061, 0.19, 0.81, 0.209459
0.95, 0.206291, 0.19, 0.81, 0.208121
0.95, 0.207434, 0.19, 0.81, 0.20751
0.95, 0.205565, 0.19, 0.81, 0.208239
0.95, 0.209004, 0.19, 0.81, 0.206244
0.95, 0.209718, 0.19, 0.81, 0.209933
0.95, 0.206602, 0.19, 0.81, 0.207965
0.95, 0.200034, 0.19, 0.81, 0.20418
0.95, 0.225236, 0.2, 0.8, 0.227377
0.95, 0.223807, 0.2, 0.8, 0.22335
0.95, 0.221089, 0.2, 0.8, 0.22157
0.95, 0.21613, 0.2, 0.8, 0.223094
0.95, 0.217402, 0.2, 0.8, 0.218018
0.95, 0.21909, 0.2, 0.8, 0.224363
0.95, 0.224447, 0.2, 0.8, 0.226445
0.95, 0.221937, 0.2, 0.8, 0.22324
0.95, 0.228918, 0.2, 0.8, 0.223764
0.95, 0.229259, 0.2, 0.8, 0.224738
0.95, 0.229548, 0.2, 0.8, 0.225962
0.95, 0.215623, 0.2, 0.8, 0.221669
0.95, 0.219133, 0.2, 0.8, 0.222042
0.95, 0.221028, 0.2, 0.8, 0.222
0.95, 0.223227, 0.2, 0.8, 0.221973
0.95, 0.21707, 0.2, 0.8, 0.222235
0.95, 0.211528, 0.2, 0.8, 0.220396
0.95, 0.216676, 0.2, 0.8, 0.223921
0.95, 0.224947, 0.2, 0.8, 0.223063
0.95, 0.226002, 0.2, 0.8, 0.223193
0.95, 0.218112, 0.2, 0.8, 0.216495
0.95, 0.217042, 0.2, 0.8, 0.224064
0.95, 0.229953, 0.2, 0.8, 0.23096
0.95, 0.225436, 0.2, 0.8, 0.226746
0.95, 0.226296, 0.2, 0.8, 0.224436
0.95, 0.235143, 0.21, 0.79, 0.237236
0.95, 0.233717, 0.21, 0.79, 0.236957
0.95, 0.236913, 0.21, 0.79, 0.239353
0.95, 0.231627, 0.21, 0.79, 0.238025
0.95, 0.233688, 0.21, 0.79, 0.234983
0.95, 0.231783, 0.21, 0.79, 0.232348
0.95, 0.234441, 0.21, 0.79, 0.237548
0.95, 0.223577, 0.21, 0.79, 0.227316
0.95, 0.235205, 0.21, 0.79, 0.244062
0.95, 0.238551, 0.21, 0.79, 0.240267
0.95, 0.238379, 0.21, 0.79, 0.240513
0.95, 0.229902, 0.21, 0.79, 0.234865
0.95, 0.226828, 0.21, 0.79, 0.228949
0.95, 0.231174, 0.21, 0.79, 0.233823
0.95, 0.227235, 0.21, 0.79, 0.230838
0.95, 0.230872, 0.21, 0.79, 0.235312
0.95, 0.245353, 0.21, 0.79, 0.241217
0.95, 0.230636, 0.21, 0.79, 0.234379
0.95, 0.227177, 0.21, 0.79, 0.235614
0.95, 0.233322, 0.21, 0.79, 0.23426
0.95, 0.23655, 0.21, 0.79, 0.237425
0.95, 0.237014, 0.21, 0.79, 0.236784
0.95, 0.227483, 0.21, 0.79, 0.233518
0.95, 0.240059, 0.21, 0.79, 0.238714
0.95, 0.230133, 0.21, 0.79, 0.239776
0.95, 0.246171, 0.22, 0.78, 0.248812
0.95, 0.250537, 0.22, 0.78, 0.249629
0.95, 0.242935, 0.22, 0.78, 0.248484
0.95, 0.255818, 0.22, 0.78, 0.255184
0.95, 0.243887, 0.22, 0.78, 0.248216
0.95, 0.236926, 0.22, 0.78, 0.244505
0.95, 0.249759, 0.22, 0.78, 0.2548
0.95, 0.252739, 0.22, 0.78, 0.25262
0.95, 0.24293, 0.22, 0.78, 0.24077
0.95, 0.247141, 0.22, 0.78, 0.254527
0.95, 0.241076, 0.22, 0.78, 0.244725
0.95, 0.243212, 0.22, 0.78, 0.245346
0.95, 0.252704, 0.22, 0.78, 0.248695
0.95, 0.238437, 0.22, 0.78, 0.241383
0.95, 0.247057, 0.22, 0.78, 0.251429
0.95, 0.247724, 0.22, 0.78, 0.252914
0.95, 0.249619, 0.22, 0.78, 0.252233
0.95, 0.247986, 0.22, 0.78, 0.250331
0.95, 0.251056, 0.22, 0.78, 0.250045
0.95, 0.244736, 0.22, 0.78, 0.248311
0.95, 0.249553, 0.22, 0.78, 0.247689
0.95, 0.24437, 0.22, 0.78, 0.249196
0.95, 0.245488, 0.22, 0.78, 0.250682
0.95, 0.251782, 0.22, 0.78, 0.252815
0.95, 0.252007, 0.22, 0.78, 0.255853
0.95, 0.260328, 0.23, 0.77, 0.259344
0.95, 0.253389, 0.23, 0.77, 0.258041
0.95, 0.254437, 0.23, 0.77, 0.259743
0.95, 0.255727, 0.23, 0.77, 0.262045
0.95, 0.258781, 0.23, 0.77, 0.265571
0.95, 0.264349, 0.23, 0.77, 0.267571
0.95, 0.260533, 0.23, 0.77, 0.271141
0.95, 0.25427, 0.23, 0.77, 0.257103
0.95, 0.262903, 0.23, 0.77, 0.267493
0.95, 0.268716, 0.23, 0.77, 0.271501
0.95, 0.257305, 0.23, 0.77, 0.261691
0.95, 0.255949, 0.23, 0.77, 0.261052
0.95, 0.266688, 0.23, 0.77, 0.267593
0.95, 0.260621, 0.23, 0.77, 0.26727
0.95, 0.256451, 0.23, 0.77, 0.25961
0.95, 0.261403, 0.23, 0.77, 0.262707
0.95, 0.262141, 0.23, 0.77, 0.266336
0.95, 0.262819, 0.23, 0.77, 0.26673
0.95, 0.255269, 0.23, 0.77, 0.259517
0.95, 0.255697, 0.23, 0.77, 0.260555
0.95, 0.258246, 0.23, 0.77, 0.266336
0.95, 0.248024, 0.23, 0.77, 0.254156
0.95, 0.262532, 0.23, 0.77, 0.266341
0.95, 0.268816, 0.23, 0.77, 0.266382
0.95, 0.257335, 0.23, 0.77, 0.264901
0.95, 0.278875, 0.24, 0.76, 0.281113
0.95, 0.27658, 0.24, 0.76, 0.275303
0.95, 0.275578, 0.24, 0.76, 0.275431
0.95, 0.27729, 0.24, 0.76, 0.275785
0.95, 0.266725, 0.24, 0.76, 0.270989
0.95, 0.264647, 0.24, 0.76, 0.268803
0.95, 0.281103, 0.24, 0.76, 0.286401
0.95, 0.276394, 0.24, 0.76, 0.276421
0.95, 0.260294, 0.24, 0.76, 0.267454
0.95, 0.268135, 0.24, 0.76, 0.276099
0.95, 0.278097, 0.24, 0.76, 0.276359
0.95, 0.26798, 0.24, 0.76, 0.276699
0.95, 0.271719, 0.24, 0.76, 0.276916
0.95, 0.282378, 0.24, 0.76, 0.284536
0.95, 0.266382, 0.24, 0.76, 0.271568
0.95, 0.271258, 0.24, 0.76, 0.278775
0.95, 0.275258, 0.24, 0.76, 0.278504
0.95, 0.28785, 0.24, 0.76, 0.282421
0.95, 0.284329, 0.24, 0.76, 0.283823
0.95, 0.277494, 0.24, 0.76, 0.279555
0.95, 0.281162, 0.24, 0.76, 0.285531
0.95, 0.275704, 0.24, 0.76, 0.283227
0.95, 0.282976, 0.24, 0.76, 0.280277
0.95, 0.275032, 0.24, 0.76, 0.280466
0.95, 0.286047, 0.24, 0.76, 0.2865
0.95, 0.297522, 0.25, 0.75, 0.298687
0.95, 0.291852, 0.25, 0.75, 0.295998
0.95, 0.279886, 0.25, 0.75, 0.290607
0.95, 0.294182, 0.25, 0.75, 0.298197
0.95, 0.296463, 0.25, 0.75, 0.297098
0.95, 0.288213, 0.25, 0.75, 0.288567
0.95, 0.30092, 0.25, 0.75, 0.300859
0.95, 0.291971, 0.25, 0.75, 0.29312
0.95, 0.283387, 0.25, 0.75, 0.292382
0.95, 0.290289, 0.25, 0.75, 0.2886
0.95, 0.288196, 0.25, 0.75, 0.288142
0.95, 0.289898, 0.25, 0.75, 0.292403
0.95, 0.298037, 0.25, 0.75, 0.293724
0.95, 0.291646, 0.25, 0.75, 0.292488
0.95, 0.293779, 0.25, 0.75, 0.297109
0.95, 0.294577, 0.25, 0.75, 0.292908
0.95, 0.283128, 0.25, 0.75, 0.289609
0.95, 0.287315, 0.25, 0.75, 0.29022
0.95, 0.28881, 0.25, 0.75, 0.288646
0.95, 0.288571, 0.25, 0.75, 0.28806
0.95, 0.296807, 0.25, 0.75, 0.291832
0.95, 0.285154, 0.25, 0.75, 0.292271
0.95, 0.295567, 0.25, 0.75, 0.297407
0.95, 0.294042, 0.25, 0.75, 0.298378
0.95, 0.279836, 0.25, 0.75, 0.282926
0.95, 0.303688, 0.26, 0.74, 0.310826
0.95, 0.301578, 0.26, 0.74, 0.305059
0.95, 0.308521, 0.26, 0.74, 0.310867
0.95, 0.298864, 0.26, 0.74, 0.304324
0.95, 0.314603, 0.26, 0.74, 0.313585
0.95, 0.301103, 0.26, 0.74, 0.304308
0.95, 0.304869, 0.26, 0.74, 0.307965
0.95, 0.309143, 0.26, 0.74, 0.309467
0.95, 0.29617, 0.26, 0.74, 0.304647
0.95, 0.30388, 0.26, 0.74, 0.309322
0.95, 0.308572, 0.26, 0.74, 0.31491
0.95, 0.302603, 0.26, 0.74, 0.31106
0.95, 0.308134, 0.26, 0.74, 0.311269
0.95, 0.306414, 0.26, 0.74, 0.31019
0.95, 0.302456, 0.26, 0.74, 0.311114
0.95, 0.315916, 0.26, 0.74, 0.310722
0.95, 0.299673, 0.26, 0.74, 0.301633
0.95, 0.29972, 0.26, 0.74, 0.301138
0.95, 0.298049, 0.26, 0.74, 0.301258
0.95, 0.29993, 0.26, 0.74, 0.302366
0.95, 0.302351, 0.26, 0.74, 0.307289
0.95, 0.299194, 0.26, 0.74, 0.307188
0.95, 0.302128, 0.26, 0.74, 0.302527
0.95, 0.301839, 0.26, 0.74, 0.302999
0.95, 0.300664, 0.26, 0.74, 0.301324
0.95, 0.321613, 0.27, 0.73, 0.333605
0.95, 0.310843, 0.27, 0.73, 0.317704
0.95, 0.315919, 0.27, 0.73, 0.315414
0.95, 0.328179, 0.27, 0.73, 0.327219
0.95, 0.305919, 0.27, 0.73, 0.313023
0.95, 0.31598, 0.27, 0.73, 0.322873
0.95, 0.323724, 0.27, 0.73, 0.324838
0.95, 0.318097, 0.27, 0.73, 0.325398
0.95, 0.316976, 0.27, 0.73, 0.330338
0.95, 0.316145, 0.27, 0.73, 0.321793
0.95, 0.312202, 0.27, 0.73, 0.318185
0.95, 0.327747, 0.27, 0.73, 0.328194
0.95, 0.315098, 0.27, 0.73, 0.319667
0.95, 0.32971, 0.27, 0.73, 0.327518
0.95, 0.305844, 0.27, 0.73, 0.315242
0.95, 0.31077, 0.27, 0.73, 0.321634
0.95, 0.32976, 0.27, 0.73, 0.331891
0.95, 0.306267, 0.27, 0.73, 0.313275
0.95, 0.310687, 0.27, 0.73, 0.318411
0.95, 0.31855, 0.27, 0.73, 0.323833
0.95, 0.31402, 0.27, 0.73, 0.316006
0.95, 0.309975, 0.27, 0.73, 0.322022
0.95, 0.317733, 0.27, 0.73, 0.325877
0.95, 0.324873, 0.27, 0.73, 0.329442
0.95, 0.315232, 0.27, 0.73, 0.324642
0.95, 0.340177, 0.28, 0.72, 0.341843
0.95, 0.318743, 0.28, 0.72, 0.333
0.95, 0.331828, 0.28, 0.72, 0.335865
0.95, 0.336389, 0.28, 0.72, 0.333913
0.95, 0.333544, 0.28, 0.72, 0.336079
0.95, 0.323809, 0.28, 0.72, 0.328781
0.95, 0.336968, 0.28, 0.72, 0.337125
0.95, 0.320481, 0.28, 0.72, 0.330149
0.95, 0.333811, 0.28, 0.72, 0.332602
0.95, 0.327376, 0.28, 0.72, 0.333542
0.95, 0.339386, 0.28, 0.72, 0.339881
0.95, 0.326187, 0.28, 0.72, 0.326734
0.95, 0.337136, 0.28, 0.72, 0.33876
0.95, 0.345595, 0.28, 0.72, 0.345403
0.95, 0.332176, 0.28, 0.72, 0.336213
0.95, 0.327878, 0.28, 0.72, 0.332343
0.95, 0.331242, 0.28, 0.72, 0.336083
0.95, 0.33281, 0.28, 0.72, 0.337523
0.95, 0.328932, 0.28, 0.72, 0.336296
0.95, 0.337535, 0.28, 0.72, 0.33752
0.95, 0.327297, 0.28, 0.72, 0.32858
0.95, 0.340821, 0.28, 0.72, 0.340973
0.95, 0.327124, 0.28, 0.72, 0.333166
0.95, 0.328853, 0.28, 0.72, 0.327309
0.95, 0.327181, 0.28, 0.72, 0.32976
0.95, 0.34653, 0.29, 0.71, 0.352304
0.95, 0.342765, 0.29, 0.71, 0.347917
0.95, 0.340323, 0.29, 0.71, 0.350495
0.95, 0.340331, 0.29, 0.71, 0.351183
0.95, 0.352477, 0.29, 0.71, 0.354594
0.95, 0.353105, 0.29, 0.71, 0.352695
0.95, 0.344211, 0.29, 0.71, 0.346385
0.95, 0.346678, 0.29, 0.71, 0.348594
0.95, 0.338473, 0.29, 0.71, 0.345647
0.95, 0.342559, 0.29, 0.71, 0.347732
0.95, 0.342003, 0.29, 0.71, 0.351394
0.95, 0.339611, 0.29, 0.71, 0.346847
0.95, 0.343222, 0.29, 0.71, 0.343291
0.95, 0.350046, 0.29, 0.71, 0.349295
0.95, 0.349413, 0.29, 0.71, 0.348905
0.95, 0.342508, 0.29, 0.71, 0.341909
0.95, 0.349926, 0.29, 0.71, 0.357242
0.95, 0.340654, 0.29, 0.71, 0.346584
0.95, 0.346378, 0.29, 0.71, 0.34967
0.95, 0.338827, 0.29, 0.71, 0.340778
0.95, 0.354859, 0.29, 0.71, 0.355864
0.95, 0.358071, 0.29, 0.71, 0.358248
0.95, 0.349104, 0.29, 0.71, 0.357512
0.95, 0.339453, 0.29, 0.71, 0.348833
0.95, 0.341284, 0.29, 0.71, 0.346169
0.95, 0.364464, 0.3, 0.7, 0.368328
0.95, 0.366708, 0.3, 0.7, 0.372717
0.95, 0.374756, 0.3, 0.7, 0.373064
0.95, 0.354782, 0.3, 0.7, 0.359582
0.95, 0.354356, 0.3, 0.7, 0.364386
0.95, 0.364766, 0.3, 0.7, 0.368357
0.95, 0.359871, 0.3, 0.7, 0.366608
0.95, 0.376203, 0.3, 0.7, 0.373985
0.95, 0.354446, 0.3, 0.7, 0.362539
0.95, 0.363425, 0.3, 0.7, 0.361706
0.95, 0.36586, 0.3, 0.7, 0.364243
0.95, 0.360323, 0.3, 0.7, 0.363648
0.95, 0.362207, 0.3, 0.7, 0.365076
0.95, 0.361026, 0.3, 0.7, 0.367031
0.95, 0.359777, 0.3, 0.7, 0.368218
0.95, 0.365564, 0.3, 0.7, 0.363155
0.95, 0.383366, 0.3, 0.7, 0.381752
0.95, 0.365007, 0.3, 0.7, 0.369152
0.95, 0.36833, 0.3, 0.7, 0.368871
0.95, 0.361973, 0.3, 0.7, 0.359254
0.95, 0.368352, 0.3, 0.7, 0.36689
0.95, 0.367161, 0.3, 0.7, 0.372061
0.95, 0.364906, 0.3, 0.7, 0.363689
0.95, 0.361694, 0.3, 0.7, 0.36879
0.95, 0.37103, 0.3, 0.7, 0.371825
