# B5 Focused Dynamic Strategy Switching Simulation Results
# Schedule file: schedule_b5_honest_selfish_2500.txt
# Gamma (connectivity) range: 0.8 - 1.0 in 0.05 increments
# Hash rate range: 0.15 - 0.3 (15% - 30%) in 0.01 increments
Gamma, Miner0_ProfitFraction, Miner0_HashRate, Miner1_HashRate, Miner0_BlockFraction
0.8, 0.144834, 0.15, 0.85, 0.145836
0.8, 0.149335, 0.15, 0.85, 0.149444
0.8, 0.148301, 0.15, 0.85, 0.149366
0.8, 0.155121, 0.15, 0.85, 0.152507
0.8, 0.150329, 0.15, 0.85, 0.149862
0.8, 0.14954, 0.15, 0.85, 0.149492
0.8, 0.142933, 0.15, 0.85, 0.146577
0.8, 0.157385, 0.15, 0.85, 0.154198
0.8, 0.144136, 0.15, 0.85, 0.148208
0.8, 0.148445, 0.15, 0.85, 0.151052
0.8, 0.149511, 0.15, 0.85, 0.148556
0.8, 0.145503, 0.15, 0.85, 0.150555
0.8, 0.146301, 0.15, 0.85, 0.14932
0.8, 0.156236, 0.15, 0.85, 0.156604
0.8, 0.149246, 0.15, 0.85, 0.151092
0.8, 0.149287, 0.15, 0.85, 0.147496
0.8, 0.148375, 0.15, 0.85, 0.147294
0.8, 0.15259, 0.15, 0.85, 0.151201
0.8, 0.147294, 0.15, 0.85, 0.1485
0.8, 0.155106, 0.15, 0.85, 0.152735
0.8, 0.153497, 0.15, 0.85, 0.1522
0.8, 0.154299, 0.15, 0.85, 0.154887
0.8, 0.152134, 0.15, 0.85, 0.150005
0.8, 0.157533, 0.15, 0.85, 0.152994
0.8, 0.147278, 0.15, 0.85, 0.14954
0.8, 0.160573, 0.16, 0.84, 0.161531
0.8, 0.161908, 0.16, 0.84, 0.160656
0.8, 0.163413, 0.16, 0.84, 0.163889
0.8, 0.161404, 0.16, 0.84, 0.161509
0.8, 0.167195, 0.16, 0.84, 0.165654
0.8, 0.156977, 0.16, 0.84, 0.15819
0.8, 0.160166, 0.16, 0.84, 0.159289
0.8, 0.157831, 0.16, 0.84, 0.161304
0.8, 0.161257, 0.16, 0.84, 0.161268
0.8, 0.163082, 0.16, 0.84, 0.156828
0.8, 0.162892, 0.16, 0.84, 0.159776
0.8, 0.160268, 0.16, 0.84, 0.16003
0.8, 0.162558, 0.16, 0.84, 0.162706
0.8, 0.158618, 0.16, 0.84, 0.163091
0.8, 0.164936, 0.16, 0.84, 0.161545
0.8, 0.159017, 0.16, 0.84, 0.160943
0.8, 0.163637, 0.16, 0.84, 0.161766
0.8, 0.164791, 0.16, 0.84, 0.164526
0.8, 0.161804, 0.16, 0.84, 0.159588
0.8, 0.160338, 0.16, 0.84, 0.163096
0.8, 0.163797, 0.16, 0.84, 0.159626
0.8, 0.159335, 0.16, 0.84, 0.160993
0.8, 0.168952, 0.16, 0.84, 0.159132
0.8, 0.173447, 0.16, 0.84, 0.169583
0.8, 0.163454, 0.16, 0.84, 0.165081
0.8, 0.163067, 0.17, 0.83, 0.16611
0.8, 0.164907, 0.17, 0.83, 0.168109
0.8, 0.167442, 0.17, 0.83, 0.169976
0.8, 0.170338, 0.17, 0.83, 0.16956
0.8, 0.175222, 0.17, 0.83, 0.169788
0.8, 0.17507, 0.17, 0.83, 0.174573
0.8, 0.170671, 0.17, 0.83, 0.170372
0.8, 0.180043, 0.17, 0.83, 0.177177
0.8, 0.175165, 0.17, 0.83, 0.173467
0.8, 0.169837, 0.17, 0.83, 0.171359
0.8, 0.171632, 0.17, 0.83, 0.173799
0.8, 0.171541, 0.17, 0.83, 0.172194
0.8, 0.169887, 0.17, 0.83, 0.172976
0.8, 0.165122, 0.17, 0.83, 0.16951
0.8, 0.16519, 0.17, 0.83, 0.168589
0.8, 0.174101, 0.17, 0.83, 0.177856
0.8, 0.173773, 0.17, 0.83, 0.172714
0.8, 0.171194, 0.17, 0.83, 0.17419
0.8, 0.179772, 0.17, 0.83, 0.179413
0.8, 0.18293, 0.17, 0.83, 0.179208
0.8, 0.170009, 0.17, 0.83, 0.169871
0.8, 0.176196, 0.17, 0.83, 0.175474
0.8, 0.179949, 0.17, 0.83, 0.175037
0.8, 0.176356, 0.17, 0.83, 0.173556
0.8, 0.165219, 0.17, 0.83, 0.16855
0.8, 0.180326, 0.18, 0.82, 0.184763
0.8, 0.189246, 0.18, 0.82, 0.188417
0.8, 0.188063, 0.18, 0.82, 0.18507
0.8, 0.190458, 0.18, 0.82, 0.187733
0.8, 0.178615, 0.18, 0.82, 0.176881
0.8, 0.182216, 0.18, 0.82, 0.184039
0.8, 0.18032, 0.18, 0.82, 0.181656
0.8, 0.181925, 0.18, 0.82, 0.183531
0.8, 0.179786, 0.18, 0.82, 0.181079
0.8, 0.185958, 0.18, 0.82, 0.183324
0.8, 0.189435, 0.18, 0.82, 0.184977
0.8, 0.184984, 0.18, 0.82, 0.18344
0.8, 0.181446, 0.18, 0.82, 0.182473
0.8, 0.180745, 0.18, 0.82, 0.182883
0.8, 0.190366, 0.18, 0.82, 0.191871
0.8, 0.183691, 0.18, 0.82, 0.183158
0.8, 0.183766, 0.18, 0.82, 0.178332
0.8, 0.187503, 0.18, 0.82, 0.185759
0.8, 0.17828, 0.18, 0.82, 0.180814
0.8, 0.181238, 0.18, 0.82, 0.185999
0.8, 0.18229, 0.18, 0.82, 0.180887
0.8, 0.186559, 0.18, 0.82, 0.1868
0.8, 0.182584, 0.18, 0.82, 0.179536
0.8, 0.183037, 0.18, 0.82, 0.185263
0.8, 0.17926, 0.18, 0.82, 0.180518
0.8, 0.200247, 0.19, 0.81, 0.193998
0.8, 0.195667, 0.19, 0.81, 0.193659
0.8, 0.200211, 0.19, 0.81, 0.19513
0.8, 0.195261, 0.19, 0.81, 0.194139
0.8, 0.191474, 0.19, 0.81, 0.192137
0.8, 0.197518, 0.19, 0.81, 0.194714
0.8, 0.198419, 0.19, 0.81, 0.194497
0.8, 0.201818, 0.19, 0.81, 0.19987
0.8, 0.192048, 0.19, 0.81, 0.194042
0.8, 0.196409, 0.19, 0.81, 0.195992
0.8, 0.195415, 0.19, 0.81, 0.194745
0.8, 0.187877, 0.19, 0.81, 0.190202
0.8, 0.193908, 0.19, 0.81, 0.197482
0.8, 0.195062, 0.19, 0.81, 0.19429
0.8, 0.191157, 0.19, 0.81, 0.191838
0.8, 0.18478, 0.19, 0.81, 0.19056
0.8, 0.194028, 0.19, 0.81, 0.194075
0.8, 0.196728, 0.19, 0.81, 0.198984
0.8, 0.195085, 0.19, 0.81, 0.199484
0.8, 0.198048, 0.19, 0.81, 0.197272
0.8, 0.191044, 0.19, 0.81, 0.19246
0.8, 0.197506, 0.19, 0.81, 0.199773
0.8, 0.199096, 0.19, 0.81, 0.197984
0.8, 0.191589, 0.19, 0.81, 0.194861
0.8, 0.200993, 0.19, 0.81, 0.198134
0.8, 0.209535, 0.2, 0.8, 0.207289
0.8, 0.201729, 0.2, 0.8, 0.20768
0.8, 0.210853, 0.2, 0.8, 0.209604
0.8, 0.208029, 0.2, 0.8, 0.205658
0.8, 0.210934, 0.2, 0.8, 0.211938
0.8, 0.201005, 0.2, 0.8, 0.20168
0.8, 0.20678, 0.2, 0.8, 0.208632
0.8, 0.208716, 0.2, 0.8, 0.208826
0.8, 0.201222, 0.2, 0.8, 0.202729
0.8, 0.203182, 0.2, 0.8, 0.202196
0.8, 0.217663, 0.2, 0.8, 0.211938
0.8, 0.208757, 0.2, 0.8, 0.209161
0.8, 0.202461, 0.2, 0.8, 0.201684
0.8, 0.207161, 0.2, 0.8, 0.209518
0.8, 0.211287, 0.2, 0.8, 0.208772
0.8, 0.21083, 0.2, 0.8, 0.207989
0.8, 0.202497, 0.2, 0.8, 0.204219
0.8, 0.203484, 0.2, 0.8, 0.202158
0.8, 0.202791, 0.2, 0.8, 0.206024
0.8, 0.209277, 0.2, 0.8, 0.205873
0.8, 0.20942, 0.2, 0.8, 0.207421
0.8, 0.201205, 0.2, 0.8, 0.207936
0.8, 0.210017, 0.2, 0.8, 0.208408
0.8, 0.209228, 0.2, 0.8, 0.205345
0.8, 0.204366, 0.2, 0.8, 0.205482
0.8, 0.214347, 0.21, 0.79, 0.211951
0.8, 0.216314, 0.21, 0.79, 0.216407
0.8, 0.220557, 0.21, 0.79, 0.218895
0.8, 0.216197, 0.21, 0.79, 0.21534
0.8, 0.227182, 0.21, 0.79, 0.224387
0.8, 0.209782, 0.21, 0.79, 0.214067
0.8, 0.213876, 0.21, 0.79, 0.216216
0.8, 0.22637, 0.21, 0.79, 0.221144
0.8, 0.211783, 0.21, 0.79, 0.216027
0.8, 0.220761, 0.21, 0.79, 0.221975
0.8, 0.213284, 0.21, 0.79, 0.217092
0.8, 0.216361, 0.21, 0.79, 0.215226
0.8, 0.222115, 0.21, 0.79, 0.220937
0.8, 0.212644, 0.21, 0.79, 0.217963
0.8, 0.216311, 0.21, 0.79, 0.220405
0.8, 0.222569, 0.21, 0.79, 0.22328
0.8, 0.222539, 0.21, 0.79, 0.221081
0.8, 0.233821, 0.21, 0.79, 0.230824
0.8, 0.21979, 0.21, 0.79, 0.216284
0.8, 0.21627, 0.21, 0.79, 0.216056
0.8, 0.208676, 0.21, 0.79, 0.212639
0.8, 0.217983, 0.21, 0.79, 0.217098
0.8, 0.219472, 0.21, 0.79, 0.219015
0.8, 0.216605, 0.21, 0.79, 0.21825
0.8, 0.219592, 0.21, 0.79, 0.219174
0.8, 0.223997, 0.22, 0.78, 0.227443
0.8, 0.227199, 0.22, 0.78, 0.230631
0.8, 0.226575, 0.22, 0.78, 0.229464
0.8, 0.231632, 0.22, 0.78, 0.232029
0.8, 0.2272, 0.22, 0.78, 0.229357
0.8, 0.228823, 0.22, 0.78, 0.230815
0.8, 0.229473, 0.22, 0.78, 0.226613
0.8, 0.224521, 0.22, 0.78, 0.228318
0.8, 0.225217, 0.22, 0.78, 0.22652
0.8, 0.227924, 0.22, 0.78, 0.226865
0.8, 0.225253, 0.22, 0.78, 0.22602
0.8, 0.223687, 0.22, 0.78, 0.224467
0.8, 0.226844, 0.22, 0.78, 0.22908
0.8, 0.231968, 0.22, 0.78, 0.232701
0.8, 0.245309, 0.22, 0.78, 0.234175
0.8, 0.222998, 0.22, 0.78, 0.223929
0.8, 0.221887, 0.22, 0.78, 0.227137
0.8, 0.23219, 0.22, 0.78, 0.229936
0.8, 0.229571, 0.22, 0.78, 0.234084
0.8, 0.233098, 0.22, 0.78, 0.230507
0.8, 0.234195, 0.22, 0.78, 0.233279
0.8, 0.225946, 0.22, 0.78, 0.227775
0.8, 0.229247, 0.22, 0.78, 0.233017
0.8, 0.228625, 0.22, 0.78, 0.227141
0.8, 0.226592, 0.22, 0.78, 0.225025
0.8, 0.243781, 0.23, 0.77, 0.248125
0.8, 0.242997, 0.23, 0.77, 0.241144
0.8, 0.245761, 0.23, 0.77, 0.246094
0.8, 0.238621, 0.23, 0.77, 0.23963
0.8, 0.240996, 0.23, 0.77, 0.240904
0.8, 0.236301, 0.23, 0.77, 0.237641
0.8, 0.246794, 0.23, 0.77, 0.247225
0.8, 0.235672, 0.23, 0.77, 0.241572
0.8, 0.24004, 0.23, 0.77, 0.239717
0.8, 0.241415, 0.23, 0.77, 0.240297
0.8, 0.241951, 0.23, 0.77, 0.244338
0.8, 0.240253, 0.23, 0.77, 0.240545
0.8, 0.240367, 0.23, 0.77, 0.239085
0.8, 0.247522, 0.23, 0.77, 0.241791
0.8, 0.243044, 0.23, 0.77, 0.241812
0.8, 0.237063, 0.23, 0.77, 0.240393
0.8, 0.241977, 0.23, 0.77, 0.23895
0.8, 0.248947, 0.23, 0.77, 0.248676
0.8, 0.245926, 0.23, 0.77, 0.244635
0.8, 0.248325, 0.23, 0.77, 0.241082
0.8, 0.24684, 0.23, 0.77, 0.246584
0.8, 0.227759, 0.23, 0.77, 0.235463
0.8, 0.235834, 0.23, 0.77, 0.23981
0.8, 0.239547, 0.23, 0.77, 0.24386
0.8, 0.239359, 0.23, 0.77, 0.240399
0.8, 0.252365, 0.24, 0.76, 0.259962
0.8, 0.255595, 0.24, 0.76, 0.252513
0.8, 0.257797, 0.24, 0.76, 0.257237
0.8, 0.248904, 0.24, 0.76, 0.244515
0.8, 0.251859, 0.24, 0.76, 0.247394
0.8, 0.25434, 0.24, 0.76, 0.253502
0.8, 0.249121, 0.24, 0.76, 0.253444
0.8, 0.254656, 0.24, 0.76, 0.254218
0.8, 0.257096, 0.24, 0.76, 0.253427
0.8, 0.252263, 0.24, 0.76, 0.253161
0.8, 0.253875, 0.24, 0.76, 0.252213
0.8, 0.260915, 0.24, 0.76, 0.261582
0.8, 0.262664, 0.24, 0.76, 0.258451
0.8, 0.252782, 0.24, 0.76, 0.250789
0.8, 0.260481, 0.24, 0.76, 0.256116
0.8, 0.254143, 0.24, 0.76, 0.251677
0.8, 0.2526, 0.24, 0.76, 0.256046
0.8, 0.247693, 0.24, 0.76, 0.246184
0.8, 0.248589, 0.24, 0.76, 0.251098
0.8, 0.252748, 0.24, 0.76, 0.248832
0.8, 0.252725, 0.24, 0.76, 0.253019
0.8, 0.25422, 0.24, 0.76, 0.253925
0.8, 0.247426, 0.24, 0.76, 0.24892
0.8, 0.258835, 0.24, 0.76, 0.255131
0.8, 0.259557, 0.24, 0.76, 0.259742
0.8, 0.261895, 0.25, 0.75, 0.260297
0.8, 0.25483, 0.25, 0.75, 0.255947
0.8, 0.264908, 0.25, 0.75, 0.267016
0.8, 0.267403, 0.25, 0.75, 0.266437
0.8, 0.26712, 0.25, 0.75, 0.264317
0.8, 0.264381, 0.25, 0.75, 0.262417
0.8, 0.26319, 0.25, 0.75, 0.26106
0.8, 0.262738, 0.25, 0.75, 0.263227
0.8, 0.267846, 0.25, 0.75, 0.266326
0.8, 0.265584, 0.25, 0.75, 0.267874
0.8, 0.254385, 0.25, 0.75, 0.259746
0.8, 0.275268, 0.25, 0.75, 0.270338
0.8, 0.255743, 0.25, 0.75, 0.26167
0.8, 0.263535, 0.25, 0.75, 0.266627
0.8, 0.2657, 0.25, 0.75, 0.263396
0.8, 0.266039, 0.25, 0.75, 0.26469
0.8, 0.257988, 0.25, 0.75, 0.259811
0.8, 0.270604, 0.25, 0.75, 0.268873
0.8, 0.265077, 0.25, 0.75, 0.264707
0.8, 0.270103, 0.25, 0.75, 0.265686
0.8, 0.269768, 0.25, 0.75, 0.268688
0.8, 0.268945, 0.25, 0.75, 0.266087
0.8, 0.264735, 0.25, 0.75, 0.265215
0.8, 0.265115, 0.25, 0.75, 0.265495
0.8, 0.260456, 0.25, 0.75, 0.262957
0.8, 0.270249, 0.26, 0.74, 0.273932
0.8, 0.285879, 0.26, 0.74, 0.279164
0.8, 0.276838, 0.26, 0.74, 0.279525
0.8, 0.276901, 0.26, 0.74, 0.273207
0.8, 0.273902, 0.26, 0.74, 0.271086
0.8, 0.273867, 0.26, 0.74, 0.276056
0.8, 0.271312, 0.26, 0.74, 0.272436
0.8, 0.277355, 0.26, 0.74, 0.276872
0.8, 0.273495, 0.26, 0.74, 0.272494
0.8, 0.27705, 0.26, 0.74, 0.28021
0.8, 0.284199, 0.26, 0.74, 0.27775
0.8, 0.27126, 0.26, 0.74, 0.272727
0.8, 0.27666, 0.26, 0.74, 0.276914
0.8, 0.280289, 0.26, 0.74, 0.279779
0.8, 0.278764, 0.26, 0.74, 0.273986
0.8, 0.282099, 0.26, 0.74, 0.279527
0.8, 0.271402, 0.26, 0.74, 0.276511
0.8, 0.280547, 0.26, 0.74, 0.277833
0.8, 0.281625, 0.26, 0.74, 0.283622
0.8, 0.291914, 0.26, 0.74, 0.28566
0.8, 0.284348, 0.26, 0.74, 0.279894
0.8, 0.275638, 0.26, 0.74, 0.269456
0.8, 0.276762, 0.26, 0.74, 0.276191
0.8, 0.276287, 0.26, 0.74, 0.276371
0.8, 0.280912, 0.26, 0.74, 0.280856
0.8, 0.282523, 0.27, 0.73, 0.279993
0.8, 0.287789, 0.27, 0.73, 0.286824
0.8, 0.28626, 0.27, 0.73, 0.288629
0.8, 0.283265, 0.27, 0.73, 0.282843
0.8, 0.284205, 0.27, 0.73, 0.288958
0.8, 0.286104, 0.27, 0.73, 0.287959
0.8, 0.293011, 0.27, 0.73, 0.289181
0.8, 0.293164, 0.27, 0.73, 0.289671
0.8, 0.289531, 0.27, 0.73, 0.288606
0.8, 0.289383, 0.27, 0.73, 0.28608
0.8, 0.283198, 0.27, 0.73, 0.282605
0.8, 0.290714, 0.27, 0.73, 0.286739
0.8, 0.290322, 0.27, 0.73, 0.28651
0.8, 0.288396, 0.27, 0.73, 0.288816
0.8, 0.299289, 0.27, 0.73, 0.292171
0.8, 0.284967, 0.27, 0.73, 0.284312
0.8, 0.291176, 0.27, 0.73, 0.293057
0.8, 0.297671, 0.27, 0.73, 0.293583
0.8, 0.29928, 0.27, 0.73, 0.2964
0.8, 0.288426, 0.27, 0.73, 0.286475
0.8, 0.287357, 0.27, 0.73, 0.287726
0.8, 0.286317, 0.27, 0.73, 0.285229
0.8, 0.283856, 0.27, 0.73, 0.287058
0.8, 0.289068, 0.27, 0.73, 0.288909
0.8, 0.287857, 0.27, 0.73, 0.284156
0.8, 0.307168, 0.28, 0.72, 0.3043
0.8, 0.307655, 0.28, 0.72, 0.303951
0.8, 0.30353, 0.28, 0.72, 0.308859
0.8, 0.29809, 0.28, 0.72, 0.304719
0.8, 0.306022, 0.28, 0.72, 0.299363
0.8, 0.303928, 0.28, 0.72, 0.304551
0.8, 0.302413, 0.28, 0.72, 0.29683
0.8, 0.302558, 0.28, 0.72, 0.301011
0.8, 0.294975, 0.28, 0.72, 0.292529
0.8, 0.296062, 0.28, 0.72, 0.294251
0.8, 0.306593, 0.28, 0.72, 0.301559
0.8, 0.302837, 0.28, 0.72, 0.301386
0.8, 0.308112, 0.28, 0.72, 0.303891
0.8, 0.309424, 0.28, 0.72, 0.309471
0.8, 0.294572, 0.28, 0.72, 0.295124
0.8, 0.300879, 0.28, 0.72, 0.30328
0.8, 0.30316, 0.28, 0.72, 0.300766
0.8, 0.304287, 0.28, 0.72, 0.30339
0.8, 0.296925, 0.28, 0.72, 0.297405
0.8, 0.311842, 0.28, 0.72, 0.298331
0.8, 0.310807, 0.28, 0.72, 0.304479
0.8, 0.305684, 0.28, 0.72, 0.302788
0.8, 0.308713, 0.28, 0.72, 0.301963
0.8, 0.298758, 0.28, 0.72, 0.301988
0.8, 0.308517, 0.28, 0.72, 0.309306
0.8, 0.308849, 0.29, 0.71, 0.313242
0.8, 0.310069, 0.29, 0.71, 0.310493
0.8, 0.317716, 0.29, 0.71, 0.310385
0.8, 0.310798, 0.29, 0.71, 0.306787
0.8, 0.310995, 0.29, 0.71, 0.315757
0.8, 0.306865, 0.29, 0.71, 0.309671
0.8, 0.309776, 0.29, 0.71, 0.312308
0.8, 0.309939, 0.29, 0.71, 0.31781
0.8, 0.30476, 0.29, 0.71, 0.304292
0.8, 0.31365, 0.29, 0.71, 0.316862
0.8, 0.31258, 0.29, 0.71, 0.308056
0.8, 0.306404, 0.29, 0.71, 0.311628
0.8, 0.320482, 0.29, 0.71, 0.318539
0.8, 0.315747, 0.29, 0.71, 0.313593
0.8, 0.310201, 0.29, 0.71, 0.314606
0.8, 0.319981, 0.29, 0.71, 0.316268
0.8, 0.324015, 0.29, 0.71, 0.320007
0.8, 0.328242, 0.29, 0.71, 0.319322
0.8, 0.305992, 0.29, 0.71, 0.305436
0.8, 0.316905, 0.29, 0.71, 0.313058
0.8, 0.319179, 0.29, 0.71, 0.315305
0.8, 0.311544, 0.29, 0.71, 0.30887
0.8, 0.315877, 0.29, 0.71, 0.314113
0.8, 0.317419, 0.29, 0.71, 0.32104
0.8, 0.309441, 0.29, 0.71, 0.308873
0.8, 0.330563, 0.3, 0.7, 0.33281
0.8, 0.331345, 0.3, 0.7, 0.331741
0.8, 0.327032, 0.3, 0.7, 0.323988
0.8, 0.318148, 0.3, 0.7, 0.321204
0.8, 0.317938, 0.3, 0.7, 0.317533
0.8, 0.335384, 0.3, 0.7, 0.329392
0.8, 0.31975, 0.3, 0.7, 0.319423
0.8, 0.323653, 0.3, 0.7, 0.320793
0.8, 0.334644, 0.3, 0.7, 0.330334
0.8, 0.327413, 0.3, 0.7, 0.325845
0.8, 0.329876, 0.3, 0.7, 0.323811
0.8, 0.332997, 0.3, 0.7, 0.333649
0.8, 0.327386, 0.3, 0.7, 0.326923
0.8, 0.319978, 0.3, 0.7, 0.318866
0.8, 0.325461, 0.3, 0.7, 0.320436
0.8, 0.336741, 0.3, 0.7, 0.327062
0.8, 0.320788, 0.3, 0.7, 0.322474
0.8, 0.334986, 0.3, 0.7, 0.326804
0.8, 0.33974, 0.3, 0.7, 0.333981
0.8, 0.325013, 0.3, 0.7, 0.324065
0.8, 0.32307, 0.3, 0.7, 0.322235
0.8, 0.319686, 0.3, 0.7, 0.322967
0.8, 0.331412, 0.3, 0.7, 0.327389
0.8, 0.324145, 0.3, 0.7, 0.32249
0.8, 0.338122, 0.3, 0.7, 0.329447
0.85, 0.153615, 0.15, 0.85, 0.152657
0.85, 0.152373, 0.15, 0.85, 0.150271
0.85, 0.152873, 0.15, 0.85, 0.153677
0.85, 0.157215, 0.15, 0.85, 0.157552
0.85, 0.146641, 0.15, 0.85, 0.149003
0.85, 0.155838, 0.15, 0.85, 0.156598
0.85, 0.149625, 0.15, 0.85, 0.151648
0.85, 0.149387, 0.15, 0.85, 0.152585
0.85, 0.151233, 0.15, 0.85, 0.155445
0.85, 0.154889, 0.15, 0.85, 0.156019
0.85, 0.152458, 0.15, 0.85, 0.150091
0.85, 0.161451, 0.15, 0.85, 0.159001
0.85, 0.153907, 0.15, 0.85, 0.151629
0.85, 0.156395, 0.15, 0.85, 0.155866
0.85, 0.155786, 0.15, 0.85, 0.150734
0.85, 0.16052, 0.15, 0.85, 0.158307
0.85, 0.15088, 0.15, 0.85, 0.150981
0.85, 0.152712, 0.15, 0.85, 0.153499
0.85, 0.151395, 0.15, 0.85, 0.149353
0.85, 0.152946, 0.15, 0.85, 0.152442
0.85, 0.152605, 0.15, 0.85, 0.154071
0.85, 0.14864, 0.15, 0.85, 0.15094
0.85, 0.145745, 0.15, 0.85, 0.145191
0.85, 0.150205, 0.15, 0.85, 0.151997
0.85, 0.153095, 0.15, 0.85, 0.152536
0.85, 0.162225, 0.16, 0.84, 0.163334
0.85, 0.163688, 0.16, 0.84, 0.164528
0.85, 0.164437, 0.16, 0.84, 0.164255
0.85, 0.162238, 0.16, 0.84, 0.163017
0.85, 0.161474, 0.16, 0.84, 0.163127
0.85, 0.160153, 0.16, 0.84, 0.163863
0.85, 0.163618, 0.16, 0.84, 0.163573
0.85, 0.160424, 0.16, 0.84, 0.162713
0.85, 0.163478, 0.16, 0.84, 0.166118
0.85, 0.15923, 0.16, 0.84, 0.162453
0.85, 0.164697, 0.16, 0.84, 0.164229
0.85, 0.157515, 0.16, 0.84, 0.160681
0.85, 0.164945, 0.16, 0.84, 0.1636
0.85, 0.16393, 0.16, 0.84, 0.16471
0.85, 0.161369, 0.16, 0.84, 0.162443
0.85, 0.167875, 0.16, 0.84, 0.166054
0.85, 0.167691, 0.16, 0.84, 0.166694
0.85, 0.161866, 0.16, 0.84, 0.161635
0.85, 0.163777, 0.16, 0.84, 0.163431
0.85, 0.165817, 0.16, 0.84, 0.166189
0.85, 0.164773, 0.16, 0.84, 0.163042
0.85, 0.169658, 0.16, 0.84, 0.166818
0.85, 0.166341, 0.16, 0.84, 0.162293
0.85, 0.171841, 0.16, 0.84, 0.168472
0.85, 0.164418, 0.16, 0.84, 0.162114
0.85, 0.168099, 0.17, 0.83, 0.171585
0.85, 0.177163, 0.17, 0.83, 0.178263
0.85, 0.169638, 0.17, 0.83, 0.173871
0.85, 0.168534, 0.17, 0.83, 0.170848
0.85, 0.17648, 0.17, 0.83, 0.177147
0.85, 0.170573, 0.17, 0.83, 0.176136
0.85, 0.176265, 0.17, 0.83, 0.17659
0.85, 0.172928, 0.17, 0.83, 0.175412
0.85, 0.167906, 0.17, 0.83, 0.17097
0.85, 0.170002, 0.17, 0.83, 0.176781
0.85, 0.178252, 0.17, 0.83, 0.179438
0.85, 0.168136, 0.17, 0.83, 0.16917
0.85, 0.169609, 0.17, 0.83, 0.172364
0.85, 0.179761, 0.17, 0.83, 0.176173
0.85, 0.175809, 0.17, 0.83, 0.16992
0.85, 0.177716, 0.17, 0.83, 0.175346
0.85, 0.17707, 0.17, 0.83, 0.176891
0.85, 0.168483, 0.17, 0.83, 0.173908
0.85, 0.178518, 0.17, 0.83, 0.177125
0.85, 0.178568, 0.17, 0.83, 0.173516
0.85, 0.174686, 0.17, 0.83, 0.177168
0.85, 0.164915, 0.17, 0.83, 0.171066
0.85, 0.176635, 0.17, 0.83, 0.177279
0.85, 0.177093, 0.17, 0.83, 0.179146
0.85, 0.175829, 0.17, 0.83, 0.176709
0.85, 0.190675, 0.18, 0.82, 0.18624
0.85, 0.191756, 0.18, 0.82, 0.19015
0.85, 0.190844, 0.18, 0.82, 0.193184
0.85, 0.186666, 0.18, 0.82, 0.184423
0.85, 0.180971, 0.18, 0.82, 0.185005
0.85, 0.188358, 0.18, 0.82, 0.186232
0.85, 0.182871, 0.18, 0.82, 0.181397
0.85, 0.19073, 0.18, 0.82, 0.189901
0.85, 0.182689, 0.18, 0.82, 0.180194
0.85, 0.198128, 0.18, 0.82, 0.192767
0.85, 0.188859, 0.18, 0.82, 0.184717
0.85, 0.179505, 0.18, 0.82, 0.181481
0.85, 0.180487, 0.18, 0.82, 0.184311
0.85, 0.187957, 0.18, 0.82, 0.185106
0.85, 0.191578, 0.18, 0.82, 0.190466
0.85, 0.185819, 0.18, 0.82, 0.185922
0.85, 0.181598, 0.18, 0.82, 0.182807
0.85, 0.190653, 0.18, 0.82, 0.190783
0.85, 0.179017, 0.18, 0.82, 0.182741
0.85, 0.187861, 0.18, 0.82, 0.187182
0.85, 0.187663, 0.18, 0.82, 0.18558
0.85, 0.188019, 0.18, 0.82, 0.191612
0.85, 0.180493, 0.18, 0.82, 0.185952
0.85, 0.186616, 0.18, 0.82, 0.187997
0.85, 0.190843, 0.18, 0.82, 0.191462
0.85, 0.200241, 0.19, 0.81, 0.200714
0.85, 0.193742, 0.19, 0.81, 0.193322
0.85, 0.199253, 0.19, 0.81, 0.199656
0.85, 0.190744, 0.19, 0.81, 0.192381
0.85, 0.198439, 0.19, 0.81, 0.199225
0.85, 0.191115, 0.19, 0.81, 0.191746
0.85, 0.20302, 0.19, 0.81, 0.20212
0.85, 0.199664, 0.19, 0.81, 0.196667
0.85, 0.191762, 0.19, 0.81, 0.192425
0.85, 0.201353, 0.19, 0.81, 0.201612
0.85, 0.200565, 0.19, 0.81, 0.197908
0.85, 0.198317, 0.19, 0.81, 0.200684
0.85, 0.197292, 0.19, 0.81, 0.19841
0.85, 0.203753, 0.19, 0.81, 0.199303
0.85, 0.196698, 0.19, 0.81, 0.199032
0.85, 0.193633, 0.19, 0.81, 0.198437
0.85, 0.200719, 0.19, 0.81, 0.198103
0.85, 0.197251, 0.19, 0.81, 0.200326
0.85, 0.202929, 0.19, 0.81, 0.200272
0.85, 0.201517, 0.19, 0.81, 0.198529
0.85, 0.198522, 0.19, 0.81, 0.198307
0.85, 0.191356, 0.19, 0.81, 0.19287
0.85, 0.201805, 0.19, 0.81, 0.203793
0.85, 0.200644, 0.19, 0.81, 0.199796
0.85, 0.19638, 0.19, 0.81, 0.201911
0.85, 0.211248, 0.2, 0.8, 0.210211
0.85, 0.2005, 0.2, 0.8, 0.205062
0.85, 0.212094, 0.2, 0.8, 0.211172
0.85, 0.205011, 0.2, 0.8, 0.206424
0.85, 0.20105, 0.2, 0.8, 0.204533
0.85, 0.205303, 0.2, 0.8, 0.207111
0.85, 0.215892, 0.2, 0.8, 0.214885
0.85, 0.210334, 0.2, 0.8, 0.213183
0.85, 0.208709, 0.2, 0.8, 0.206329
0.85, 0.209095, 0.2, 0.8, 0.204003
0.85, 0.212204, 0.2, 0.8, 0.211302
0.85, 0.209209, 0.2, 0.8, 0.209501
0.85, 0.207848, 0.2, 0.8, 0.207648
0.85, 0.205943, 0.2, 0.8, 0.210099
0.85, 0.211922, 0.2, 0.8, 0.210636
0.85, 0.212759, 0.2, 0.8, 0.213085
0.85, 0.213472, 0.2, 0.8, 0.214452
0.85, 0.210134, 0.2, 0.8, 0.206712
0.85, 0.202782, 0.2, 0.8, 0.207117
0.85, 0.206525, 0.2, 0.8, 0.207339
0.85, 0.21208, 0.2, 0.8, 0.208345
0.85, 0.204444, 0.2, 0.8, 0.206133
0.85, 0.210383, 0.2, 0.8, 0.209033
0.85, 0.216997, 0.2, 0.8, 0.210958
0.85, 0.211586, 0.2, 0.8, 0.211547
0.85, 0.220345, 0.21, 0.79, 0.21512
0.85, 0.217966, 0.21, 0.79, 0.22373
0.85, 0.219005, 0.21, 0.79, 0.217898
0.85, 0.218772, 0.21, 0.79, 0.220599
0.85, 0.223182, 0.21, 0.79, 0.220809
0.85, 0.221685, 0.21, 0.79, 0.222662
0.85, 0.214729, 0.21, 0.79, 0.217804
0.85, 0.224332, 0.21, 0.79, 0.225331
0.85, 0.219105, 0.21, 0.79, 0.221398
0.85, 0.212142, 0.21, 0.79, 0.216237
0.85, 0.222446, 0.21, 0.79, 0.225027
0.85, 0.21851, 0.21, 0.79, 0.219124
0.85, 0.220745, 0.21, 0.79, 0.22221
0.85, 0.215762, 0.21, 0.79, 0.221225
0.85, 0.22309, 0.21, 0.79, 0.222554
0.85, 0.226763, 0.21, 0.79, 0.222083
0.85, 0.221049, 0.21, 0.79, 0.222114
0.85, 0.218407, 0.21, 0.79, 0.219228
0.85, 0.225338, 0.21, 0.79, 0.222898
0.85, 0.218463, 0.21, 0.79, 0.219941
0.85, 0.223566, 0.21, 0.79, 0.224368
0.85, 0.215529, 0.21, 0.79, 0.219938
0.85, 0.221728, 0.21, 0.79, 0.220425
0.85, 0.21805, 0.21, 0.79, 0.218592
0.85, 0.221388, 0.21, 0.79, 0.220688
0.85, 0.228938, 0.22, 0.78, 0.227916
0.85, 0.230605, 0.22, 0.78, 0.231966
0.85, 0.239276, 0.22, 0.78, 0.236507
0.85, 0.238941, 0.22, 0.78, 0.232388
0.85, 0.229923, 0.22, 0.78, 0.229578
0.85, 0.236264, 0.22, 0.78, 0.233948
0.85, 0.232006, 0.22, 0.78, 0.235947
0.85, 0.232218, 0.22, 0.78, 0.23408
0.85, 0.24176, 0.22, 0.78, 0.236312
0.85, 0.233399, 0.22, 0.78, 0.233993
0.85, 0.228099, 0.22, 0.78, 0.225756
0.85, 0.239997, 0.22, 0.78, 0.231587
0.85, 0.226792, 0.22, 0.78, 0.224662
0.85, 0.233949, 0.22, 0.78, 0.234167
0.85, 0.238082, 0.22, 0.78, 0.23432
0.85, 0.228544, 0.22, 0.78, 0.234303
0.85, 0.227525, 0.22, 0.78, 0.229552
0.85, 0.227778, 0.22, 0.78, 0.229315
0.85, 0.232037, 0.22, 0.78, 0.233006
0.85, 0.236176, 0.22, 0.78, 0.233229
0.85, 0.231919, 0.22, 0.78, 0.233369
0.85, 0.227337, 0.22, 0.78, 0.229951
0.85, 0.230616, 0.22, 0.78, 0.233436
0.85, 0.222502, 0.22, 0.78, 0.226213
0.85, 0.23769, 0.22, 0.78, 0.234477
0.85, 0.243958, 0.23, 0.77, 0.244946
0.85, 0.245686, 0.23, 0.77, 0.24379
0.85, 0.24354, 0.23, 0.77, 0.242892
0.85, 0.247097, 0.23, 0.77, 0.246105
0.85, 0.241711, 0.23, 0.77, 0.245652
0.85, 0.240747, 0.23, 0.77, 0.241308
0.85, 0.240334, 0.23, 0.77, 0.24272
0.85, 0.247018, 0.23, 0.77, 0.245248
0.85, 0.239431, 0.23, 0.77, 0.239863
0.85, 0.242001, 0.23, 0.77, 0.24205
0.85, 0.24816, 0.23, 0.77, 0.24154
0.85, 0.242679, 0.23, 0.77, 0.24159
0.85, 0.245914, 0.23, 0.77, 0.242235
0.85, 0.239983, 0.23, 0.77, 0.24364
0.85, 0.244541, 0.23, 0.77, 0.244142
0.85, 0.243828, 0.23, 0.77, 0.241658
0.85, 0.241363, 0.23, 0.77, 0.239397
0.85, 0.243776, 0.23, 0.77, 0.248537
0.85, 0.251507, 0.23, 0.77, 0.247395
0.85, 0.241009, 0.23, 0.77, 0.243597
0.85, 0.238696, 0.23, 0.77, 0.24336
0.85, 0.242035, 0.23, 0.77, 0.243556
0.85, 0.247809, 0.23, 0.77, 0.248908
0.85, 0.243674, 0.23, 0.77, 0.245176
0.85, 0.243721, 0.23, 0.77, 0.241272
0.85, 0.254938, 0.24, 0.76, 0.257104
0.85, 0.258967, 0.24, 0.76, 0.25408
0.85, 0.248881, 0.24, 0.76, 0.250806
0.85, 0.262719, 0.24, 0.76, 0.262138
0.85, 0.251971, 0.24, 0.76, 0.252379
0.85, 0.258309, 0.24, 0.76, 0.256586
0.85, 0.260837, 0.24, 0.76, 0.255679
0.85, 0.255858, 0.24, 0.76, 0.250779
0.85, 0.250366, 0.24, 0.76, 0.252048
0.85, 0.248958, 0.24, 0.76, 0.251992
0.85, 0.258166, 0.24, 0.76, 0.259012
0.85, 0.251654, 0.24, 0.76, 0.253215
0.85, 0.260793, 0.24, 0.76, 0.257516
0.85, 0.249073, 0.24, 0.76, 0.24688
0.85, 0.25822, 0.24, 0.76, 0.25919
0.85, 0.256727, 0.24, 0.76, 0.258803
0.85, 0.246577, 0.24, 0.76, 0.254543
0.85, 0.255905, 0.24, 0.76, 0.259037
0.85, 0.250784, 0.24, 0.76, 0.250124
0.85, 0.254893, 0.24, 0.76, 0.255594
0.85, 0.260485, 0.24, 0.76, 0.258321
0.85, 0.255657, 0.24, 0.76, 0.255841
0.85, 0.247922, 0.24, 0.76, 0.248484
0.85, 0.259211, 0.24, 0.76, 0.255326
0.85, 0.257537, 0.24, 0.76, 0.257143
0.85, 0.264773, 0.25, 0.75, 0.265054
0.85, 0.266643, 0.25, 0.75, 0.263942
0.85, 0.270694, 0.25, 0.75, 0.270806
0.85, 0.268798, 0.25, 0.75, 0.268346
0.85, 0.270374, 0.25, 0.75, 0.26697
0.85, 0.270063, 0.25, 0.75, 0.26803
0.85, 0.272081, 0.25, 0.75, 0.272327
0.85, 0.273582, 0.25, 0.75, 0.270128
0.85, 0.274962, 0.25, 0.75, 0.269889
0.85, 0.263946, 0.25, 0.75, 0.268579
0.85, 0.269296, 0.25, 0.75, 0.272045
0.85, 0.265403, 0.25, 0.75, 0.264693
0.85, 0.269535, 0.25, 0.75, 0.272578
0.85, 0.270985, 0.25, 0.75, 0.265836
0.85, 0.268446, 0.25, 0.75, 0.266826
0.85, 0.265906, 0.25, 0.75, 0.26994
0.85, 0.259649, 0.25, 0.75, 0.26152
0.85, 0.262301, 0.25, 0.75, 0.258348
0.85, 0.270705, 0.25, 0.75, 0.271355
0.85, 0.269509, 0.25, 0.75, 0.265604
0.85, 0.271111, 0.25, 0.75, 0.272476
0.85, 0.266449, 0.25, 0.75, 0.267574
0.85, 0.259378, 0.25, 0.75, 0.263596
0.85, 0.266102, 0.25, 0.75, 0.269241
0.85, 0.265127, 0.25, 0.75, 0.269191
0.85, 0.282268, 0.26, 0.74, 0.280425
0.85, 0.27936, 0.26, 0.74, 0.281934
0.85, 0.28568, 0.26, 0.74, 0.280356
0.85, 0.282823, 0.26, 0.74, 0.276837
0.85, 0.282004, 0.26, 0.74, 0.281578
0.85, 0.28688, 0.26, 0.74, 0.2831
0.85, 0.275447, 0.26, 0.74, 0.281045
0.85, 0.284004, 0.26, 0.74, 0.279027
0.85, 0.284241, 0.26, 0.74, 0.280049
0.85, 0.274584, 0.26, 0.74, 0.277978
0.85, 0.275797, 0.26, 0.74, 0.278465
0.85, 0.276826, 0.26, 0.74, 0.277454
0.85, 0.276577, 0.26, 0.74, 0.27659
0.85, 0.27539, 0.26, 0.74, 0.274654
0.85, 0.279187, 0.26, 0.74, 0.278915
0.85, 0.276357, 0.26, 0.74, 0.27712
0.85, 0.27891, 0.26, 0.74, 0.277087
0.85, 0.280678, 0.26, 0.74, 0.278096
0.85, 0.282039, 0.26, 0.74, 0.286746
0.85, 0.27958, 0.26, 0.74, 0.280516
0.85, 0.281228, 0.26, 0.74, 0.282766
0.85, 0.283412, 0.26, 0.74, 0.279518
0.85, 0.281903, 0.26, 0.74, 0.2759
0.85, 0.268368, 0.26, 0.74, 0.269489
0.85, 0.289825, 0.26, 0.74, 0.289949
0.85, 0.294761, 0.27, 0.73, 0.291655
0.85, 0.283555, 0.27, 0.73, 0.28396
0.85, 0.286515, 0.27, 0.73, 0.288844
0.85, 0.287674, 0.27, 0.73, 0.28958
0.85, 0.299927, 0.27, 0.73, 0.297558
0.85, 0.285567, 0.27, 0.73, 0.287883
0.85, 0.287382, 0.27, 0.73, 0.28786
0.85, 0.286267, 0.27, 0.73, 0.288373
0.85, 0.296704, 0.27, 0.73, 0.294522
0.85, 0.282088, 0.27, 0.73, 0.284338
0.85, 0.299545, 0.27, 0.73, 0.301594
0.85, 0.289517, 0.27, 0.73, 0.286648
0.85, 0.287431, 0.27, 0.73, 0.287494
0.85, 0.283339, 0.27, 0.73, 0.288633
0.85, 0.287241, 0.27, 0.73, 0.289089
0.85, 0.301706, 0.27, 0.73, 0.295652
0.85, 0.292404, 0.27, 0.73, 0.295726
0.85, 0.297735, 0.27, 0.73, 0.294059
0.85, 0.287897, 0.27, 0.73, 0.288495
0.85, 0.288517, 0.27, 0.73, 0.290682
0.85, 0.297834, 0.27, 0.73, 0.296905
0.85, 0.288293, 0.27, 0.73, 0.286948
0.85, 0.291176, 0.27, 0.73, 0.295934
0.85, 0.291563, 0.27, 0.73, 0.289026
0.85, 0.285553, 0.27, 0.73, 0.285299
0.85, 0.310123, 0.28, 0.72, 0.305331
0.85, 0.298608, 0.28, 0.72, 0.297952
0.85, 0.302902, 0.28, 0.72, 0.302472
0.85, 0.294453, 0.28, 0.72, 0.29645
0.85, 0.30806, 0.28, 0.72, 0.30262
0.85, 0.306234, 0.28, 0.72, 0.306121
0.85, 0.304564, 0.28, 0.72, 0.301833
0.85, 0.304257, 0.28, 0.72, 0.304202
0.85, 0.305608, 0.28, 0.72, 0.305392
0.85, 0.294197, 0.28, 0.72, 0.297148
0.85, 0.306432, 0.28, 0.72, 0.307802
0.85, 0.304427, 0.28, 0.72, 0.306391
0.85, 0.303204, 0.28, 0.72, 0.302106
0.85, 0.308471, 0.28, 0.72, 0.305239
0.85, 0.295945, 0.28, 0.72, 0.300692
0.85, 0.305961, 0.28, 0.72, 0.30943
0.85, 0.303309, 0.28, 0.72, 0.301555
0.85, 0.31018, 0.28, 0.72, 0.30662
0.85, 0.292157, 0.28, 0.72, 0.295654
0.85, 0.298774, 0.28, 0.72, 0.300173
0.85, 0.303091, 0.28, 0.72, 0.306325
0.85, 0.305772, 0.28, 0.72, 0.302392
0.85, 0.30579, 0.28, 0.72, 0.304733
0.85, 0.295941, 0.28, 0.72, 0.298634
0.85, 0.303629, 0.28, 0.72, 0.30239
0.85, 0.323951, 0.29, 0.71, 0.316498
0.85, 0.325732, 0.29, 0.71, 0.319942
0.85, 0.31556, 0.29, 0.71, 0.310261
0.85, 0.312938, 0.29, 0.71, 0.316765
0.85, 0.315953, 0.29, 0.71, 0.318632
0.85, 0.316543, 0.29, 0.71, 0.312922
0.85, 0.32699, 0.29, 0.71, 0.326748
0.85, 0.313755, 0.29, 0.71, 0.311248
0.85, 0.317104, 0.29, 0.71, 0.315737
0.85, 0.321752, 0.29, 0.71, 0.320514
0.85, 0.318834, 0.29, 0.71, 0.319024
0.85, 0.316112, 0.29, 0.71, 0.316231
0.85, 0.325308, 0.29, 0.71, 0.320219
0.85, 0.29742, 0.29, 0.71, 0.304603
0.85, 0.326417, 0.29, 0.71, 0.324724
0.85, 0.317322, 0.29, 0.71, 0.314415
0.85, 0.324015, 0.29, 0.71, 0.314752
0.85, 0.317901, 0.29, 0.71, 0.31223
0.85, 0.323088, 0.29, 0.71, 0.317807
0.85, 0.312482, 0.29, 0.71, 0.315886
0.85, 0.305196, 0.29, 0.71, 0.309833
0.85, 0.317982, 0.29, 0.71, 0.314917
0.85, 0.310588, 0.29, 0.71, 0.311355
0.85, 0.320563, 0.29, 0.71, 0.315276
0.85, 0.315499, 0.29, 0.71, 0.311274
0.85, 0.32205, 0.3, 0.7, 0.322785
0.85, 0.332854, 0.3, 0.7, 0.332644
0.85, 0.328256, 0.3, 0.7, 0.322525
0.85, 0.33427, 0.3, 0.7, 0.33126
0.85, 0.314939, 0.3, 0.7, 0.315597
0.85, 0.327663, 0.3, 0.7, 0.330975
0.85, 0.342236, 0.3, 0.7, 0.334785
0.85, 0.33233, 0.3, 0.7, 0.325432
0.85, 0.330961, 0.3, 0.7, 0.329276
0.85, 0.341285, 0.3, 0.7, 0.332068
0.85, 0.326005, 0.3, 0.7, 0.327102
0.85, 0.327888, 0.3, 0.7, 0.326525
0.85, 0.327147, 0.3, 0.7, 0.323343
0.85, 0.332205, 0.3, 0.7, 0.327927
0.85, 0.328479, 0.3, 0.7, 0.324898
0.85, 0.345064, 0.3, 0.7, 0.335398
0.85, 0.334911, 0.3, 0.7, 0.331296
0.85, 0.32284, 0.3, 0.7, 0.328335
0.85, 0.33617, 0.3, 0.7, 0.329546
0.85, 0.329153, 0.3, 0.7, 0.327268
0.85, 0.321749, 0.3, 0.7, 0.31836
0.85, 0.330596, 0.3, 0.7, 0.328647
0.85, 0.330873, 0.3, 0.7, 0.326967
0.85, 0.333871, 0.3, 0.7, 0.327169
0.85, 0.337766, 0.3, 0.7, 0.331699
0.9, 0.154506, 0.15, 0.85, 0.15753
0.9, 0.15212, 0.15, 0.85, 0.151902
0.9, 0.153193, 0.15, 0.85, 0.154126
0.9, 0.154011, 0.15, 0.85, 0.156855
0.9, 0.148496, 0.15, 0.85, 0.154204
0.9, 0.150031, 0.15, 0.85, 0.152292
0.9, 0.161549, 0.15, 0.85, 0.158844
0.9, 0.154249, 0.15, 0.85, 0.155529
0.9, 0.159388, 0.15, 0.85, 0.160261
0.9, 0.153355, 0.15, 0.85, 0.152459
0.9, 0.150721, 0.15, 0.85, 0.151537
0.9, 0.154689, 0.15, 0.85, 0.152291
0.9, 0.154183, 0.15, 0.85, 0.156253
0.9, 0.149181, 0.15, 0.85, 0.152848
0.9, 0.14953, 0.15, 0.85, 0.152812
0.9, 0.156995, 0.15, 0.85, 0.156188
0.9, 0.158334, 0.15, 0.85, 0.157569
0.9, 0.155451, 0.15, 0.85, 0.15646
0.9, 0.151811, 0.15, 0.85, 0.149421
0.9, 0.154564, 0.15, 0.85, 0.156532
0.9, 0.163987, 0.15, 0.85, 0.161604
0.9, 0.15076, 0.15, 0.85, 0.155934
0.9, 0.153487, 0.15, 0.85, 0.152604
0.9, 0.150497, 0.15, 0.85, 0.152964
0.9, 0.157843, 0.15, 0.85, 0.154272
0.9, 0.160649, 0.16, 0.84, 0.165129
0.9, 0.165306, 0.16, 0.84, 0.169341
0.9, 0.163827, 0.16, 0.84, 0.166693
0.9, 0.16384, 0.16, 0.84, 0.166613
0.9, 0.164533, 0.16, 0.84, 0.166384
0.9, 0.174196, 0.16, 0.84, 0.170447
0.9, 0.167835, 0.16, 0.84, 0.17186
0.9, 0.164059, 0.16, 0.84, 0.162531
0.9, 0.163818, 0.16, 0.84, 0.167043
0.9, 0.164081, 0.16, 0.84, 0.163762
0.9, 0.163571, 0.16, 0.84, 0.165604
0.9, 0.162245, 0.16, 0.84, 0.164471
0.9, 0.162388, 0.16, 0.84, 0.165326
0.9, 0.164191, 0.16, 0.84, 0.165546
0.9, 0.165871, 0.16, 0.84, 0.16477
0.9, 0.163882, 0.16, 0.84, 0.161989
0.9, 0.163967, 0.16, 0.84, 0.163004
0.9, 0.163102, 0.16, 0.84, 0.17033
0.9, 0.166697, 0.16, 0.84, 0.165429
0.9, 0.170576, 0.16, 0.84, 0.167002
0.9, 0.161567, 0.16, 0.84, 0.160313
0.9, 0.165515, 0.16, 0.84, 0.167862
0.9, 0.169601, 0.16, 0.84, 0.166658
0.9, 0.166489, 0.16, 0.84, 0.165494
0.9, 0.169168, 0.16, 0.84, 0.168106
0.9, 0.171342, 0.17, 0.83, 0.174908
0.9, 0.175411, 0.17, 0.83, 0.177009
0.9, 0.172839, 0.17, 0.83, 0.175782
0.9, 0.182333, 0.17, 0.83, 0.17642
0.9, 0.1779, 0.17, 0.83, 0.175348
0.9, 0.176535, 0.17, 0.83, 0.180188
0.9, 0.175966, 0.17, 0.83, 0.17885
0.9, 0.173852, 0.17, 0.83, 0.172302
0.9, 0.177202, 0.17, 0.83, 0.175521
0.9, 0.179018, 0.17, 0.83, 0.179905
0.9, 0.177715, 0.17, 0.83, 0.176716
0.9, 0.174004, 0.17, 0.83, 0.173735
0.9, 0.17807, 0.17, 0.83, 0.175656
0.9, 0.183463, 0.17, 0.83, 0.181167
0.9, 0.177196, 0.17, 0.83, 0.181035
0.9, 0.180121, 0.17, 0.83, 0.17759
0.9, 0.181391, 0.17, 0.83, 0.182337
0.9, 0.173778, 0.17, 0.83, 0.174507
0.9, 0.180926, 0.17, 0.83, 0.17945
0.9, 0.179785, 0.17, 0.83, 0.177593
0.9, 0.174934, 0.17, 0.83, 0.174376
0.9, 0.177199, 0.17, 0.83, 0.179453
0.9, 0.177409, 0.17, 0.83, 0.174122
0.9, 0.176999, 0.17, 0.83, 0.178955
0.9, 0.175416, 0.17, 0.83, 0.176115
0.9, 0.194265, 0.18, 0.82, 0.193393
0.9, 0.185258, 0.18, 0.82, 0.188123
0.9, 0.187566, 0.18, 0.82, 0.187437
0.9, 0.194355, 0.18, 0.82, 0.189941
0.9, 0.186382, 0.18, 0.82, 0.189707
0.9, 0.189193, 0.18, 0.82, 0.187993
0.9, 0.183019, 0.18, 0.82, 0.183334
0.9, 0.191651, 0.18, 0.82, 0.188616
0.9, 0.186681, 0.18, 0.82, 0.186202
0.9, 0.191335, 0.18, 0.82, 0.189466
0.9, 0.182835, 0.18, 0.82, 0.185045
0.9, 0.186953, 0.18, 0.82, 0.189466
0.9, 0.19425, 0.18, 0.82, 0.192089
0.9, 0.193777, 0.18, 0.82, 0.190854
0.9, 0.189731, 0.18, 0.82, 0.188839
0.9, 0.190519, 0.18, 0.82, 0.19189
0.9, 0.190098, 0.18, 0.82, 0.189046
0.9, 0.190045, 0.18, 0.82, 0.191931
0.9, 0.18222, 0.18, 0.82, 0.185195
0.9, 0.179765, 0.18, 0.82, 0.184045
0.9, 0.18692, 0.18, 0.82, 0.188906
0.9, 0.188868, 0.18, 0.82, 0.186514
0.9, 0.189849, 0.18, 0.82, 0.190191
0.9, 0.189366, 0.18, 0.82, 0.188125
0.9, 0.183553, 0.18, 0.82, 0.183639
0.9, 0.203444, 0.19, 0.81, 0.201556
0.9, 0.196183, 0.19, 0.81, 0.200583
0.9, 0.198048, 0.19, 0.81, 0.201019
0.9, 0.203671, 0.19, 0.81, 0.201159
0.9, 0.206737, 0.19, 0.81, 0.200643
0.9, 0.206981, 0.19, 0.81, 0.205715
0.9, 0.196563, 0.19, 0.81, 0.202148
0.9, 0.195338, 0.19, 0.81, 0.196985
0.9, 0.193249, 0.19, 0.81, 0.198058
0.9, 0.198828, 0.19, 0.81, 0.201006
0.9, 0.197048, 0.19, 0.81, 0.197644
0.9, 0.209925, 0.19, 0.81, 0.205742
0.9, 0.203769, 0.19, 0.81, 0.199808
0.9, 0.202268, 0.19, 0.81, 0.199523
0.9, 0.197694, 0.19, 0.81, 0.200064
0.9, 0.202397, 0.19, 0.81, 0.200503
0.9, 0.198399, 0.19, 0.81, 0.201043
0.9, 0.194645, 0.19, 0.81, 0.198134
0.9, 0.204065, 0.19, 0.81, 0.200064
0.9, 0.194923, 0.19, 0.81, 0.196908
0.9, 0.190606, 0.19, 0.81, 0.19643
0.9, 0.199187, 0.19, 0.81, 0.198813
0.9, 0.204027, 0.19, 0.81, 0.205775
0.9, 0.202662, 0.19, 0.81, 0.198747
0.9, 0.208917, 0.19, 0.81, 0.203853
0.9, 0.212438, 0.2, 0.8, 0.209758
0.9, 0.212811, 0.2, 0.8, 0.21005
0.9, 0.210159, 0.2, 0.8, 0.211047
0.9, 0.215144, 0.2, 0.8, 0.215944
0.9, 0.199661, 0.2, 0.8, 0.208496
0.9, 0.21382, 0.2, 0.8, 0.213143
0.9, 0.217196, 0.2, 0.8, 0.21243
0.9, 0.204811, 0.2, 0.8, 0.210193
0.9, 0.214465, 0.2, 0.8, 0.209406
0.9, 0.206523, 0.2, 0.8, 0.20957
0.9, 0.209163, 0.2, 0.8, 0.20958
0.9, 0.22444, 0.2, 0.8, 0.223691
0.9, 0.209226, 0.2, 0.8, 0.208585
0.9, 0.204783, 0.2, 0.8, 0.208526
0.9, 0.215098, 0.2, 0.8, 0.208154
0.9, 0.212181, 0.2, 0.8, 0.209276
0.9, 0.213963, 0.2, 0.8, 0.209852
0.9, 0.205298, 0.2, 0.8, 0.203564
0.9, 0.210068, 0.2, 0.8, 0.21148
0.9, 0.214084, 0.2, 0.8, 0.211129
0.9, 0.204632, 0.2, 0.8, 0.207637
0.9, 0.213835, 0.2, 0.8, 0.212352
0.9, 0.204063, 0.2, 0.8, 0.206358
0.9, 0.210306, 0.2, 0.8, 0.210235
0.9, 0.207594, 0.2, 0.8, 0.209168
0.9, 0.221941, 0.21, 0.79, 0.223277
0.9, 0.228701, 0.21, 0.79, 0.224993
0.9, 0.22741, 0.21, 0.79, 0.227178
0.9, 0.225284, 0.21, 0.79, 0.226073
0.9, 0.220623, 0.21, 0.79, 0.222325
0.9, 0.224028, 0.21, 0.79, 0.2223
0.9, 0.216643, 0.21, 0.79, 0.218772
0.9, 0.229076, 0.21, 0.79, 0.231188
0.9, 0.234271, 0.21, 0.79, 0.228696
0.9, 0.224689, 0.21, 0.79, 0.225303
0.9, 0.22395, 0.21, 0.79, 0.224409
0.9, 0.226053, 0.21, 0.79, 0.22486
0.9, 0.224436, 0.21, 0.79, 0.221765
0.9, 0.232939, 0.21, 0.79, 0.223584
0.9, 0.225285, 0.21, 0.79, 0.222553
0.9, 0.211654, 0.21, 0.79, 0.216358
0.9, 0.220289, 0.21, 0.79, 0.223504
0.9, 0.216812, 0.21, 0.79, 0.217254
0.9, 0.230024, 0.21, 0.79, 0.223051
0.9, 0.220559, 0.21, 0.79, 0.221128
0.9, 0.22742, 0.21, 0.79, 0.224158
0.9, 0.228638, 0.21, 0.79, 0.226836
0.9, 0.227097, 0.21, 0.79, 0.227091
0.9, 0.2295, 0.21, 0.79, 0.228322
0.9, 0.222412, 0.21, 0.79, 0.222216
0.9, 0.231799, 0.22, 0.78, 0.231916
0.9, 0.233448, 0.22, 0.78, 0.233015
0.9, 0.23217, 0.22, 0.78, 0.232379
0.9, 0.239346, 0.22, 0.78, 0.235181
0.9, 0.236193, 0.22, 0.78, 0.236022
0.9, 0.230426, 0.22, 0.78, 0.233571
0.9, 0.239975, 0.22, 0.78, 0.237503
0.9, 0.241996, 0.22, 0.78, 0.24093
0.9, 0.230242, 0.22, 0.78, 0.230636
0.9, 0.232381, 0.22, 0.78, 0.233892
0.9, 0.240164, 0.22, 0.78, 0.240332
0.9, 0.230261, 0.22, 0.78, 0.233676
0.9, 0.234957, 0.22, 0.78, 0.232277
0.9, 0.234454, 0.22, 0.78, 0.232401
0.9, 0.230321, 0.22, 0.78, 0.23722
0.9, 0.231357, 0.22, 0.78, 0.230362
0.9, 0.229191, 0.22, 0.78, 0.229975
0.9, 0.238599, 0.22, 0.78, 0.234316
0.9, 0.236952, 0.22, 0.78, 0.235874
0.9, 0.229417, 0.22, 0.78, 0.233149
0.9, 0.246529, 0.22, 0.78, 0.242852
0.9, 0.241519, 0.22, 0.78, 0.235175
0.9, 0.227537, 0.22, 0.78, 0.231974
0.9, 0.238903, 0.22, 0.78, 0.230501
0.9, 0.24444, 0.22, 0.78, 0.241249
0.9, 0.249917, 0.23, 0.77, 0.245236
0.9, 0.251698, 0.23, 0.77, 0.251592
0.9, 0.247168, 0.23, 0.77, 0.248698
0.9, 0.249917, 0.23, 0.77, 0.251219
0.9, 0.240511, 0.23, 0.77, 0.244135
0.9, 0.24647, 0.23, 0.77, 0.247954
0.9, 0.243686, 0.23, 0.77, 0.238716
0.9, 0.241876, 0.23, 0.77, 0.242554
0.9, 0.257797, 0.23, 0.77, 0.251167
0.9, 0.239112, 0.23, 0.77, 0.241686
0.9, 0.246168, 0.23, 0.77, 0.245213
0.9, 0.240218, 0.23, 0.77, 0.242344
0.9, 0.249622, 0.23, 0.77, 0.248525
0.9, 0.252104, 0.23, 0.77, 0.2539
0.9, 0.251435, 0.23, 0.77, 0.24749
0.9, 0.238893, 0.23, 0.77, 0.241993
0.9, 0.248573, 0.23, 0.77, 0.248972
0.9, 0.256583, 0.23, 0.77, 0.248039
0.9, 0.24196, 0.23, 0.77, 0.244697
0.9, 0.25235, 0.23, 0.77, 0.250068
0.9, 0.248925, 0.23, 0.77, 0.24776
0.9, 0.248359, 0.23, 0.77, 0.245918
0.9, 0.24939, 0.23, 0.77, 0.251174
0.9, 0.242416, 0.23, 0.77, 0.251124
0.9, 0.252798, 0.23, 0.77, 0.248429
0.9, 0.260293, 0.24, 0.76, 0.262944
0.9, 0.252201, 0.24, 0.76, 0.254279
0.9, 0.262112, 0.24, 0.76, 0.254127
0.9, 0.248691, 0.24, 0.76, 0.256278
0.9, 0.253612, 0.24, 0.76, 0.254381
0.9, 0.261989, 0.24, 0.76, 0.26144
0.9, 0.260499, 0.24, 0.76, 0.258143
0.9, 0.260429, 0.24, 0.76, 0.258468
0.9, 0.261544, 0.24, 0.76, 0.259146
0.9, 0.252637, 0.24, 0.76, 0.253349
0.9, 0.260315, 0.24, 0.76, 0.258988
0.9, 0.26208, 0.24, 0.76, 0.260946
0.9, 0.256061, 0.24, 0.76, 0.258675
0.9, 0.261111, 0.24, 0.76, 0.258912
0.9, 0.263299, 0.24, 0.76, 0.263218
0.9, 0.259217, 0.24, 0.76, 0.260386
0.9, 0.265356, 0.24, 0.76, 0.262436
0.9, 0.26176, 0.24, 0.76, 0.256459
0.9, 0.248075, 0.24, 0.76, 0.250498
0.9, 0.250619, 0.24, 0.76, 0.256999
0.9, 0.256041, 0.24, 0.76, 0.257566
0.9, 0.252267, 0.24, 0.76, 0.256069
0.9, 0.252367, 0.24, 0.76, 0.25729
0.9, 0.252475, 0.24, 0.76, 0.253838
0.9, 0.248801, 0.24, 0.76, 0.251055
0.9, 0.2715, 0.25, 0.75, 0.269649
0.9, 0.271028, 0.25, 0.75, 0.273301
0.9, 0.268334, 0.25, 0.75, 0.266619
0.9, 0.274499, 0.25, 0.75, 0.269237
0.9, 0.270538, 0.25, 0.75, 0.271782
0.9, 0.262121, 0.25, 0.75, 0.26403
0.9, 0.258397, 0.25, 0.75, 0.260953
0.9, 0.277757, 0.25, 0.75, 0.270548
0.9, 0.272029, 0.25, 0.75, 0.271978
0.9, 0.262705, 0.25, 0.75, 0.26452
0.9, 0.269448, 0.25, 0.75, 0.267698
0.9, 0.26419, 0.25, 0.75, 0.263372
0.9, 0.266225, 0.25, 0.75, 0.266
0.9, 0.275958, 0.25, 0.75, 0.271799
0.9, 0.279482, 0.25, 0.75, 0.276082
0.9, 0.277926, 0.25, 0.75, 0.277048
0.9, 0.267278, 0.25, 0.75, 0.268334
0.9, 0.274807, 0.25, 0.75, 0.275717
0.9, 0.275839, 0.25, 0.75, 0.269344
0.9, 0.263942, 0.25, 0.75, 0.268202
0.9, 0.260752, 0.25, 0.75, 0.26506
0.9, 0.274247, 0.25, 0.75, 0.270708
0.9, 0.280271, 0.25, 0.75, 0.277753
0.9, 0.271919, 0.25, 0.75, 0.267949
0.9, 0.274476, 0.25, 0.75, 0.273881
0.9, 0.283016, 0.26, 0.74, 0.279956
0.9, 0.276999, 0.26, 0.74, 0.27879
0.9, 0.278756, 0.26, 0.74, 0.270303
0.9, 0.277596, 0.26, 0.74, 0.279407
0.9, 0.278669, 0.26, 0.74, 0.27853
0.9, 0.274608, 0.26, 0.74, 0.278744
0.9, 0.291221, 0.26, 0.74, 0.285635
0.9, 0.282882, 0.26, 0.74, 0.281749
0.9, 0.283796, 0.26, 0.74, 0.284264
0.9, 0.276817, 0.26, 0.74, 0.275556
0.9, 0.280986, 0.26, 0.74, 0.285786
0.9, 0.279643, 0.26, 0.74, 0.280334
0.9, 0.283944, 0.26, 0.74, 0.284299
0.9, 0.287185, 0.26, 0.74, 0.284932
0.9, 0.267251, 0.26, 0.74, 0.272548
0.9, 0.279552, 0.26, 0.74, 0.278197
0.9, 0.2852, 0.26, 0.74, 0.281362
0.9, 0.281142, 0.26, 0.74, 0.281055
0.9, 0.281506, 0.26, 0.74, 0.282735
0.9, 0.287135, 0.26, 0.74, 0.285196
0.9, 0.285406, 0.26, 0.74, 0.28233
0.9, 0.281553, 0.26, 0.74, 0.283188
0.9, 0.277785, 0.26, 0.74, 0.276671
0.9, 0.28037, 0.26, 0.74, 0.277091
0.9, 0.283205, 0.26, 0.74, 0.277946
0.9, 0.300257, 0.27, 0.73, 0.292386
0.9, 0.29921, 0.27, 0.73, 0.29726
0.9, 0.292564, 0.27, 0.73, 0.29123
0.9, 0.294654, 0.27, 0.73, 0.293894
0.9, 0.300684, 0.27, 0.73, 0.291928
0.9, 0.297862, 0.27, 0.73, 0.297299
0.9, 0.299079, 0.27, 0.73, 0.299596
0.9, 0.290288, 0.27, 0.73, 0.294128
0.9, 0.294257, 0.27, 0.73, 0.296271
0.9, 0.290723, 0.27, 0.73, 0.289208
0.9, 0.301436, 0.27, 0.73, 0.300368
0.9, 0.29303, 0.27, 0.73, 0.289448
0.9, 0.29298, 0.27, 0.73, 0.293782
0.9, 0.27959, 0.27, 0.73, 0.29031
0.9, 0.290769, 0.27, 0.73, 0.292497
0.9, 0.300168, 0.27, 0.73, 0.299326
0.9, 0.294182, 0.27, 0.73, 0.288951
0.9, 0.288376, 0.27, 0.73, 0.287522
0.9, 0.294805, 0.27, 0.73, 0.2955
0.9, 0.302746, 0.27, 0.73, 0.300298
0.9, 0.294514, 0.27, 0.73, 0.295316
0.9, 0.291272, 0.27, 0.73, 0.292126
0.9, 0.287279, 0.27, 0.73, 0.288875
0.9, 0.294562, 0.27, 0.73, 0.292897
0.9, 0.289046, 0.27, 0.73, 0.292711
0.9, 0.30915, 0.28, 0.72, 0.310283
0.9, 0.306823, 0.28, 0.72, 0.305076
0.9, 0.308127, 0.28, 0.72, 0.308241
0.9, 0.303685, 0.28, 0.72, 0.306331
0.9, 0.31017, 0.28, 0.72, 0.305383
0.9, 0.301291, 0.28, 0.72, 0.301264
0.9, 0.311964, 0.28, 0.72, 0.309924
0.9, 0.306422, 0.28, 0.72, 0.306803
0.9, 0.312224, 0.28, 0.72, 0.307336
0.9, 0.303221, 0.28, 0.72, 0.30586
0.9, 0.30975, 0.28, 0.72, 0.308581
0.9, 0.319825, 0.28, 0.72, 0.316077
0.9, 0.316542, 0.28, 0.72, 0.313446
0.9, 0.302219, 0.28, 0.72, 0.303426
0.9, 0.315449, 0.28, 0.72, 0.308607
0.9, 0.296619, 0.28, 0.72, 0.298973
0.9, 0.308295, 0.28, 0.72, 0.307714
0.9, 0.316388, 0.28, 0.72, 0.312056
0.9, 0.296934, 0.28, 0.72, 0.302061
0.9, 0.305817, 0.28, 0.72, 0.305545
0.9, 0.311819, 0.28, 0.72, 0.307838
0.9, 0.299667, 0.28, 0.72, 0.302951
0.9, 0.318711, 0.28, 0.72, 0.308819
0.9, 0.31026, 0.28, 0.72, 0.304455
0.9, 0.309577, 0.28, 0.72, 0.307426
0.9, 0.310349, 0.29, 0.71, 0.308843
0.9, 0.314162, 0.29, 0.71, 0.316403
0.9, 0.31759, 0.29, 0.71, 0.313015
0.9, 0.31601, 0.29, 0.71, 0.312399
0.9, 0.320155, 0.29, 0.71, 0.317455
0.9, 0.320903, 0.29, 0.71, 0.317771
0.9, 0.314484, 0.29, 0.71, 0.313425
0.9, 0.331282, 0.29, 0.71, 0.329767
0.9, 0.32173, 0.29, 0.71, 0.318454
0.9, 0.325985, 0.29, 0.71, 0.322281
0.9, 0.322962, 0.29, 0.71, 0.323798
0.9, 0.32667, 0.29, 0.71, 0.325026
0.9, 0.324906, 0.29, 0.71, 0.321342
0.9, 0.324028, 0.29, 0.71, 0.324025
0.9, 0.328342, 0.29, 0.71, 0.322378
0.9, 0.319898, 0.29, 0.71, 0.32311
0.9, 0.317796, 0.29, 0.71, 0.313707
0.9, 0.314838, 0.29, 0.71, 0.316995
0.9, 0.322423, 0.29, 0.71, 0.32199
0.9, 0.31809, 0.29, 0.71, 0.316433
0.9, 0.321322, 0.29, 0.71, 0.323271
0.9, 0.317753, 0.29, 0.71, 0.314209
0.9, 0.319404, 0.29, 0.71, 0.315847
0.9, 0.324403, 0.29, 0.71, 0.321553
0.9, 0.308037, 0.29, 0.71, 0.309299
0.9, 0.349628, 0.3, 0.7, 0.34439
0.9, 0.327417, 0.3, 0.7, 0.331768
0.9, 0.328656, 0.3, 0.7, 0.332326
0.9, 0.329116, 0.3, 0.7, 0.327196
0.9, 0.333366, 0.3, 0.7, 0.330502
0.9, 0.336335, 0.3, 0.7, 0.332462
0.9, 0.329539, 0.3, 0.7, 0.330308
0.9, 0.318626, 0.3, 0.7, 0.320634
0.9, 0.334567, 0.3, 0.7, 0.333017
0.9, 0.332636, 0.3, 0.7, 0.329703
0.9, 0.326907, 0.3, 0.7, 0.326548
0.9, 0.338797, 0.3, 0.7, 0.335218
0.9, 0.335587, 0.3, 0.7, 0.332363
0.9, 0.321358, 0.3, 0.7, 0.326964
0.9, 0.332525, 0.3, 0.7, 0.333127
0.9, 0.335752, 0.3, 0.7, 0.332451
0.9, 0.321347, 0.3, 0.7, 0.327991
0.9, 0.335367, 0.3, 0.7, 0.332771
0.9, 0.317789, 0.3, 0.7, 0.322268
0.9, 0.334997, 0.3, 0.7, 0.331255
0.9, 0.338791, 0.3, 0.7, 0.335581
0.9, 0.328734, 0.3, 0.7, 0.327083
0.9, 0.337955, 0.3, 0.7, 0.336904
0.9, 0.33106, 0.3, 0.7, 0.329658
0.9, 0.332896, 0.3, 0.7, 0.331644
0.95, 0.151939, 0.15, 0.85, 0.153822
0.95, 0.157277, 0.15, 0.85, 0.156698
0.95, 0.160645, 0.15, 0.85, 0.157786
0.95, 0.159401, 0.15, 0.85, 0.156952
0.95, 0.15897, 0.15, 0.85, 0.157094
0.95, 0.150866, 0.15, 0.85, 0.151577
0.95, 0.154318, 0.15, 0.85, 0.158527
0.95, 0.155315, 0.15, 0.85, 0.157881
0.95, 0.154416, 0.15, 0.85, 0.158077
0.95, 0.162534, 0.15, 0.85, 0.162179
0.95, 0.156273, 0.15, 0.85, 0.155899
0.95, 0.155346, 0.15, 0.85, 0.156602
0.95, 0.160724, 0.15, 0.85, 0.162557
0.95, 0.155983, 0.15, 0.85, 0.157796
0.95, 0.151062, 0.15, 0.85, 0.157727
0.95, 0.154717, 0.15, 0.85, 0.156436
0.95, 0.152648, 0.15, 0.85, 0.150534
0.95, 0.149386, 0.15, 0.85, 0.156516
0.95, 0.152907, 0.15, 0.85, 0.157193
0.95, 0.154661, 0.15, 0.85, 0.155672
0.95, 0.158249, 0.15, 0.85, 0.155385
0.95, 0.15541, 0.15, 0.85, 0.154063
0.95, 0.153781, 0.15, 0.85, 0.156681
0.95, 0.160225, 0.15, 0.85, 0.15614
0.95, 0.163464, 0.15, 0.85, 0.159892
0.95, 0.168202, 0.16, 0.84, 0.167903
0.95, 0.168545, 0.16, 0.84, 0.166463
0.95, 0.167973, 0.16, 0.84, 0.168989
0.95, 0.172381, 0.16, 0.84, 0.171308
0.95, 0.163987, 0.16, 0.84, 0.166188
0.95, 0.167004, 0.16, 0.84, 0.169666
0.95, 0.172922, 0.16, 0.84, 0.169171
0.95, 0.176609, 0.16, 0.84, 0.175865
0.95, 0.169951, 0.16, 0.84, 0.17307
0.95, 0.171777, 0.16, 0.84, 0.169536
0.95, 0.17938, 0.16, 0.84, 0.175023
0.95, 0.167796, 0.16, 0.84, 0.166971
0.95, 0.162978, 0.16, 0.84, 0.16467
0.95, 0.17386, 0.16, 0.84, 0.17004
0.95, 0.167583, 0.16, 0.84, 0.168954
0.95, 0.170661, 0.16, 0.84, 0.172029
0.95, 0.162379, 0.16, 0.84, 0.167467
0.95, 0.167064, 0.16, 0.84, 0.164997
0.95, 0.16497, 0.16, 0.84, 0.167377
0.95, 0.167796, 0.16, 0.84, 0.170322
0.95, 0.173986, 0.16, 0.84, 0.174218
0.95, 0.168273, 0.16, 0.84, 0.168677
0.95, 0.165676, 0.16, 0.84, 0.168775
0.95, 0.171985, 0.16, 0.84, 0.171467
0.95, 0.174948, 0.16, 0.84, 0.172855
0.95, 0.180485, 0.17, 0.83, 0.181192
0.95, 0.176678, 0.17, 0.83, 0.177167
0.95, 0.174982, 0.17, 0.83, 0.177439
0.95, 0.175508, 0.17, 0.83, 0.177907
0.95, 0.175024, 0.17, 0.83, 0.17643
0.95, 0.17651, 0.17, 0.83, 0.175922
0.95, 0.175206, 0.17, 0.83, 0.178689
0.95, 0.180891, 0.17, 0.83, 0.177761
0.95, 0.179041, 0.17, 0.83, 0.180021
0.95, 0.18396, 0.17, 0.83, 0.18612
0.95, 0.183755, 0.17, 0.83, 0.182169
0.95, 0.176219, 0.17, 0.83, 0.175249
0.95, 0.171531, 0.17, 0.83, 0.176502
0.95, 0.173949, 0.17, 0.83, 0.177825
0.95, 0.180975, 0.17, 0.83, 0.179541
0.95, 0.177401, 0.17, 0.83, 0.179265
0.95, 0.176324, 0.17, 0.83, 0.175423
0.95, 0.176756, 0.17, 0.83, 0.181004
0.95, 0.179761, 0.17, 0.83, 0.180795
0.95, 0.177905, 0.17, 0.83, 0.178442
0.95, 0.1754, 0.17, 0.83, 0.178285
0.95, 0.184708, 0.17, 0.83, 0.183057
0.95, 0.182866, 0.17, 0.83, 0.182383
0.95, 0.177698, 0.17, 0.83, 0.178598
0.95, 0.178377, 0.17, 0.83, 0.177264
0.95, 0.188115, 0.18, 0.82, 0.188629
0.95, 0.193737, 0.18, 0.82, 0.191821
0.95, 0.191815, 0.18, 0.82, 0.194564
0.95, 0.195081, 0.18, 0.82, 0.191279
0.95, 0.190885, 0.18, 0.82, 0.191257
0.95, 0.1976, 0.18, 0.82, 0.196933
0.95, 0.191415, 0.18, 0.82, 0.192986
0.95, 0.186195, 0.18, 0.82, 0.195657
0.95, 0.186367, 0.18, 0.82, 0.191038
0.95, 0.190727, 0.18, 0.82, 0.194073
0.95, 0.197852, 0.18, 0.82, 0.196373
0.95, 0.193292, 0.18, 0.82, 0.189429
0.95, 0.193216, 0.18, 0.82, 0.192572
0.95, 0.187231, 0.18, 0.82, 0.189282
0.95, 0.190767, 0.18, 0.82, 0.190632
0.95, 0.187121, 0.18, 0.82, 0.191551
0.95, 0.191165, 0.18, 0.82, 0.187326
0.95, 0.197501, 0.18, 0.82, 0.195917
0.95, 0.188898, 0.18, 0.82, 0.186948
0.95, 0.195565, 0.18, 0.82, 0.194482
0.95, 0.191451, 0.18, 0.82, 0.191015
0.95, 0.192181, 0.18, 0.82, 0.185732
0.95, 0.187865, 0.18, 0.82, 0.188361
0.95, 0.187011, 0.18, 0.82, 0.185834
0.95, 0.198669, 0.18, 0.82, 0.196168
0.95, 0.205593, 0.19, 0.81, 0.204688
0.95, 0.197165, 0.19, 0.81, 0.199902
0.95, 0.196066, 0.19, 0.81, 0.19975
0.95, 0.211743, 0.19, 0.81, 0.206349
0.95, 0.198828, 0.19, 0.81, 0.202071
0.95, 0.200444, 0.19, 0.81, 0.201232
0.95, 0.197035, 0.19, 0.81, 0.203098
0.95, 0.206847, 0.19, 0.81, 0.207963
0.95, 0.203622, 0.19, 0.81, 0.203935
0.95, 0.202279, 0.19, 0.81, 0.20191
0.95, 0.202329, 0.19, 0.81, 0.199175
0.95, 0.197109, 0.19, 0.81, 0.201313
0.95, 0.203324, 0.19, 0.81, 0.204038
0.95, 0.199797, 0.19, 0.81, 0.202353
0.95, 0.206117, 0.19, 0.81, 0.200654
0.95, 0.200263, 0.19, 0.81, 0.203039
0.95, 0.201724, 0.19, 0.81, 0.202172
0.95, 0.204841, 0.19, 0.81, 0.202853
0.95, 0.202716, 0.19, 0.81, 0.207692
0.95, 0.199806, 0.19, 0.81, 0.201033
0.95, 0.206417, 0.19, 0.81, 0.201651
0.95, 0.200829, 0.19, 0.81, 0.20121
0.95, 0.205508, 0.19, 0.81, 0.20335
0.95, 0.200216, 0.19, 0.81, 0.204376
0.95, 0.20478, 0.19, 0.81, 0.203961
0.95, 0.216004, 0.2, 0.8, 0.214606
0.95, 0.209997, 0.2, 0.8, 0.212555
0.95, 0.222144, 0.2, 0.8, 0.213718
0.95, 0.207925, 0.2, 0.8, 0.209521
0.95, 0.20984, 0.2, 0.8, 0.212943
0.95, 0.215297, 0.2, 0.8, 0.219134
0.95, 0.218396, 0.2, 0.8, 0.215495
0.95, 0.210982, 0.2, 0.8, 0.210767
0.95, 0.214958, 0.2, 0.8, 0.21709
0.95, 0.209612, 0.2, 0.8, 0.207901
0.95, 0.208508, 0.2, 0.8, 0.209416
0.95, 0.213088, 0.2, 0.8, 0.212131
0.95, 0.20845, 0.2, 0.8, 0.209425
0.95, 0.213788, 0.2, 0.8, 0.215151
0.95, 0.20942, 0.2, 0.8, 0.210247
0.95, 0.217552, 0.2, 0.8, 0.215298
0.95, 0.212343, 0.2, 0.8, 0.211839
0.95, 0.214061, 0.2, 0.8, 0.214581
0.95, 0.210827, 0.2, 0.8, 0.211437
0.95, 0.213903, 0.2, 0.8, 0.215504
0.95, 0.211172, 0.2, 0.8, 0.215111
0.95, 0.212222, 0.2, 0.8, 0.208806
0.95, 0.215051, 0.2, 0.8, 0.216643
0.95, 0.215403, 0.2, 0.8, 0.216629
0.95, 0.208259, 0.2, 0.8, 0.212413
0.95, 0.226092, 0.21, 0.79, 0.223218
0.95, 0.222255, 0.21, 0.79, 0.223064
0.95, 0.225628, 0.21, 0.79, 0.226035
0.95, 0.229464, 0.21, 0.79, 0.228401
0.95, 0.223927, 0.21, 0.79, 0.224591
0.95, 0.22386, 0.21, 0.79, 0.224731
0.95, 0.230257, 0.21, 0.79, 0.227059
0.95, 0.230342, 0.21, 0.79, 0.227448
0.95, 0.230817, 0.21, 0.79, 0.227942
0.95, 0.230009, 0.21, 0.79, 0.228895
0.95, 0.235126, 0.21, 0.79, 0.230578
0.95, 0.229373, 0.21, 0.79, 0.226841
0.95, 0.230029, 0.21, 0.79, 0.224901
0.95, 0.223553, 0.21, 0.79, 0.224213
0.95, 0.222988, 0.21, 0.79, 0.223772
0.95, 0.225239, 0.21, 0.79, 0.225445
0.95, 0.217583, 0.21, 0.79, 0.219472
0.95, 0.225255, 0.21, 0.79, 0.222468
0.95, 0.23158, 0.21, 0.79, 0.22398
0.95, 0.223981, 0.21, 0.79, 0.22587
0.95, 0.227202, 0.21, 0.79, 0.226452
0.95, 0.232014, 0.21, 0.79, 0.228025
0.95, 0.230527, 0.21, 0.79, 0.225691
0.95, 0.224538, 0.21, 0.79, 0.225242
0.95, 0.2336, 0.21, 0.79, 0.228537
0.95, 0.233815, 0.22, 0.78, 0.237139
0.95, 0.239097, 0.22, 0.78, 0.239351
0.95, 0.23509, 0.22, 0.78, 0.237346
0.95, 0.226882, 0.22, 0.78, 0.233915
0.95, 0.24012, 0.22, 0.78, 0.233099
0.95, 0.23168, 0.22, 0.78, 0.237249
0.95, 0.228555, 0.22, 0.78, 0.231926
0.95, 0.239947, 0.22, 0.78, 0.237725
0.95, 0.239646, 0.22, 0.78, 0.239455
0.95, 0.240411, 0.22, 0.78, 0.242834
0.95, 0.241113, 0.22, 0.78, 0.241194
0.95, 0.231674, 0.22, 0.78, 0.229667
0.95, 0.237283, 0.22, 0.78, 0.237457
0.95, 0.232467, 0.22, 0.78, 0.23958
0.95, 0.243208, 0.22, 0.78, 0.241165
0.95, 0.240324, 0.22, 0.78, 0.239544
0.95, 0.236065, 0.22, 0.78, 0.235374
0.95, 0.238994, 0.22, 0.78, 0.238945
0.95, 0.244625, 0.22, 0.78, 0.242019
0.95, 0.233394, 0.22, 0.78, 0.236282
0.95, 0.230327, 0.22, 0.78, 0.236481
0.95, 0.239705, 0.22, 0.78, 0.238994
0.95, 0.235098, 0.22, 0.78, 0.234183
0.95, 0.239616, 0.22, 0.78, 0.238093
0.95, 0.234767, 0.22, 0.78, 0.237441
0.95, 0.249387, 0.23, 0.77, 0.247034
0.95, 0.252559, 0.23, 0.77, 0.252322
0.95, 0.250717, 0.23, 0.77, 0.248661
0.95, 0.249305, 0.23, 0.77, 0.244528
0.95, 0.239198, 0.23, 0.77, 0.241874
0.95, 0.250238, 0.23, 0.77, 0.248541
0.95, 0.243832, 0.23, 0.77, 0.246088
0.95, 0.249989, 0.23, 0.77, 0.250312
0.95, 0.243548, 0.23, 0.77, 0.246886
0.95, 0.246581, 0.23, 0.77, 0.251485
0.95, 0.243928, 0.23, 0.77, 0.24445
0.95, 0.250839, 0.23, 0.77, 0.252624
0.95, 0.237988, 0.23, 0.77, 0.241005
0.95, 0.252413, 0.23, 0.77, 0.249481
0.95, 0.252519, 0.23, 0.77, 0.247765
0.95, 0.251789, 0.23, 0.77, 0.249167
0.95, 0.258854, 0.23, 0.77, 0.253174
0.95, 0.244534, 0.23, 0.77, 0.243508
0.95, 0.245944, 0.23, 0.77, 0.244863
0.95, 0.241251, 0.23, 0.77, 0.245706
0.95, 0.251832, 0.23, 0.77, 0.248571
0.95, 0.252752, 0.23, 0.77, 0.250966
0.95, 0.24709, 0.23, 0.77, 0.247668
0.95, 0.245966, 0.23, 0.77, 0.247036
0.95, 0.250701, 0.23, 0.77, 0.248675
0.95, 0.260821, 0.24, 0.76, 0.263068
0.95, 0.258026, 0.24, 0.76, 0.259031
0.95, 0.260996, 0.24, 0.76, 0.264027
0.95, 0.264121, 0.24, 0.76, 0.263905
0.95, 0.262807, 0.24, 0.76, 0.267379
0.95, 0.250909, 0.24, 0.76, 0.252614
0.95, 0.258419, 0.24, 0.76, 0.258907
0.95, 0.256188, 0.24, 0.76, 0.258249
0.95, 0.264731, 0.24, 0.76, 0.261359
0.95, 0.265167, 0.24, 0.76, 0.265865
0.95, 0.264593, 0.24, 0.76, 0.262596
0.95, 0.262866, 0.24, 0.76, 0.263484
0.95, 0.261117, 0.24, 0.76, 0.260181
0.95, 0.261515, 0.24, 0.76, 0.253229
0.95, 0.266491, 0.24, 0.76, 0.262423
0.95, 0.262217, 0.24, 0.76, 0.26037
0.95, 0.262394, 0.24, 0.76, 0.258739
0.95, 0.261787, 0.24, 0.76, 0.26099
0.95, 0.264306, 0.24, 0.76, 0.258199
0.95, 0.261007, 0.24, 0.76, 0.26245
0.95, 0.26261, 0.24, 0.76, 0.258721
0.95, 0.259328, 0.24, 0.76, 0.261076
0.95, 0.261307, 0.24, 0.76, 0.259675
0.95, 0.254961, 0.24, 0.76, 0.258322
0.95, 0.256552, 0.24, 0.76, 0.258809
0.95, 0.268134, 0.25, 0.75, 0.270786
0.95, 0.271854, 0.25, 0.75, 0.268149
0.95, 0.278842, 0.25, 0.75, 0.275367
0.95, 0.275872, 0.25, 0.75, 0.274294
0.95, 0.27044, 0.25, 0.75, 0.274621
0.95, 0.277077, 0.25, 0.75, 0.27553
0.95, 0.272871, 0.25, 0.75, 0.268675
0.95, 0.280908, 0.25, 0.75, 0.276387
0.95, 0.283733, 0.25, 0.75, 0.276798
0.95, 0.266938, 0.25, 0.75, 0.271666
0.95, 0.272019, 0.25, 0.75, 0.271535
0.95, 0.267941, 0.25, 0.75, 0.269303
0.95, 0.276732, 0.25, 0.75, 0.276212
0.95, 0.269051, 0.25, 0.75, 0.272191
0.95, 0.279467, 0.25, 0.75, 0.27492
0.95, 0.282092, 0.25, 0.75, 0.279065
0.95, 0.269906, 0.25, 0.75, 0.26981
0.95, 0.267103, 0.25, 0.75, 0.268449
0.95, 0.277833, 0.25, 0.75, 0.275145
0.95, 0.276016, 0.25, 0.75, 0.272682
0.95, 0.273451, 0.25, 0.75, 0.273165
0.95, 0.270955, 0.25, 0.75, 0.272852
0.95, 0.272051, 0.25, 0.75, 0.272752
0.95, 0.27644, 0.25, 0.75, 0.275194
0.95, 0.275776, 0.25, 0.75, 0.27097
0.95, 0.285194, 0.26, 0.74, 0.283747
0.95, 0.28961, 0.26, 0.74, 0.29125
0.95, 0.279444, 0.26, 0.74, 0.279763
0.95, 0.290363, 0.26, 0.74, 0.29071
0.95, 0.290159, 0.26, 0.74, 0.29053
0.95, 0.297502, 0.26, 0.74, 0.293355
0.95, 0.284265, 0.26, 0.74, 0.282929
0.95, 0.281118, 0.26, 0.74, 0.278331
0.95, 0.285447, 0.26, 0.74, 0.285526
0.95, 0.285651, 0.26, 0.74, 0.284124
0.95, 0.280599, 0.26, 0.74, 0.27912
0.95, 0.271965, 0.26, 0.74, 0.274151
0.95, 0.293163, 0.26, 0.74, 0.291893
0.95, 0.291213, 0.26, 0.74, 0.291341
0.95, 0.285824, 0.26, 0.74, 0.28656
0.95, 0.283965, 0.26, 0.74, 0.280496
0.95, 0.27994, 0.26, 0.74, 0.284088
0.95, 0.280083, 0.26, 0.74, 0.281235
0.95, 0.286889, 0.26, 0.74, 0.283527
0.95, 0.282129, 0.26, 0.74, 0.285823
0.95, 0.301135, 0.26, 0.74, 0.296944
0.95, 0.273603, 0.26, 0.74, 0.272842
0.95, 0.285486, 0.26, 0.74, 0.278349
0.95, 0.287393, 0.26, 0.74, 0.286719
0.95, 0.28093, 0.26, 0.74, 0.279296
0.95, 0.2954, 0.27, 0.73, 0.298828
0.95, 0.292885, 0.27, 0.73, 0.290844
0.95, 0.304704, 0.27, 0.73, 0.303639
0.95, 0.297205, 0.27, 0.73, 0.29564
0.95, 0.303019, 0.27, 0.73, 0.304771
0.95, 0.293413, 0.27, 0.73, 0.29347
0.95, 0.28777, 0.27, 0.73, 0.289627
0.95, 0.284374, 0.27, 0.73, 0.290858
0.95, 0.292297, 0.27, 0.73, 0.294267
0.95, 0.289183, 0.27, 0.73, 0.293107
0.95, 0.296016, 0.27, 0.73, 0.292663
0.95, 0.291938, 0.27, 0.73, 0.295683
0.95, 0.310874, 0.27, 0.73, 0.304848
0.95, 0.300384, 0.27, 0.73, 0.296983
0.95, 0.301309, 0.27, 0.73, 0.29697
0.95, 0.299708, 0.27, 0.73, 0.292779
0.95, 0.3038, 0.27, 0.73, 0.298249
0.95, 0.295768, 0.27, 0.73, 0.296113
0.95, 0.303603, 0.27, 0.73, 0.306284
0.95, 0.294829, 0.27, 0.73, 0.2981
0.95, 0.299361, 0.27, 0.73, 0.290497
0.95, 0.300956, 0.27, 0.73, 0.301478
0.95, 0.300431, 0.27, 0.73, 0.296417
0.95, 0.300573, 0.27, 0.73, 0.298415
0.95, 0.298145, 0.27, 0.73, 0.295034
0.95, 0.313235, 0.28, 0.72, 0.310381
0.95, 0.306641, 0.28, 0.72, 0.311875
0.95, 0.307285, 0.28, 0.72, 0.313424
0.95, 0.304193, 0.28, 0.72, 0.307441
0.95, 0.302703, 0.28, 0.72, 0.3016
0.95, 0.314634, 0.28, 0.72, 0.308326
0.95, 0.310003, 0.28, 0.72, 0.308806
0.95, 0.3052, 0.28, 0.72, 0.30727
0.95, 0.30236, 0.28, 0.72, 0.304016
0.95, 0.311375, 0.28, 0.72, 0.308618
0.95, 0.320462, 0.28, 0.72, 0.311629
0.95, 0.314848, 0.28, 0.72, 0.315569
0.95, 0.319726, 0.28, 0.72, 0.316266
0.95, 0.319347, 0.28, 0.72, 0.308781
0.95, 0.309114, 0.28, 0.72, 0.310697
0.95, 0.315412, 0.28, 0.72, 0.313289
0.95, 0.309751, 0.28, 0.72, 0.307645
0.95, 0.308023, 0.28, 0.72, 0.307714
0.95, 0.310912, 0.28, 0.72, 0.313247
0.95, 0.306724, 0.28, 0.72, 0.307361
0.95, 0.322135, 0.28, 0.72, 0.312687
0.95, 0.311268, 0.28, 0.72, 0.311881
0.95, 0.30612, 0.28, 0.72, 0.305857
0.95, 0.318699, 0.28, 0.72, 0.314723
0.95, 0.312317, 0.28, 0.72, 0.309744
0.95, 0.32152, 0.29, 0.71, 0.320403
0.95, 0.323926, 0.29, 0.71, 0.320623
0.95, 0.317269, 0.29, 0.71, 0.31821
0.95, 0.320756, 0.29, 0.71, 0.318518
0.95, 0.322597, 0.29, 0.71, 0.319716
0.95, 0.318411, 0.29, 0.71, 0.318373
0.95, 0.323366, 0.29, 0.71, 0.32014
0.95, 0.323461, 0.29, 0.71, 0.323371
0.95, 0.327216, 0.29, 0.71, 0.321421
0.95, 0.320219, 0.29, 0.71, 0.320031
0.95, 0.325146, 0.29, 0.71, 0.319095
0.95, 0.327908, 0.29, 0.71, 0.325798
0.95, 0.326199, 0.29, 0.71, 0.325981
0.95, 0.325697, 0.29, 0.71, 0.323295
0.95, 0.319047, 0.29, 0.71, 0.318027
0.95, 0.322197, 0.29, 0.71, 0.320896
0.95, 0.329946, 0.29, 0.71, 0.323357
0.95, 0.328754, 0.29, 0.71, 0.324555
0.95, 0.334032, 0.29, 0.71, 0.330676
0.95, 0.336248, 0.29, 0.71, 0.325271
0.95, 0.317234, 0.29, 0.71, 0.316079
0.95, 0.319456, 0.29, 0.71, 0.325239
0.95, 0.322832, 0.29, 0.71, 0.320558
0.95, 0.320443, 0.29, 0.71, 0.318075
0.95, 0.323404, 0.29, 0.71, 0.318437
0.95, 0.331828, 0.3, 0.7, 0.329423
0.95, 0.345, 0.3, 0.7, 0.338087
0.95, 0.333983, 0.3, 0.7, 0.329291
0.95, 0.329398, 0.3, 0.7, 0.325485
0.95, 0.324319, 0.3, 0.7, 0.327721
0.95, 0.341791, 0.3, 0.7, 0.335859
0.95, 0.34465, 0.3, 0.7, 0.338183
0.95, 0.328244, 0.3, 0.7, 0.336373
0.95, 0.335562, 0.3, 0.7, 0.334157
0.95, 0.324612, 0.3, 0.7, 0.326171
0.95, 0.331704, 0.3, 0.7, 0.330003
0.95, 0.337184, 0.3, 0.7, 0.334597
0.95, 0.332621, 0.3, 0.7, 0.331421
0.95, 0.329411, 0.3, 0.7, 0.328324
0.95, 0.330435, 0.3, 0.7, 0.330677
0.95, 0.331492, 0.3, 0.7, 0.329134
0.95, 0.343299, 0.3, 0.7, 0.339005
0.95, 0.33672, 0.3, 0.7, 0.332029
0.95, 0.336148, 0.3, 0.7, 0.328279
0.95, 0.326684, 0.3, 0.7, 0.329729
0.95, 0.339396, 0.3, 0.7, 0.334363
0.95, 0.333813, 0.3, 0.7, 0.331431
0.95, 0.336823, 0.3, 0.7, 0.337414
0.95, 0.334074, 0.3, 0.7, 0.324987
0.95, 0.329851, 0.3, 0.7, 0.334224
1, 0.161964, 0.15, 0.85, 0.160875
1, 0.159422, 0.15, 0.85, 0.157946
1, 0.167274, 0.15, 0.85, 0.164301
1, 0.15907, 0.15, 0.85, 0.158238
1, 0.15771, 0.15, 0.85, 0.160935
1, 0.155719, 0.15, 0.85, 0.158514
1, 0.161787, 0.15, 0.85, 0.160268
1, 0.153109, 0.15, 0.85, 0.158935
1, 0.165078, 0.15, 0.85, 0.165575
1, 0.160629, 0.15, 0.85, 0.158889
1, 0.1561, 0.15, 0.85, 0.160257
1, 0.15035, 0.15, 0.85, 0.160477
1, 0.164393, 0.15, 0.85, 0.162041
1, 0.161954, 0.15, 0.85, 0.157788
1, 0.155545, 0.15, 0.85, 0.158723
1, 0.162665, 0.15, 0.85, 0.162124
1, 0.158008, 0.15, 0.85, 0.157998
1, 0.160504, 0.15, 0.85, 0.165435
1, 0.159578, 0.15, 0.85, 0.157681
1, 0.16482, 0.15, 0.85, 0.158537
1, 0.159352, 0.15, 0.85, 0.160971
1, 0.154712, 0.15, 0.85, 0.157878
1, 0.171112, 0.15, 0.85, 0.167835
1, 0.158505, 0.15, 0.85, 0.15905
1, 0.165437, 0.15, 0.85, 0.165109
1, 0.170974, 0.16, 0.84, 0.169025
1, 0.168114, 0.16, 0.84, 0.171429
1, 0.174683, 0.16, 0.84, 0.171458
1, 0.168377, 0.16, 0.84, 0.167127
1, 0.170636, 0.16, 0.84, 0.170836
1, 0.169199, 0.16, 0.84, 0.174434
1, 0.16758, 0.16, 0.84, 0.170745
1, 0.171032, 0.16, 0.84, 0.169364
1, 0.165082, 0.16, 0.84, 0.169532
1, 0.172819, 0.16, 0.84, 0.172946
1, 0.172769, 0.16, 0.84, 0.173672
1, 0.172218, 0.16, 0.84, 0.17181
1, 0.169516, 0.16, 0.84, 0.171874
1, 0.172017, 0.16, 0.84, 0.173329
1, 0.164388, 0.16, 0.84, 0.17049
1, 0.169431, 0.16, 0.84, 0.168586
1, 0.169001, 0.16, 0.84, 0.169613
1, 0.175444, 0.16, 0.84, 0.173848
1, 0.165589, 0.16, 0.84, 0.164402
1, 0.166506, 0.16, 0.84, 0.170141
1, 0.175064, 0.16, 0.84, 0.174707
1, 0.174039, 0.16, 0.84, 0.173398
1, 0.180467, 0.16, 0.84, 0.17906
1, 0.165762, 0.16, 0.84, 0.165764
1, 0.166848, 0.16, 0.84, 0.16656
1, 0.179144, 0.17, 0.83, 0.179973
1, 0.18178, 0.17, 0.83, 0.182797
1, 0.176393, 0.17, 0.83, 0.177388
1, 0.177278, 0.17, 0.83, 0.180699
1, 0.179754, 0.17, 0.83, 0.182125
1, 0.185575, 0.17, 0.83, 0.187387
1, 0.181937, 0.17, 0.83, 0.179724
1, 0.183972, 0.17, 0.83, 0.183561
1, 0.181084, 0.17, 0.83, 0.180619
1, 0.181799, 0.17, 0.83, 0.183633
1, 0.181686, 0.17, 0.83, 0.180995
1, 0.180341, 0.17, 0.83, 0.181404
1, 0.176624, 0.17, 0.83, 0.181257
1, 0.180039, 0.17, 0.83, 0.179162
1, 0.177973, 0.17, 0.83, 0.183013
1, 0.186343, 0.17, 0.83, 0.17996
1, 0.176314, 0.17, 0.83, 0.179695
1, 0.183775, 0.17, 0.83, 0.18414
1, 0.181601, 0.17, 0.83, 0.183636
1, 0.174481, 0.17, 0.83, 0.178853
1, 0.181647, 0.17, 0.83, 0.18569
1, 0.183729, 0.17, 0.83, 0.182443
1, 0.180636, 0.17, 0.83, 0.179089
1, 0.178964, 0.17, 0.83, 0.17901
1, 0.190663, 0.17, 0.83, 0.183661
1, 0.193943, 0.18, 0.82, 0.196781
1, 0.193634, 0.18, 0.82, 0.193264
1, 0.18854, 0.18, 0.82, 0.19082
1, 0.191385, 0.18, 0.82, 0.19225
1, 0.195071, 0.18, 0.82, 0.191591
1, 0.195632, 0.18, 0.82, 0.196998
1, 0.188873, 0.18, 0.82, 0.193289
1, 0.193749, 0.18, 0.82, 0.192084
1, 0.19189, 0.18, 0.82, 0.193333
1, 0.195502, 0.18, 0.82, 0.192903
1, 0.196194, 0.18, 0.82, 0.191959
1, 0.186298, 0.18, 0.82, 0.189224
1, 0.192861, 0.18, 0.82, 0.189784
1, 0.196738, 0.18, 0.82, 0.194799
1, 0.1896, 0.18, 0.82, 0.188953
1, 0.185162, 0.18, 0.82, 0.189057
1, 0.199838, 0.18, 0.82, 0.196638
1, 0.194921, 0.18, 0.82, 0.198768
1, 0.196523, 0.18, 0.82, 0.193606
1, 0.192516, 0.18, 0.82, 0.188669
1, 0.201528, 0.18, 0.82, 0.200649
1, 0.190965, 0.18, 0.82, 0.193306
1, 0.186745, 0.18, 0.82, 0.19007
1, 0.19234, 0.18, 0.82, 0.192876
1, 0.188705, 0.18, 0.82, 0.193672
1, 0.218441, 0.19, 0.81, 0.214332
1, 0.209697, 0.19, 0.81, 0.20154
1, 0.206469, 0.19, 0.81, 0.20567
1, 0.204078, 0.19, 0.81, 0.205263
1, 0.201438, 0.19, 0.81, 0.202549
1, 0.201311, 0.19, 0.81, 0.203236
1, 0.210606, 0.19, 0.81, 0.211221
1, 0.205571, 0.19, 0.81, 0.206759
1, 0.201085, 0.19, 0.81, 0.203444
1, 0.206247, 0.19, 0.81, 0.204846
1, 0.200745, 0.19, 0.81, 0.200598
1, 0.202847, 0.19, 0.81, 0.202189
1, 0.204091, 0.19, 0.81, 0.20013
1, 0.212806, 0.19, 0.81, 0.211359
1, 0.199658, 0.19, 0.81, 0.201686
1, 0.208042, 0.19, 0.81, 0.207859
1, 0.201381, 0.19, 0.81, 0.202744
1, 0.208065, 0.19, 0.81, 0.207984
1, 0.204586, 0.19, 0.81, 0.204564
1, 0.21034, 0.19, 0.81, 0.208635
1, 0.201923, 0.19, 0.81, 0.204423
1, 0.205555, 0.19, 0.81, 0.204998
1, 0.208593, 0.19, 0.81, 0.204701
1, 0.200077, 0.19, 0.81, 0.204884
1, 0.197209, 0.19, 0.81, 0.199435
1, 0.21757, 0.2, 0.8, 0.215071
1, 0.212269, 0.2, 0.8, 0.21333
1, 0.22538, 0.2, 0.8, 0.222377
1, 0.21537, 0.2, 0.8, 0.212933
1, 0.21876, 0.2, 0.8, 0.218573
1, 0.221434, 0.2, 0.8, 0.221928
1, 0.220236, 0.2, 0.8, 0.220814
1, 0.218748, 0.2, 0.8, 0.221896
1, 0.223991, 0.2, 0.8, 0.221721
1, 0.220353, 0.2, 0.8, 0.218423
1, 0.215902, 0.2, 0.8, 0.215552
1, 0.214374, 0.2, 0.8, 0.214663
1, 0.21864, 0.2, 0.8, 0.218294
1, 0.216344, 0.2, 0.8, 0.220263
1, 0.216483, 0.2, 0.8, 0.218238
1, 0.216522, 0.2, 0.8, 0.216602
1, 0.216618, 0.2, 0.8, 0.215837
1, 0.216086, 0.2, 0.8, 0.215507
1, 0.219954, 0.2, 0.8, 0.216649
1, 0.218809, 0.2, 0.8, 0.214805
1, 0.211491, 0.2, 0.8, 0.210609
1, 0.219287, 0.2, 0.8, 0.222282
1, 0.211629, 0.2, 0.8, 0.213395
1, 0.213231, 0.2, 0.8, 0.213459
1, 0.221178, 0.2, 0.8, 0.21657
1, 0.224234, 0.21, 0.79, 0.22918
1, 0.22496, 0.21, 0.79, 0.229752
1, 0.225578, 0.21, 0.79, 0.227199
1, 0.230204, 0.21, 0.79, 0.227491
1, 0.228584, 0.21, 0.79, 0.226773
1, 0.223013, 0.21, 0.79, 0.226001
1, 0.223993, 0.21, 0.79, 0.228174
1, 0.227611, 0.21, 0.79, 0.23154
1, 0.223367, 0.21, 0.79, 0.224236
1, 0.227371, 0.21, 0.79, 0.226229
1, 0.227685, 0.21, 0.79, 0.229205
1, 0.226611, 0.21, 0.79, 0.231035
1, 0.236124, 0.21, 0.79, 0.230837
1, 0.227261, 0.21, 0.79, 0.229206
1, 0.223606, 0.21, 0.79, 0.22445
1, 0.229135, 0.21, 0.79, 0.226523
1, 0.229354, 0.21, 0.79, 0.230757
1, 0.230572, 0.21, 0.79, 0.232269
1, 0.236804, 0.21, 0.79, 0.232076
1, 0.229924, 0.21, 0.79, 0.233782
1, 0.233419, 0.21, 0.79, 0.231834
1, 0.233635, 0.21, 0.79, 0.231275
1, 0.229582, 0.21, 0.79, 0.230488
1, 0.22768, 0.21, 0.79, 0.228646
1, 0.227609, 0.21, 0.79, 0.223799
1, 0.248146, 0.22, 0.78, 0.242794
1, 0.234898, 0.22, 0.78, 0.234948
1, 0.237527, 0.22, 0.78, 0.237829
1, 0.234837, 0.22, 0.78, 0.241664
1, 0.242219, 0.22, 0.78, 0.242706
1, 0.235906, 0.22, 0.78, 0.237572
1, 0.239602, 0.22, 0.78, 0.243839
1, 0.234059, 0.22, 0.78, 0.239834
1, 0.24039, 0.22, 0.78, 0.240272
1, 0.24317, 0.22, 0.78, 0.241559
1, 0.239588, 0.22, 0.78, 0.24215
1, 0.230075, 0.22, 0.78, 0.238685
1, 0.238504, 0.22, 0.78, 0.238593
1, 0.234398, 0.22, 0.78, 0.235201
1, 0.245689, 0.22, 0.78, 0.242449
1, 0.241418, 0.22, 0.78, 0.242607
1, 0.242569, 0.22, 0.78, 0.242891
1, 0.235691, 0.22, 0.78, 0.233515
1, 0.234157, 0.22, 0.78, 0.23572
1, 0.235143, 0.22, 0.78, 0.240847
1, 0.241326, 0.22, 0.78, 0.237316
1, 0.241819, 0.22, 0.78, 0.237594
1, 0.239743, 0.22, 0.78, 0.240422
1, 0.241438, 0.22, 0.78, 0.238597
1, 0.241941, 0.22, 0.78, 0.241078
1, 0.24399, 0.23, 0.77, 0.246808
1, 0.245441, 0.23, 0.77, 0.246298
1, 0.245772, 0.23, 0.77, 0.248316
1, 0.250319, 0.23, 0.77, 0.250151
1, 0.252927, 0.23, 0.77, 0.253897
1, 0.252633, 0.23, 0.77, 0.256337
1, 0.251987, 0.23, 0.77, 0.254988
1, 0.247899, 0.23, 0.77, 0.248339
1, 0.250823, 0.23, 0.77, 0.248915
1, 0.245975, 0.23, 0.77, 0.249699
1, 0.257168, 0.23, 0.77, 0.254469
1, 0.249429, 0.23, 0.77, 0.250204
1, 0.253735, 0.23, 0.77, 0.253424
1, 0.258149, 0.23, 0.77, 0.252826
1, 0.258052, 0.23, 0.77, 0.255216
1, 0.254437, 0.23, 0.77, 0.250791
1, 0.256485, 0.23, 0.77, 0.260558
1, 0.247115, 0.23, 0.77, 0.253968
1, 0.245792, 0.23, 0.77, 0.247594
1, 0.247647, 0.23, 0.77, 0.244241
1, 0.254067, 0.23, 0.77, 0.251918
1, 0.250672, 0.23, 0.77, 0.2492
1, 0.253966, 0.23, 0.77, 0.25019
1, 0.249598, 0.23, 0.77, 0.249002
1, 0.249302, 0.23, 0.77, 0.250014
1, 0.262734, 0.24, 0.76, 0.263614
1, 0.27034, 0.24, 0.76, 0.264801
1, 0.264741, 0.24, 0.76, 0.263097
1, 0.266001, 0.24, 0.76, 0.266319
1, 0.255973, 0.24, 0.76, 0.259978
1, 0.268714, 0.24, 0.76, 0.266394
1, 0.259827, 0.24, 0.76, 0.261136
1, 0.266549, 0.24, 0.76, 0.268577
1, 0.270152, 0.24, 0.76, 0.26591
1, 0.267546, 0.24, 0.76, 0.266051
1, 0.261158, 0.24, 0.76, 0.260708
1, 0.266068, 0.24, 0.76, 0.265519
1, 0.257956, 0.24, 0.76, 0.26505
1, 0.269617, 0.24, 0.76, 0.266634
1, 0.262695, 0.24, 0.76, 0.262087
1, 0.25751, 0.24, 0.76, 0.256806
1, 0.261972, 0.24, 0.76, 0.260732
1, 0.265314, 0.24, 0.76, 0.266212
1, 0.260637, 0.24, 0.76, 0.255325
1, 0.258104, 0.24, 0.76, 0.260184
1, 0.257159, 0.24, 0.76, 0.261054
1, 0.266594, 0.24, 0.76, 0.26075
1, 0.258738, 0.24, 0.76, 0.261831
1, 0.266286, 0.24, 0.76, 0.265104
1, 0.264469, 0.24, 0.76, 0.266284
1, 0.283801, 0.25, 0.75, 0.277091
1, 0.269023, 0.25, 0.75, 0.26712
1, 0.275917, 0.25, 0.75, 0.272627
1, 0.280307, 0.25, 0.75, 0.275488
1, 0.268871, 0.25, 0.75, 0.272245
1, 0.268889, 0.25, 0.75, 0.271752
1, 0.277584, 0.25, 0.75, 0.276029
1, 0.278937, 0.25, 0.75, 0.278951
1, 0.278908, 0.25, 0.75, 0.27791
1, 0.283047, 0.25, 0.75, 0.2785
1, 0.27383, 0.25, 0.75, 0.271748
1, 0.28389, 0.25, 0.75, 0.281341
1, 0.280516, 0.25, 0.75, 0.282389
1, 0.274774, 0.25, 0.75, 0.276043
1, 0.280931, 0.25, 0.75, 0.280604
1, 0.280772, 0.25, 0.75, 0.277386
1, 0.274618, 0.25, 0.75, 0.274406
1, 0.266702, 0.25, 0.75, 0.270026
1, 0.253951, 0.25, 0.75, 0.261489
1, 0.279144, 0.25, 0.75, 0.276693
1, 0.277412, 0.25, 0.75, 0.274858
1, 0.269219, 0.25, 0.75, 0.268613
1, 0.270793, 0.25, 0.75, 0.273738
1, 0.272845, 0.25, 0.75, 0.275402
1, 0.272079, 0.25, 0.75, 0.273933
1, 0.295556, 0.26, 0.74, 0.291603
1, 0.289489, 0.26, 0.74, 0.290242
1, 0.281511, 0.26, 0.74, 0.281985
1, 0.28619, 0.26, 0.74, 0.287658
1, 0.289919, 0.26, 0.74, 0.285541
1, 0.290548, 0.26, 0.74, 0.290086
1, 0.287891, 0.26, 0.74, 0.285722
1, 0.285606, 0.26, 0.74, 0.284569
1, 0.291525, 0.26, 0.74, 0.286603
1, 0.281916, 0.26, 0.74, 0.284357
1, 0.285552, 0.26, 0.74, 0.287538
1, 0.295902, 0.26, 0.74, 0.288874
1, 0.28828, 0.26, 0.74, 0.286228
1, 0.286876, 0.26, 0.74, 0.280868
1, 0.283189, 0.26, 0.74, 0.286631
1, 0.27882, 0.26, 0.74, 0.28286
1, 0.286642, 0.26, 0.74, 0.289105
1, 0.286406, 0.26, 0.74, 0.28816
1, 0.282467, 0.26, 0.74, 0.281523
1, 0.282648, 0.26, 0.74, 0.285132
1, 0.293686, 0.26, 0.74, 0.287137
1, 0.281642, 0.26, 0.74, 0.28302
1, 0.2856, 0.26, 0.74, 0.285548
1, 0.291064, 0.26, 0.74, 0.285667
1, 0.283359, 0.26, 0.74, 0.282123
1, 0.304797, 0.27, 0.73, 0.299784
1, 0.303471, 0.27, 0.73, 0.298961
1, 0.29679, 0.27, 0.73, 0.300608
1, 0.298162, 0.27, 0.73, 0.299502
1, 0.295909, 0.27, 0.73, 0.294748
1, 0.296904, 0.27, 0.73, 0.301091
1, 0.299961, 0.27, 0.73, 0.291538
1, 0.307362, 0.27, 0.73, 0.305006
1, 0.303805, 0.27, 0.73, 0.298895
1, 0.304944, 0.27, 0.73, 0.304847
1, 0.29342, 0.27, 0.73, 0.296847
1, 0.30442, 0.27, 0.73, 0.303353
1, 0.29896, 0.27, 0.73, 0.301143
1, 0.294681, 0.27, 0.73, 0.29778
1, 0.307225, 0.27, 0.73, 0.301105
1, 0.298532, 0.27, 0.73, 0.300281
1, 0.300566, 0.27, 0.73, 0.301508
1, 0.309964, 0.27, 0.73, 0.300028
1, 0.306274, 0.27, 0.73, 0.301657
1, 0.297498, 0.27, 0.73, 0.298387
1, 0.298162, 0.27, 0.73, 0.297461
1, 0.303195, 0.27, 0.73, 0.299961
1, 0.29836, 0.27, 0.73, 0.298873
1, 0.292419, 0.27, 0.73, 0.295367
1, 0.302619, 0.27, 0.73, 0.301423
1, 0.303551, 0.28, 0.72, 0.304008
1, 0.318251, 0.28, 0.72, 0.314361
1, 0.312, 0.28, 0.72, 0.305864
1, 0.305258, 0.28, 0.72, 0.307654
1, 0.304962, 0.28, 0.72, 0.311095
1, 0.314738, 0.28, 0.72, 0.31222
1, 0.316689, 0.28, 0.72, 0.310622
1, 0.3039, 0.28, 0.72, 0.30631
1, 0.315077, 0.28, 0.72, 0.314041
1, 0.309558, 0.28, 0.72, 0.310636
1, 0.3078, 0.28, 0.72, 0.30875
1, 0.309789, 0.28, 0.72, 0.309142
1, 0.311571, 0.28, 0.72, 0.310517
1, 0.315499, 0.28, 0.72, 0.314709
1, 0.313807, 0.28, 0.72, 0.309069
1, 0.305828, 0.28, 0.72, 0.307507
1, 0.317978, 0.28, 0.72, 0.316707
1, 0.320423, 0.28, 0.72, 0.319991
1, 0.316479, 0.28, 0.72, 0.31494
1, 0.317625, 0.28, 0.72, 0.314026
1, 0.309064, 0.28, 0.72, 0.309704
1, 0.311727, 0.28, 0.72, 0.309466
1, 0.308963, 0.28, 0.72, 0.30975
1, 0.318732, 0.28, 0.72, 0.319438
1, 0.308214, 0.28, 0.72, 0.309529
1, 0.322289, 0.29, 0.71, 0.325943
1, 0.325416, 0.29, 0.71, 0.325125
1, 0.326223, 0.29, 0.71, 0.323277
1, 0.327972, 0.29, 0.71, 0.325754
1, 0.310641, 0.29, 0.71, 0.314349
1, 0.31854, 0.29, 0.71, 0.318656
1, 0.326865, 0.29, 0.71, 0.321299
1, 0.328223, 0.29, 0.71, 0.326172
1, 0.321401, 0.29, 0.71, 0.321367
1, 0.32454, 0.29, 0.71, 0.322568
1, 0.328529, 0.29, 0.71, 0.328853
1, 0.331629, 0.29, 0.71, 0.323498
1, 0.332699, 0.29, 0.71, 0.324711
1, 0.32945, 0.29, 0.71, 0.32744
1, 0.3249, 0.29, 0.71, 0.323385
1, 0.324849, 0.29, 0.71, 0.317331
1, 0.317851, 0.29, 0.71, 0.322425
1, 0.33351, 0.29, 0.71, 0.328157
1, 0.329115, 0.29, 0.71, 0.330017
1, 0.331015, 0.29, 0.71, 0.32903
1, 0.331313, 0.29, 0.71, 0.323741
1, 0.323126, 0.29, 0.71, 0.322736
1, 0.330776, 0.29, 0.71, 0.321918
1, 0.321398, 0.29, 0.71, 0.316539
1, 0.319762, 0.29, 0.71, 0.322393
1, 0.340416, 0.3, 0.7, 0.337274
1, 0.339718, 0.3, 0.7, 0.334561
1, 0.345395, 0.3, 0.7, 0.338789
1, 0.333506, 0.3, 0.7, 0.339309
1, 0.342899, 0.3, 0.7, 0.338321
1, 0.333731, 0.3, 0.7, 0.33711
1, 0.333617, 0.3, 0.7, 0.331266
1, 0.343538, 0.3, 0.7, 0.340219
1, 0.331653, 0.3, 0.7, 0.332863
1, 0.34198, 0.3, 0.7, 0.342008
1, 0.344968, 0.3, 0.7, 0.339048
1, 0.335079, 0.3, 0.7, 0.331783
1, 0.3396, 0.3, 0.7, 0.337587
1, 0.33357, 0.3, 0.7, 0.335367
1, 0.334787, 0.3, 0.7, 0.335122
1, 0.338318, 0.3, 0.7, 0.337123
1, 0.333341, 0.3, 0.7, 0.331649
1, 0.343478, 0.3, 0.7, 0.337517
1, 0.334973, 0.3, 0.7, 0.331898
1, 0.342707, 0.3, 0.7, 0.342244
1, 0.336889, 0.3, 0.7, 0.333834
1, 0.345376, 0.3, 0.7, 0.344073
1, 0.342382, 0.3, 0.7, 0.338288
1, 0.341044, 0.3, 0.7, 0.336041
1, 0.337364, 0.3, 0.7, 0.336065
