# B5 Focused Dynamic Strategy Switching Simulation Results
# Schedule file: schedule_b5_honest_selfish_500.txt
# Gamma (connectivity) range: 0.8 - 1.0 in 0.05 increments
# Hash rate range: 0.15 - 0.3 (15% - 30%) in 0.01 increments
Gamma, Miner0_ProfitFraction, Miner0_HashRate, Miner1_HashRate, Miner0_BlockFraction
0.8, 0.14933, 0.15, 0.85, 0.150294
0.8, 0.148024, 0.15, 0.85, 0.150787
0.8, 0.150596, 0.15, 0.85, 0.15165
0.8, 0.148682, 0.15, 0.85, 0.148795
0.8, 0.150352, 0.15, 0.85, 0.152223
0.8, 0.153937, 0.15, 0.85, 0.15295
0.8, 0.154424, 0.15, 0.85, 0.150693
0.8, 0.150655, 0.15, 0.85, 0.148809
0.8, 0.147682, 0.15, 0.85, 0.149479
0.8, 0.14872, 0.15, 0.85, 0.146946
0.8, 0.149498, 0.15, 0.85, 0.150162
0.8, 0.148238, 0.15, 0.85, 0.150973
0.8, 0.157715, 0.15, 0.85, 0.156215
0.8, 0.156245, 0.15, 0.85, 0.151726
0.8, 0.154885, 0.15, 0.85, 0.150974
0.8, 0.144327, 0.15, 0.85, 0.14891
0.8, 0.146783, 0.15, 0.85, 0.145839
0.8, 0.155116, 0.15, 0.85, 0.15186
0.8, 0.149926, 0.15, 0.85, 0.148526
0.8, 0.147092, 0.15, 0.85, 0.145445
0.8, 0.149358, 0.15, 0.85, 0.14482
0.8, 0.143879, 0.15, 0.85, 0.14557
0.8, 0.144304, 0.15, 0.85, 0.143768
0.8, 0.155827, 0.15, 0.85, 0.152517
0.8, 0.149874, 0.15, 0.85, 0.150367
0.8, 0.157947, 0.16, 0.84, 0.161149
0.8, 0.157478, 0.16, 0.84, 0.162622
0.8, 0.161148, 0.16, 0.84, 0.161308
0.8, 0.16039, 0.16, 0.84, 0.161301
0.8, 0.155694, 0.16, 0.84, 0.158869
0.8, 0.157888, 0.16, 0.84, 0.163552
0.8, 0.155301, 0.16, 0.84, 0.158682
0.8, 0.161904, 0.16, 0.84, 0.163794
0.8, 0.163116, 0.16, 0.84, 0.163186
0.8, 0.163609, 0.16, 0.84, 0.162317
0.8, 0.161466, 0.16, 0.84, 0.159796
0.8, 0.161023, 0.16, 0.84, 0.157405
0.8, 0.156538, 0.16, 0.84, 0.159342
0.8, 0.161056, 0.16, 0.84, 0.161361
0.8, 0.16357, 0.16, 0.84, 0.160088
0.8, 0.166454, 0.16, 0.84, 0.162862
0.8, 0.154035, 0.16, 0.84, 0.160661
0.8, 0.154383, 0.16, 0.84, 0.160944
0.8, 0.160013, 0.16, 0.84, 0.161107
0.8, 0.157611, 0.16, 0.84, 0.156766
0.8, 0.161636, 0.16, 0.84, 0.162573
0.8, 0.158911, 0.16, 0.84, 0.161206
0.8, 0.158171, 0.16, 0.84, 0.158553
0.8, 0.166921, 0.16, 0.84, 0.162967
0.8, 0.164606, 0.16, 0.84, 0.164868
0.8, 0.17761, 0.17, 0.83, 0.177469
0.8, 0.171801, 0.17, 0.83, 0.17156
0.8, 0.172744, 0.17, 0.83, 0.172528
0.8, 0.170368, 0.17, 0.83, 0.173943
0.8, 0.172223, 0.17, 0.83, 0.174959
0.8, 0.178815, 0.17, 0.83, 0.173534
0.8, 0.174726, 0.17, 0.83, 0.174118
0.8, 0.174126, 0.17, 0.83, 0.175823
0.8, 0.170825, 0.17, 0.83, 0.172752
0.8, 0.17152, 0.17, 0.83, 0.171819
0.8, 0.166923, 0.17, 0.83, 0.166356
0.8, 0.171131, 0.17, 0.83, 0.171778
0.8, 0.172984, 0.17, 0.83, 0.176871
0.8, 0.176936, 0.17, 0.83, 0.176927
0.8, 0.177249, 0.17, 0.83, 0.174988
0.8, 0.177294, 0.17, 0.83, 0.176981
0.8, 0.174479, 0.17, 0.83, 0.170388
0.8, 0.174028, 0.17, 0.83, 0.176054
0.8, 0.169711, 0.17, 0.83, 0.168553
0.8, 0.174595, 0.17, 0.83, 0.174185
0.8, 0.169783, 0.17, 0.83, 0.166033
0.8, 0.175776, 0.17, 0.83, 0.174489
0.8, 0.169886, 0.17, 0.83, 0.172294
0.8, 0.173254, 0.17, 0.83, 0.174745
0.8, 0.177308, 0.17, 0.83, 0.178504
0.8, 0.186068, 0.18, 0.82, 0.18687
0.8, 0.183772, 0.18, 0.82, 0.184253
0.8, 0.183769, 0.18, 0.82, 0.183945
0.8, 0.184822, 0.18, 0.82, 0.184363
0.8, 0.180306, 0.18, 0.82, 0.18237
0.8, 0.186201, 0.18, 0.82, 0.182476
0.8, 0.186583, 0.18, 0.82, 0.185531
0.8, 0.179933, 0.18, 0.82, 0.182807
0.8, 0.184153, 0.18, 0.82, 0.181971
0.8, 0.18438, 0.18, 0.82, 0.18356
0.8, 0.184756, 0.18, 0.82, 0.186195
0.8, 0.176317, 0.18, 0.82, 0.1799
0.8, 0.18534, 0.18, 0.82, 0.181794
0.8, 0.186818, 0.18, 0.82, 0.180231
0.8, 0.18482, 0.18, 0.82, 0.190209
0.8, 0.183081, 0.18, 0.82, 0.183738
0.8, 0.186667, 0.18, 0.82, 0.184412
0.8, 0.183074, 0.18, 0.82, 0.182086
0.8, 0.179422, 0.18, 0.82, 0.182574
0.8, 0.177485, 0.18, 0.82, 0.182499
0.8, 0.181842, 0.18, 0.82, 0.181848
0.8, 0.189277, 0.18, 0.82, 0.187924
0.8, 0.184098, 0.18, 0.82, 0.183269
0.8, 0.178643, 0.18, 0.82, 0.179557
0.8, 0.182226, 0.18, 0.82, 0.182145
0.8, 0.195872, 0.19, 0.81, 0.195454
0.8, 0.195493, 0.19, 0.81, 0.191594
0.8, 0.201917, 0.19, 0.81, 0.197818
0.8, 0.198224, 0.19, 0.81, 0.194613
0.8, 0.188553, 0.19, 0.81, 0.189264
0.8, 0.19575, 0.19, 0.81, 0.197684
0.8, 0.204983, 0.19, 0.81, 0.199245
0.8, 0.192027, 0.19, 0.81, 0.191793
0.8, 0.197163, 0.19, 0.81, 0.197525
0.8, 0.198706, 0.19, 0.81, 0.19491
0.8, 0.194218, 0.19, 0.81, 0.1916
0.8, 0.193318, 0.19, 0.81, 0.1953
0.8, 0.193788, 0.19, 0.81, 0.199706
0.8, 0.195431, 0.19, 0.81, 0.193364
0.8, 0.195597, 0.19, 0.81, 0.194262
0.8, 0.187996, 0.19, 0.81, 0.189825
0.8, 0.198038, 0.19, 0.81, 0.193031
0.8, 0.189693, 0.19, 0.81, 0.195586
0.8, 0.192078, 0.19, 0.81, 0.191975
0.8, 0.196095, 0.19, 0.81, 0.19436
0.8, 0.195242, 0.19, 0.81, 0.197246
0.8, 0.194462, 0.19, 0.81, 0.197771
0.8, 0.208439, 0.19, 0.81, 0.202833
0.8, 0.19486, 0.19, 0.81, 0.194258
0.8, 0.190286, 0.19, 0.81, 0.191678
0.8, 0.209149, 0.2, 0.8, 0.208345
0.8, 0.198658, 0.2, 0.8, 0.202792
0.8, 0.204399, 0.2, 0.8, 0.207387
0.8, 0.207517, 0.2, 0.8, 0.210578
0.8, 0.200021, 0.2, 0.8, 0.200403
0.8, 0.213634, 0.2, 0.8, 0.212724
0.8, 0.204505, 0.2, 0.8, 0.205676
0.8, 0.211602, 0.2, 0.8, 0.213615
0.8, 0.210922, 0.2, 0.8, 0.211348
0.8, 0.205072, 0.2, 0.8, 0.206532
0.8, 0.208838, 0.2, 0.8, 0.207629
0.8, 0.203575, 0.2, 0.8, 0.205922
0.8, 0.207456, 0.2, 0.8, 0.205949
0.8, 0.20983, 0.2, 0.8, 0.208612
0.8, 0.211779, 0.2, 0.8, 0.21192
0.8, 0.207242, 0.2, 0.8, 0.206162
0.8, 0.204656, 0.2, 0.8, 0.204472
0.8, 0.201977, 0.2, 0.8, 0.205431
0.8, 0.20072, 0.2, 0.8, 0.203769
0.8, 0.208947, 0.2, 0.8, 0.208159
0.8, 0.199073, 0.2, 0.8, 0.201522
0.8, 0.209702, 0.2, 0.8, 0.206319
0.8, 0.20948, 0.2, 0.8, 0.206155
0.8, 0.208244, 0.2, 0.8, 0.209954
0.8, 0.205691, 0.2, 0.8, 0.204211
0.8, 0.215045, 0.21, 0.79, 0.214635
0.8, 0.216396, 0.21, 0.79, 0.214677
0.8, 0.211629, 0.21, 0.79, 0.21526
0.8, 0.218077, 0.21, 0.79, 0.215753
0.8, 0.220774, 0.21, 0.79, 0.217825
0.8, 0.222762, 0.21, 0.79, 0.222944
0.8, 0.220286, 0.21, 0.79, 0.220068
0.8, 0.219681, 0.21, 0.79, 0.219483
0.8, 0.228796, 0.21, 0.79, 0.226548
0.8, 0.21516, 0.21, 0.79, 0.21679
0.8, 0.214823, 0.21, 0.79, 0.215903
0.8, 0.220162, 0.21, 0.79, 0.216319
0.8, 0.221333, 0.21, 0.79, 0.217895
0.8, 0.220421, 0.21, 0.79, 0.218669
0.8, 0.215896, 0.21, 0.79, 0.217134
0.8, 0.215231, 0.21, 0.79, 0.215765
0.8, 0.219541, 0.21, 0.79, 0.21767
0.8, 0.2184, 0.21, 0.79, 0.218319
0.8, 0.215244, 0.21, 0.79, 0.218726
0.8, 0.217332, 0.21, 0.79, 0.216548
0.8, 0.206796, 0.21, 0.79, 0.213754
0.8, 0.21507, 0.21, 0.79, 0.217836
0.8, 0.222591, 0.21, 0.79, 0.222649
0.8, 0.21526, 0.21, 0.79, 0.218818
0.8, 0.216469, 0.21, 0.79, 0.218777
0.8, 0.232828, 0.22, 0.78, 0.230665
0.8, 0.23425, 0.22, 0.78, 0.233749
0.8, 0.229972, 0.22, 0.78, 0.229424
0.8, 0.23129, 0.22, 0.78, 0.230373
0.8, 0.224214, 0.22, 0.78, 0.229291
0.8, 0.21798, 0.22, 0.78, 0.220032
0.8, 0.233263, 0.22, 0.78, 0.230226
0.8, 0.220797, 0.22, 0.78, 0.223151
0.8, 0.230624, 0.22, 0.78, 0.229015
0.8, 0.230302, 0.22, 0.78, 0.226858
0.8, 0.228923, 0.22, 0.78, 0.228666
0.8, 0.231219, 0.22, 0.78, 0.233574
0.8, 0.226546, 0.22, 0.78, 0.230474
0.8, 0.231719, 0.22, 0.78, 0.230719
0.8, 0.230817, 0.22, 0.78, 0.231384
0.8, 0.22733, 0.22, 0.78, 0.233471
0.8, 0.225289, 0.22, 0.78, 0.226784
0.8, 0.237953, 0.22, 0.78, 0.233882
0.8, 0.232279, 0.22, 0.78, 0.23157
0.8, 0.226274, 0.22, 0.78, 0.227181
0.8, 0.231646, 0.22, 0.78, 0.232337
0.8, 0.227522, 0.22, 0.78, 0.227136
0.8, 0.2297, 0.22, 0.78, 0.230234
0.8, 0.222818, 0.22, 0.78, 0.223935
0.8, 0.231484, 0.22, 0.78, 0.229493
0.8, 0.242511, 0.23, 0.77, 0.242324
0.8, 0.24677, 0.23, 0.77, 0.241544
0.8, 0.239473, 0.23, 0.77, 0.24168
0.8, 0.2419, 0.23, 0.77, 0.240726
0.8, 0.243348, 0.23, 0.77, 0.243392
0.8, 0.239761, 0.23, 0.77, 0.244093
0.8, 0.240475, 0.23, 0.77, 0.239288
0.8, 0.235083, 0.23, 0.77, 0.236861
0.8, 0.242956, 0.23, 0.77, 0.243446
0.8, 0.244313, 0.23, 0.77, 0.240512
0.8, 0.248307, 0.23, 0.77, 0.248197
0.8, 0.240677, 0.23, 0.77, 0.239768
0.8, 0.240801, 0.23, 0.77, 0.238777
0.8, 0.243464, 0.23, 0.77, 0.243765
0.8, 0.238935, 0.23, 0.77, 0.242855
0.8, 0.239947, 0.23, 0.77, 0.239781
0.8, 0.240461, 0.23, 0.77, 0.243729
0.8, 0.256315, 0.23, 0.77, 0.2525
0.8, 0.239283, 0.23, 0.77, 0.246475
0.8, 0.240388, 0.23, 0.77, 0.239318
0.8, 0.245094, 0.23, 0.77, 0.245557
0.8, 0.246898, 0.23, 0.77, 0.244593
0.8, 0.239119, 0.23, 0.77, 0.240553
0.8, 0.232754, 0.23, 0.77, 0.236476
0.8, 0.237976, 0.23, 0.77, 0.234048
0.8, 0.252515, 0.24, 0.76, 0.252229
0.8, 0.254028, 0.24, 0.76, 0.252539
0.8, 0.253267, 0.24, 0.76, 0.254563
0.8, 0.249723, 0.24, 0.76, 0.249833
0.8, 0.261735, 0.24, 0.76, 0.259444
0.8, 0.255274, 0.24, 0.76, 0.253962
0.8, 0.248845, 0.24, 0.76, 0.250014
0.8, 0.258574, 0.24, 0.76, 0.258927
0.8, 0.252467, 0.24, 0.76, 0.251008
0.8, 0.252124, 0.24, 0.76, 0.250914
0.8, 0.259129, 0.24, 0.76, 0.254065
0.8, 0.255076, 0.24, 0.76, 0.254064
0.8, 0.262013, 0.24, 0.76, 0.257807
0.8, 0.259778, 0.24, 0.76, 0.253886
0.8, 0.264597, 0.24, 0.76, 0.25694
0.8, 0.249904, 0.24, 0.76, 0.257522
0.8, 0.245864, 0.24, 0.76, 0.251004
0.8, 0.26918, 0.24, 0.76, 0.260785
0.8, 0.259903, 0.24, 0.76, 0.258441
0.8, 0.255766, 0.24, 0.76, 0.252363
0.8, 0.256491, 0.24, 0.76, 0.253057
0.8, 0.248617, 0.24, 0.76, 0.248694
0.8, 0.250866, 0.24, 0.76, 0.260765
0.8, 0.247822, 0.24, 0.76, 0.253994
0.8, 0.252946, 0.24, 0.76, 0.251122
0.8, 0.26937, 0.25, 0.75, 0.267481
0.8, 0.261607, 0.25, 0.75, 0.264594
0.8, 0.261669, 0.25, 0.75, 0.264456
0.8, 0.265279, 0.25, 0.75, 0.266348
0.8, 0.264641, 0.25, 0.75, 0.264905
0.8, 0.27566, 0.25, 0.75, 0.27189
0.8, 0.276336, 0.25, 0.75, 0.273561
0.8, 0.259813, 0.25, 0.75, 0.262882
0.8, 0.268991, 0.25, 0.75, 0.268725
0.8, 0.265451, 0.25, 0.75, 0.262729
0.8, 0.26881, 0.25, 0.75, 0.266729
0.8, 0.271486, 0.25, 0.75, 0.268139
0.8, 0.261343, 0.25, 0.75, 0.263789
0.8, 0.271582, 0.25, 0.75, 0.26823
0.8, 0.267774, 0.25, 0.75, 0.265268
0.8, 0.279046, 0.25, 0.75, 0.272748
0.8, 0.272022, 0.25, 0.75, 0.269716
0.8, 0.257586, 0.25, 0.75, 0.259729
0.8, 0.261853, 0.25, 0.75, 0.264396
0.8, 0.257333, 0.25, 0.75, 0.260022
0.8, 0.26668, 0.25, 0.75, 0.267486
0.8, 0.266482, 0.25, 0.75, 0.2661
0.8, 0.269944, 0.25, 0.75, 0.265346
0.8, 0.270654, 0.25, 0.75, 0.270485
0.8, 0.253041, 0.25, 0.75, 0.256681
0.8, 0.280626, 0.26, 0.74, 0.280107
0.8, 0.285875, 0.26, 0.74, 0.27939
0.8, 0.282044, 0.26, 0.74, 0.28108
0.8, 0.283504, 0.26, 0.74, 0.281706
0.8, 0.271502, 0.26, 0.74, 0.271258
0.8, 0.290692, 0.26, 0.74, 0.284142
0.8, 0.280028, 0.26, 0.74, 0.276778
0.8, 0.285731, 0.26, 0.74, 0.281679
0.8, 0.281158, 0.26, 0.74, 0.278242
0.8, 0.285131, 0.26, 0.74, 0.281384
0.8, 0.279258, 0.26, 0.74, 0.275261
0.8, 0.285365, 0.26, 0.74, 0.279656
0.8, 0.275181, 0.26, 0.74, 0.280858
0.8, 0.277601, 0.26, 0.74, 0.275486
0.8, 0.278399, 0.26, 0.74, 0.282988
0.8, 0.280126, 0.26, 0.74, 0.27804
0.8, 0.269417, 0.26, 0.74, 0.271388
0.8, 0.28478, 0.26, 0.74, 0.281481
0.8, 0.272461, 0.26, 0.74, 0.275195
0.8, 0.274114, 0.26, 0.74, 0.275085
0.8, 0.27977, 0.26, 0.74, 0.28085
0.8, 0.280372, 0.26, 0.74, 0.281648
0.8, 0.271519, 0.26, 0.74, 0.274542
0.8, 0.279577, 0.26, 0.74, 0.276837
0.8, 0.282602, 0.26, 0.74, 0.279183
0.8, 0.291679, 0.27, 0.73, 0.287971
0.8, 0.295814, 0.27, 0.73, 0.289656
0.8, 0.29377, 0.27, 0.73, 0.292231
0.8, 0.293575, 0.27, 0.73, 0.292486
0.8, 0.295881, 0.27, 0.73, 0.290971
0.8, 0.295358, 0.27, 0.73, 0.298464
0.8, 0.29445, 0.27, 0.73, 0.29835
0.8, 0.29764, 0.27, 0.73, 0.295476
0.8, 0.300152, 0.27, 0.73, 0.293895
0.8, 0.301741, 0.27, 0.73, 0.290861
0.8, 0.292244, 0.27, 0.73, 0.289326
0.8, 0.291734, 0.27, 0.73, 0.292758
0.8, 0.290397, 0.27, 0.73, 0.287886
0.8, 0.291223, 0.27, 0.73, 0.29841
0.8, 0.291612, 0.27, 0.73, 0.289276
0.8, 0.287744, 0.27, 0.73, 0.285146
0.8, 0.287478, 0.27, 0.73, 0.288857
0.8, 0.28882, 0.27, 0.73, 0.291704
0.8, 0.284142, 0.27, 0.73, 0.288438
0.8, 0.28635, 0.27, 0.73, 0.290383
0.8, 0.29856, 0.27, 0.73, 0.291121
0.8, 0.305953, 0.27, 0.73, 0.300512
0.8, 0.281969, 0.27, 0.73, 0.286827
0.8, 0.291294, 0.27, 0.73, 0.289786
0.8, 0.29077, 0.27, 0.73, 0.285564
0.8, 0.307229, 0.28, 0.72, 0.308162
0.8, 0.293598, 0.28, 0.72, 0.294576
0.8, 0.301729, 0.28, 0.72, 0.298979
0.8, 0.31025, 0.28, 0.72, 0.310207
0.8, 0.308978, 0.28, 0.72, 0.302598
0.8, 0.305892, 0.28, 0.72, 0.311788
0.8, 0.30686, 0.28, 0.72, 0.305937
0.8, 0.310193, 0.28, 0.72, 0.310927
0.8, 0.300055, 0.28, 0.72, 0.294144
0.8, 0.302744, 0.28, 0.72, 0.302694
0.8, 0.301005, 0.28, 0.72, 0.299954
0.8, 0.29312, 0.28, 0.72, 0.298174
0.8, 0.303316, 0.28, 0.72, 0.301574
0.8, 0.29753, 0.28, 0.72, 0.301717
0.8, 0.296429, 0.28, 0.72, 0.298543
0.8, 0.299496, 0.28, 0.72, 0.303682
0.8, 0.305663, 0.28, 0.72, 0.304897
0.8, 0.307219, 0.28, 0.72, 0.303432
0.8, 0.310296, 0.28, 0.72, 0.302894
0.8, 0.297478, 0.28, 0.72, 0.300938
0.8, 0.303382, 0.28, 0.72, 0.302765
0.8, 0.303197, 0.28, 0.72, 0.301371
0.8, 0.300969, 0.28, 0.72, 0.303004
0.8, 0.304244, 0.28, 0.72, 0.304026
0.8, 0.297016, 0.28, 0.72, 0.297613
0.8, 0.320662, 0.29, 0.71, 0.31546
0.8, 0.316825, 0.29, 0.71, 0.308263
0.8, 0.318241, 0.29, 0.71, 0.312622
0.8, 0.315752, 0.29, 0.71, 0.315978
0.8, 0.324717, 0.29, 0.71, 0.319886
0.8, 0.31639, 0.29, 0.71, 0.315893
0.8, 0.313635, 0.29, 0.71, 0.311956
0.8, 0.323549, 0.29, 0.71, 0.320474
0.8, 0.309474, 0.29, 0.71, 0.314578
0.8, 0.31312, 0.29, 0.71, 0.3096
0.8, 0.326728, 0.29, 0.71, 0.324752
0.8, 0.317089, 0.29, 0.71, 0.312964
0.8, 0.319829, 0.29, 0.71, 0.318913
0.8, 0.311941, 0.29, 0.71, 0.31172
0.8, 0.310151, 0.29, 0.71, 0.313027
0.8, 0.314015, 0.29, 0.71, 0.313484
0.8, 0.313761, 0.29, 0.71, 0.312333
0.8, 0.313189, 0.29, 0.71, 0.317471
0.8, 0.321359, 0.29, 0.71, 0.322092
0.8, 0.311652, 0.29, 0.71, 0.314227
0.8, 0.319682, 0.29, 0.71, 0.31893
0.8, 0.316551, 0.29, 0.71, 0.315787
0.8, 0.314125, 0.29, 0.71, 0.317434
0.8, 0.320519, 0.29, 0.71, 0.316015
0.8, 0.318783, 0.29, 0.71, 0.318932
0.8, 0.336089, 0.3, 0.7, 0.339657
0.8, 0.325126, 0.3, 0.7, 0.325118
0.8, 0.330705, 0.3, 0.7, 0.328669
0.8, 0.321506, 0.3, 0.7, 0.319403
0.8, 0.341128, 0.3, 0.7, 0.335359
0.8, 0.315899, 0.3, 0.7, 0.32226
0.8, 0.332209, 0.3, 0.7, 0.330052
0.8, 0.337299, 0.3, 0.7, 0.330055
0.8, 0.321419, 0.3, 0.7, 0.32324
0.8, 0.323959, 0.3, 0.7, 0.324095
0.8, 0.322897, 0.3, 0.7, 0.321687
0.8, 0.324051, 0.3, 0.7, 0.325802
0.8, 0.335984, 0.3, 0.7, 0.332068
0.8, 0.335773, 0.3, 0.7, 0.328512
0.8, 0.331881, 0.3, 0.7, 0.328047
0.8, 0.332684, 0.3, 0.7, 0.328248
0.8, 0.317502, 0.3, 0.7, 0.32019
0.8, 0.322582, 0.3, 0.7, 0.324034
0.8, 0.336286, 0.3, 0.7, 0.333071
0.8, 0.335383, 0.3, 0.7, 0.328515
0.8, 0.334518, 0.3, 0.7, 0.333884
0.8, 0.32631, 0.3, 0.7, 0.325637
0.8, 0.336401, 0.3, 0.7, 0.330569
0.8, 0.330031, 0.3, 0.7, 0.325518
0.8, 0.33079, 0.3, 0.7, 0.327138
0.85, 0.150303, 0.15, 0.85, 0.15537
0.85, 0.14795, 0.15, 0.85, 0.149823
0.85, 0.148966, 0.15, 0.85, 0.151531
0.85, 0.157629, 0.15, 0.85, 0.156927
0.85, 0.141664, 0.15, 0.85, 0.14959
0.85, 0.150845, 0.15, 0.85, 0.151486
0.85, 0.15241, 0.15, 0.85, 0.152054
0.85, 0.153807, 0.15, 0.85, 0.154084
0.85, 0.151313, 0.15, 0.85, 0.152981
0.85, 0.148781, 0.15, 0.85, 0.151622
0.85, 0.152164, 0.15, 0.85, 0.152512
0.85, 0.154884, 0.15, 0.85, 0.150396
0.85, 0.152967, 0.15, 0.85, 0.155783
0.85, 0.151528, 0.15, 0.85, 0.153531
0.85, 0.150786, 0.15, 0.85, 0.152421
0.85, 0.154164, 0.15, 0.85, 0.152506
0.85, 0.161913, 0.15, 0.85, 0.157085
0.85, 0.156724, 0.15, 0.85, 0.155876
0.85, 0.154481, 0.15, 0.85, 0.155317
0.85, 0.152977, 0.15, 0.85, 0.151611
0.85, 0.156379, 0.15, 0.85, 0.155944
0.85, 0.15583, 0.15, 0.85, 0.155899
0.85, 0.152295, 0.15, 0.85, 0.152664
0.85, 0.154375, 0.15, 0.85, 0.153507
0.85, 0.143056, 0.15, 0.85, 0.147731
0.85, 0.161754, 0.16, 0.84, 0.165789
0.85, 0.159448, 0.16, 0.84, 0.160194
0.85, 0.167732, 0.16, 0.84, 0.162077
0.85, 0.162206, 0.16, 0.84, 0.16309
0.85, 0.160103, 0.16, 0.84, 0.160604
0.85, 0.15341, 0.16, 0.84, 0.159327
0.85, 0.164877, 0.16, 0.84, 0.163885
0.85, 0.160228, 0.16, 0.84, 0.160627
0.85, 0.163297, 0.16, 0.84, 0.167414
0.85, 0.160188, 0.16, 0.84, 0.159917
0.85, 0.164473, 0.16, 0.84, 0.161597
0.85, 0.16686, 0.16, 0.84, 0.167806
0.85, 0.161218, 0.16, 0.84, 0.160975
0.85, 0.161473, 0.16, 0.84, 0.16096
0.85, 0.165813, 0.16, 0.84, 0.165926
0.85, 0.168906, 0.16, 0.84, 0.168116
0.85, 0.167506, 0.16, 0.84, 0.165947
0.85, 0.165395, 0.16, 0.84, 0.163613
0.85, 0.168152, 0.16, 0.84, 0.166078
0.85, 0.162626, 0.16, 0.84, 0.16376
0.85, 0.162664, 0.16, 0.84, 0.166542
0.85, 0.156253, 0.16, 0.84, 0.157314
0.85, 0.164889, 0.16, 0.84, 0.165907
0.85, 0.164402, 0.16, 0.84, 0.165055
0.85, 0.162788, 0.16, 0.84, 0.162462
0.85, 0.173821, 0.17, 0.83, 0.173545
0.85, 0.178526, 0.17, 0.83, 0.177213
0.85, 0.176925, 0.17, 0.83, 0.178564
0.85, 0.177174, 0.17, 0.83, 0.173272
0.85, 0.176254, 0.17, 0.83, 0.178238
0.85, 0.16678, 0.17, 0.83, 0.167877
0.85, 0.171832, 0.17, 0.83, 0.17871
0.85, 0.178653, 0.17, 0.83, 0.177422
0.85, 0.177585, 0.17, 0.83, 0.176078
0.85, 0.170123, 0.17, 0.83, 0.176831
0.85, 0.168378, 0.17, 0.83, 0.170454
0.85, 0.168501, 0.17, 0.83, 0.173152
0.85, 0.178502, 0.17, 0.83, 0.177117
0.85, 0.17529, 0.17, 0.83, 0.176752
0.85, 0.179999, 0.17, 0.83, 0.173501
0.85, 0.176185, 0.17, 0.83, 0.173223
0.85, 0.167082, 0.17, 0.83, 0.172317
0.85, 0.178882, 0.17, 0.83, 0.175423
0.85, 0.175703, 0.17, 0.83, 0.176181
0.85, 0.17412, 0.17, 0.83, 0.17236
0.85, 0.174193, 0.17, 0.83, 0.172358
0.85, 0.177261, 0.17, 0.83, 0.1788
0.85, 0.178687, 0.17, 0.83, 0.175054
0.85, 0.175632, 0.17, 0.83, 0.17768
0.85, 0.179922, 0.17, 0.83, 0.17658
0.85, 0.185126, 0.18, 0.82, 0.187357
0.85, 0.183971, 0.18, 0.82, 0.184774
0.85, 0.188465, 0.18, 0.82, 0.187557
0.85, 0.18458, 0.18, 0.82, 0.18747
0.85, 0.18159, 0.18, 0.82, 0.185135
0.85, 0.187442, 0.18, 0.82, 0.185691
0.85, 0.185993, 0.18, 0.82, 0.188894
0.85, 0.180764, 0.18, 0.82, 0.183099
0.85, 0.184437, 0.18, 0.82, 0.184969
0.85, 0.18249, 0.18, 0.82, 0.184242
0.85, 0.192017, 0.18, 0.82, 0.191439
0.85, 0.190564, 0.18, 0.82, 0.186878
0.85, 0.18543, 0.18, 0.82, 0.185547
0.85, 0.183472, 0.18, 0.82, 0.183384
0.85, 0.186607, 0.18, 0.82, 0.187113
0.85, 0.190471, 0.18, 0.82, 0.190583
0.85, 0.195585, 0.18, 0.82, 0.189048
0.85, 0.180356, 0.18, 0.82, 0.181724
0.85, 0.188051, 0.18, 0.82, 0.188172
0.85, 0.188314, 0.18, 0.82, 0.187702
0.85, 0.183075, 0.18, 0.82, 0.184559
0.85, 0.19087, 0.18, 0.82, 0.190747
0.85, 0.188312, 0.18, 0.82, 0.185023
0.85, 0.18228, 0.18, 0.82, 0.185543
0.85, 0.195426, 0.18, 0.82, 0.190612
0.85, 0.19934, 0.19, 0.81, 0.195894
0.85, 0.199167, 0.19, 0.81, 0.200811
0.85, 0.197799, 0.19, 0.81, 0.197947
0.85, 0.199162, 0.19, 0.81, 0.201916
0.85, 0.193256, 0.19, 0.81, 0.19369
0.85, 0.205999, 0.19, 0.81, 0.200806
0.85, 0.201701, 0.19, 0.81, 0.201783
0.85, 0.2024, 0.19, 0.81, 0.20445
0.85, 0.200799, 0.19, 0.81, 0.203625
0.85, 0.194428, 0.19, 0.81, 0.199366
0.85, 0.196235, 0.19, 0.81, 0.196097
0.85, 0.194443, 0.19, 0.81, 0.19758
0.85, 0.197576, 0.19, 0.81, 0.196856
0.85, 0.202831, 0.19, 0.81, 0.198911
0.85, 0.19438, 0.19, 0.81, 0.198206
0.85, 0.201246, 0.19, 0.81, 0.201081
0.85, 0.195546, 0.19, 0.81, 0.197606
0.85, 0.191931, 0.19, 0.81, 0.194622
0.85, 0.193784, 0.19, 0.81, 0.19778
0.85, 0.193657, 0.19, 0.81, 0.193627
0.85, 0.200374, 0.19, 0.81, 0.198024
0.85, 0.196863, 0.19, 0.81, 0.19515
0.85, 0.202454, 0.19, 0.81, 0.204104
0.85, 0.190842, 0.19, 0.81, 0.193238
0.85, 0.193556, 0.19, 0.81, 0.194567
0.85, 0.211089, 0.2, 0.8, 0.208988
0.85, 0.204618, 0.2, 0.8, 0.206306
0.85, 0.217565, 0.2, 0.8, 0.209669
0.85, 0.204764, 0.2, 0.8, 0.201988
0.85, 0.208763, 0.2, 0.8, 0.208518
0.85, 0.206737, 0.2, 0.8, 0.201076
0.85, 0.207262, 0.2, 0.8, 0.208149
0.85, 0.210569, 0.2, 0.8, 0.211211
0.85, 0.215954, 0.2, 0.8, 0.215116
0.85, 0.206152, 0.2, 0.8, 0.206941
0.85, 0.211475, 0.2, 0.8, 0.212591
0.85, 0.206729, 0.2, 0.8, 0.206478
0.85, 0.202831, 0.2, 0.8, 0.203787
0.85, 0.20887, 0.2, 0.8, 0.206991
0.85, 0.209952, 0.2, 0.8, 0.213715
0.85, 0.202423, 0.2, 0.8, 0.203835
0.85, 0.21132, 0.2, 0.8, 0.212538
0.85, 0.208839, 0.2, 0.8, 0.20825
0.85, 0.208541, 0.2, 0.8, 0.20822
0.85, 0.214875, 0.2, 0.8, 0.208474
0.85, 0.211598, 0.2, 0.8, 0.214502
0.85, 0.216783, 0.2, 0.8, 0.218346
0.85, 0.217718, 0.2, 0.8, 0.211566
0.85, 0.208642, 0.2, 0.8, 0.20975
0.85, 0.214544, 0.2, 0.8, 0.21342
0.85, 0.219269, 0.21, 0.79, 0.217644
0.85, 0.216602, 0.21, 0.79, 0.221603
0.85, 0.219558, 0.21, 0.79, 0.219383
0.85, 0.22508, 0.21, 0.79, 0.219551
0.85, 0.218887, 0.21, 0.79, 0.222433
0.85, 0.215457, 0.21, 0.79, 0.215794
0.85, 0.226651, 0.21, 0.79, 0.226925
0.85, 0.217961, 0.21, 0.79, 0.218273
0.85, 0.2296, 0.21, 0.79, 0.231047
0.85, 0.218624, 0.21, 0.79, 0.220141
0.85, 0.223233, 0.21, 0.79, 0.219838
0.85, 0.220237, 0.21, 0.79, 0.220148
0.85, 0.226362, 0.21, 0.79, 0.223044
0.85, 0.220414, 0.21, 0.79, 0.222338
0.85, 0.216658, 0.21, 0.79, 0.219072
0.85, 0.223007, 0.21, 0.79, 0.216688
0.85, 0.226528, 0.21, 0.79, 0.221655
0.85, 0.220713, 0.21, 0.79, 0.219439
0.85, 0.216317, 0.21, 0.79, 0.21982
0.85, 0.212615, 0.21, 0.79, 0.219487
0.85, 0.21968, 0.21, 0.79, 0.222941
0.85, 0.223261, 0.21, 0.79, 0.221351
0.85, 0.22104, 0.21, 0.79, 0.223231
0.85, 0.21658, 0.21, 0.79, 0.215706
0.85, 0.21967, 0.21, 0.79, 0.22086
0.85, 0.228838, 0.22, 0.78, 0.233969
0.85, 0.233473, 0.22, 0.78, 0.23296
0.85, 0.245619, 0.22, 0.78, 0.243515
0.85, 0.232423, 0.22, 0.78, 0.234579
0.85, 0.23337, 0.22, 0.78, 0.236123
0.85, 0.230954, 0.22, 0.78, 0.225185
0.85, 0.232253, 0.22, 0.78, 0.236076
0.85, 0.228946, 0.22, 0.78, 0.23157
0.85, 0.230903, 0.22, 0.78, 0.230123
0.85, 0.222482, 0.22, 0.78, 0.225662
0.85, 0.222202, 0.22, 0.78, 0.224714
0.85, 0.23807, 0.22, 0.78, 0.233067
0.85, 0.228708, 0.22, 0.78, 0.22971
0.85, 0.222741, 0.22, 0.78, 0.230591
0.85, 0.236178, 0.22, 0.78, 0.235275
0.85, 0.227675, 0.22, 0.78, 0.232773
0.85, 0.243604, 0.22, 0.78, 0.240387
0.85, 0.223993, 0.22, 0.78, 0.229141
0.85, 0.236839, 0.22, 0.78, 0.236668
0.85, 0.237381, 0.22, 0.78, 0.235997
0.85, 0.23291, 0.22, 0.78, 0.23609
0.85, 0.235788, 0.22, 0.78, 0.234879
0.85, 0.233927, 0.22, 0.78, 0.233183
0.85, 0.225069, 0.22, 0.78, 0.228382
0.85, 0.224447, 0.22, 0.78, 0.227635
0.85, 0.241368, 0.23, 0.77, 0.242519
0.85, 0.244083, 0.23, 0.77, 0.24698
0.85, 0.236401, 0.23, 0.77, 0.243057
0.85, 0.238693, 0.23, 0.77, 0.238823
0.85, 0.243417, 0.23, 0.77, 0.242737
0.85, 0.245702, 0.23, 0.77, 0.246798
0.85, 0.245284, 0.23, 0.77, 0.248128
0.85, 0.246668, 0.23, 0.77, 0.245007
0.85, 0.242094, 0.23, 0.77, 0.243576
0.85, 0.243802, 0.23, 0.77, 0.24262
0.85, 0.247651, 0.23, 0.77, 0.2482
0.85, 0.235556, 0.23, 0.77, 0.2384
0.85, 0.244241, 0.23, 0.77, 0.240856
0.85, 0.242398, 0.23, 0.77, 0.240069
0.85, 0.255341, 0.23, 0.77, 0.249172
0.85, 0.244699, 0.23, 0.77, 0.246258
0.85, 0.235134, 0.23, 0.77, 0.236173
0.85, 0.242126, 0.23, 0.77, 0.239384
0.85, 0.243299, 0.23, 0.77, 0.244949
0.85, 0.249092, 0.23, 0.77, 0.25029
0.85, 0.247886, 0.23, 0.77, 0.246584
0.85, 0.242027, 0.23, 0.77, 0.24674
0.85, 0.242936, 0.23, 0.77, 0.244048
0.85, 0.240805, 0.23, 0.77, 0.242464
0.85, 0.250613, 0.23, 0.77, 0.248315
0.85, 0.253532, 0.24, 0.76, 0.255727
0.85, 0.257556, 0.24, 0.76, 0.254885
0.85, 0.250697, 0.24, 0.76, 0.253606
0.85, 0.254993, 0.24, 0.76, 0.258278
0.85, 0.254114, 0.24, 0.76, 0.255675
0.85, 0.245926, 0.24, 0.76, 0.249821
0.85, 0.255851, 0.24, 0.76, 0.25982
0.85, 0.254475, 0.24, 0.76, 0.259188
0.85, 0.253756, 0.24, 0.76, 0.258479
0.85, 0.256142, 0.24, 0.76, 0.254207
0.85, 0.250714, 0.24, 0.76, 0.254303
0.85, 0.244618, 0.24, 0.76, 0.247256
0.85, 0.253807, 0.24, 0.76, 0.253319
0.85, 0.265127, 0.24, 0.76, 0.262662
0.85, 0.261734, 0.24, 0.76, 0.257717
0.85, 0.25817, 0.24, 0.76, 0.257127
0.85, 0.25892, 0.24, 0.76, 0.257319
0.85, 0.257847, 0.24, 0.76, 0.262279
0.85, 0.267074, 0.24, 0.76, 0.263659
0.85, 0.260549, 0.24, 0.76, 0.257451
0.85, 0.25634, 0.24, 0.76, 0.256466
0.85, 0.254792, 0.24, 0.76, 0.255954
0.85, 0.256087, 0.24, 0.76, 0.257539
0.85, 0.267505, 0.24, 0.76, 0.266789
0.85, 0.254719, 0.24, 0.76, 0.255982
0.85, 0.268835, 0.25, 0.75, 0.26971
0.85, 0.270008, 0.25, 0.75, 0.270723
0.85, 0.274525, 0.25, 0.75, 0.270029
0.85, 0.265277, 0.25, 0.75, 0.262503
0.85, 0.274108, 0.25, 0.75, 0.274919
0.85, 0.267694, 0.25, 0.75, 0.271258
0.85, 0.264323, 0.25, 0.75, 0.266259
0.85, 0.27006, 0.25, 0.75, 0.270204
0.85, 0.263373, 0.25, 0.75, 0.270489
0.85, 0.271598, 0.25, 0.75, 0.2711
0.85, 0.271099, 0.25, 0.75, 0.273161
0.85, 0.276483, 0.25, 0.75, 0.273402
0.85, 0.263826, 0.25, 0.75, 0.265946
0.85, 0.272246, 0.25, 0.75, 0.270975
0.85, 0.271444, 0.25, 0.75, 0.270815
0.85, 0.260575, 0.25, 0.75, 0.261866
0.85, 0.271554, 0.25, 0.75, 0.268495
0.85, 0.276556, 0.25, 0.75, 0.273167
0.85, 0.269074, 0.25, 0.75, 0.27164
0.85, 0.276833, 0.25, 0.75, 0.271888
0.85, 0.278114, 0.25, 0.75, 0.274522
0.85, 0.259791, 0.25, 0.75, 0.262216
0.85, 0.271486, 0.25, 0.75, 0.267599
0.85, 0.270072, 0.25, 0.75, 0.268687
0.85, 0.264144, 0.25, 0.75, 0.266656
0.85, 0.280476, 0.26, 0.74, 0.280495
0.85, 0.272486, 0.26, 0.74, 0.274324
0.85, 0.284738, 0.26, 0.74, 0.282674
0.85, 0.287735, 0.26, 0.74, 0.28423
0.85, 0.268335, 0.26, 0.74, 0.269719
0.85, 0.282052, 0.26, 0.74, 0.276645
0.85, 0.284664, 0.26, 0.74, 0.284076
0.85, 0.275483, 0.26, 0.74, 0.27931
0.85, 0.277946, 0.26, 0.74, 0.27981
0.85, 0.283103, 0.26, 0.74, 0.281063
0.85, 0.281077, 0.26, 0.74, 0.28328
0.85, 0.287362, 0.26, 0.74, 0.283773
0.85, 0.274612, 0.26, 0.74, 0.275545
0.85, 0.279897, 0.26, 0.74, 0.282873
0.85, 0.28143, 0.26, 0.74, 0.28178
0.85, 0.282171, 0.26, 0.74, 0.284919
0.85, 0.281183, 0.26, 0.74, 0.27973
0.85, 0.284244, 0.26, 0.74, 0.288378
0.85, 0.279574, 0.26, 0.74, 0.284647
0.85, 0.291178, 0.26, 0.74, 0.285525
0.85, 0.271873, 0.26, 0.74, 0.27552
0.85, 0.282162, 0.26, 0.74, 0.282356
0.85, 0.2785, 0.26, 0.74, 0.284952
0.85, 0.273854, 0.26, 0.74, 0.274218
0.85, 0.27737, 0.26, 0.74, 0.281627
0.85, 0.292855, 0.27, 0.73, 0.292427
0.85, 0.291327, 0.27, 0.73, 0.291712
0.85, 0.292372, 0.27, 0.73, 0.2933
0.85, 0.281699, 0.27, 0.73, 0.289723
0.85, 0.301561, 0.27, 0.73, 0.295243
0.85, 0.303627, 0.27, 0.73, 0.301841
0.85, 0.298743, 0.27, 0.73, 0.294334
0.85, 0.295288, 0.27, 0.73, 0.294422
0.85, 0.297936, 0.27, 0.73, 0.294187
0.85, 0.294094, 0.27, 0.73, 0.294193
0.85, 0.298435, 0.27, 0.73, 0.297983
0.85, 0.288404, 0.27, 0.73, 0.288091
0.85, 0.290727, 0.27, 0.73, 0.29308
0.85, 0.289758, 0.27, 0.73, 0.295228
0.85, 0.292716, 0.27, 0.73, 0.293981
0.85, 0.290082, 0.27, 0.73, 0.289374
0.85, 0.293658, 0.27, 0.73, 0.294949
0.85, 0.299206, 0.27, 0.73, 0.293313
0.85, 0.295125, 0.27, 0.73, 0.290516
0.85, 0.30106, 0.27, 0.73, 0.289968
0.85, 0.293496, 0.27, 0.73, 0.29554
0.85, 0.296449, 0.27, 0.73, 0.300258
0.85, 0.299896, 0.27, 0.73, 0.301619
0.85, 0.29444, 0.27, 0.73, 0.292549
0.85, 0.289882, 0.27, 0.73, 0.29225
0.85, 0.306067, 0.28, 0.72, 0.310465
0.85, 0.304701, 0.28, 0.72, 0.303344
0.85, 0.305764, 0.28, 0.72, 0.300939
0.85, 0.314977, 0.28, 0.72, 0.31236
0.85, 0.30631, 0.28, 0.72, 0.312612
0.85, 0.30655, 0.28, 0.72, 0.304033
0.85, 0.298366, 0.28, 0.72, 0.308493
0.85, 0.304326, 0.28, 0.72, 0.308895
0.85, 0.313765, 0.28, 0.72, 0.315852
0.85, 0.314349, 0.28, 0.72, 0.310911
0.85, 0.29921, 0.28, 0.72, 0.302473
0.85, 0.307803, 0.28, 0.72, 0.305381
0.85, 0.299006, 0.28, 0.72, 0.303059
0.85, 0.299926, 0.28, 0.72, 0.306097
0.85, 0.307894, 0.28, 0.72, 0.309365
0.85, 0.309003, 0.28, 0.72, 0.306781
0.85, 0.303894, 0.28, 0.72, 0.305041
0.85, 0.300846, 0.28, 0.72, 0.303432
0.85, 0.308641, 0.28, 0.72, 0.303637
0.85, 0.303281, 0.28, 0.72, 0.302498
0.85, 0.304187, 0.28, 0.72, 0.30315
0.85, 0.301595, 0.28, 0.72, 0.300935
0.85, 0.296892, 0.28, 0.72, 0.300197
0.85, 0.302293, 0.28, 0.72, 0.30073
0.85, 0.312066, 0.28, 0.72, 0.30577
0.85, 0.327614, 0.29, 0.71, 0.326121
0.85, 0.314594, 0.29, 0.71, 0.312465
0.85, 0.322432, 0.29, 0.71, 0.320482
0.85, 0.322987, 0.29, 0.71, 0.315497
0.85, 0.321296, 0.29, 0.71, 0.317358
0.85, 0.319082, 0.29, 0.71, 0.318684
0.85, 0.317845, 0.29, 0.71, 0.320218
0.85, 0.325159, 0.29, 0.71, 0.319779
0.85, 0.328803, 0.29, 0.71, 0.328752
0.85, 0.321623, 0.29, 0.71, 0.322079
0.85, 0.317644, 0.29, 0.71, 0.319049
0.85, 0.322642, 0.29, 0.71, 0.321359
0.85, 0.308984, 0.29, 0.71, 0.311487
0.85, 0.31701, 0.29, 0.71, 0.315079
0.85, 0.321678, 0.29, 0.71, 0.322162
0.85, 0.316766, 0.29, 0.71, 0.31608
0.85, 0.321496, 0.29, 0.71, 0.320036
0.85, 0.325355, 0.29, 0.71, 0.320833
0.85, 0.308599, 0.29, 0.71, 0.316325
0.85, 0.317714, 0.29, 0.71, 0.316071
0.85, 0.319521, 0.29, 0.71, 0.324675
0.85, 0.320115, 0.29, 0.71, 0.31931
0.85, 0.318624, 0.29, 0.71, 0.316476
0.85, 0.328098, 0.29, 0.71, 0.322474
0.85, 0.324335, 0.29, 0.71, 0.314039
0.85, 0.333356, 0.3, 0.7, 0.337555
0.85, 0.323661, 0.3, 0.7, 0.321929
0.85, 0.338629, 0.3, 0.7, 0.336926
0.85, 0.340544, 0.3, 0.7, 0.336711
0.85, 0.326491, 0.3, 0.7, 0.328238
0.85, 0.339507, 0.3, 0.7, 0.331535
0.85, 0.333877, 0.3, 0.7, 0.329469
0.85, 0.330359, 0.3, 0.7, 0.335623
0.85, 0.337491, 0.3, 0.7, 0.335177
0.85, 0.333329, 0.3, 0.7, 0.330912
0.85, 0.338521, 0.3, 0.7, 0.335651
0.85, 0.340955, 0.3, 0.7, 0.339616
0.85, 0.32946, 0.3, 0.7, 0.3294
0.85, 0.33971, 0.3, 0.7, 0.335452
0.85, 0.326054, 0.3, 0.7, 0.329508
0.85, 0.328953, 0.3, 0.7, 0.335381
0.85, 0.331361, 0.3, 0.7, 0.333143
0.85, 0.332662, 0.3, 0.7, 0.330958
0.85, 0.337464, 0.3, 0.7, 0.333808
0.85, 0.33169, 0.3, 0.7, 0.331351
0.85, 0.338423, 0.3, 0.7, 0.334749
0.85, 0.331319, 0.3, 0.7, 0.330094
0.85, 0.320787, 0.3, 0.7, 0.323198
0.85, 0.324894, 0.3, 0.7, 0.327241
0.85, 0.335647, 0.3, 0.7, 0.330892
0.9, 0.153695, 0.15, 0.85, 0.155808
0.9, 0.149473, 0.15, 0.85, 0.155307
0.9, 0.151711, 0.15, 0.85, 0.152893
0.9, 0.150039, 0.15, 0.85, 0.15206
0.9, 0.15367, 0.15, 0.85, 0.152896
0.9, 0.16474, 0.15, 0.85, 0.163122
0.9, 0.152593, 0.15, 0.85, 0.153471
0.9, 0.15496, 0.15, 0.85, 0.154299
0.9, 0.157005, 0.15, 0.85, 0.15762
0.9, 0.156784, 0.15, 0.85, 0.15955
0.9, 0.15887, 0.15, 0.85, 0.159346
0.9, 0.152146, 0.15, 0.85, 0.148684
0.9, 0.157176, 0.15, 0.85, 0.160554
0.9, 0.158202, 0.15, 0.85, 0.155161
0.9, 0.152723, 0.15, 0.85, 0.153711
0.9, 0.153734, 0.15, 0.85, 0.153418
0.9, 0.166157, 0.15, 0.85, 0.159222
0.9, 0.159118, 0.15, 0.85, 0.155772
0.9, 0.155729, 0.15, 0.85, 0.157762
0.9, 0.153984, 0.15, 0.85, 0.156138
0.9, 0.149061, 0.15, 0.85, 0.153136
0.9, 0.154722, 0.15, 0.85, 0.158993
0.9, 0.152106, 0.15, 0.85, 0.153743
0.9, 0.15692, 0.15, 0.85, 0.154627
0.9, 0.156585, 0.15, 0.85, 0.157979
0.9, 0.169857, 0.16, 0.84, 0.164825
0.9, 0.168765, 0.16, 0.84, 0.165222
0.9, 0.169688, 0.16, 0.84, 0.169438
0.9, 0.166908, 0.16, 0.84, 0.168544
0.9, 0.158518, 0.16, 0.84, 0.163259
0.9, 0.167463, 0.16, 0.84, 0.168135
0.9, 0.170179, 0.16, 0.84, 0.165017
0.9, 0.168456, 0.16, 0.84, 0.168492
0.9, 0.162525, 0.16, 0.84, 0.16333
0.9, 0.170122, 0.16, 0.84, 0.167651
0.9, 0.163911, 0.16, 0.84, 0.164518
0.9, 0.165122, 0.16, 0.84, 0.165407
0.9, 0.172442, 0.16, 0.84, 0.173288
0.9, 0.163167, 0.16, 0.84, 0.165385
0.9, 0.167169, 0.16, 0.84, 0.168937
0.9, 0.170608, 0.16, 0.84, 0.170255
0.9, 0.171354, 0.16, 0.84, 0.171187
0.9, 0.169158, 0.16, 0.84, 0.170572
0.9, 0.166981, 0.16, 0.84, 0.166413
0.9, 0.162411, 0.16, 0.84, 0.163388
0.9, 0.164727, 0.16, 0.84, 0.164455
0.9, 0.166821, 0.16, 0.84, 0.165057
0.9, 0.166962, 0.16, 0.84, 0.167084
0.9, 0.166479, 0.16, 0.84, 0.167608
0.9, 0.170235, 0.16, 0.84, 0.170317
0.9, 0.18117, 0.17, 0.83, 0.175889
0.9, 0.172961, 0.17, 0.83, 0.177494
0.9, 0.183323, 0.17, 0.83, 0.180277
0.9, 0.179097, 0.17, 0.83, 0.180805
0.9, 0.183207, 0.17, 0.83, 0.182983
0.9, 0.168306, 0.17, 0.83, 0.172271
0.9, 0.180016, 0.17, 0.83, 0.178319
0.9, 0.175071, 0.17, 0.83, 0.17514
0.9, 0.17951, 0.17, 0.83, 0.180776
0.9, 0.177099, 0.17, 0.83, 0.175385
0.9, 0.188221, 0.17, 0.83, 0.182849
0.9, 0.182212, 0.17, 0.83, 0.18013
0.9, 0.17205, 0.17, 0.83, 0.172965
0.9, 0.175345, 0.17, 0.83, 0.176003
0.9, 0.174556, 0.17, 0.83, 0.173679
0.9, 0.178003, 0.17, 0.83, 0.178045
0.9, 0.181545, 0.17, 0.83, 0.17746
0.9, 0.171531, 0.17, 0.83, 0.171552
0.9, 0.173408, 0.17, 0.83, 0.171761
0.9, 0.169606, 0.17, 0.83, 0.174623
0.9, 0.176658, 0.17, 0.83, 0.178278
0.9, 0.177532, 0.17, 0.83, 0.177908
0.9, 0.177377, 0.17, 0.83, 0.181005
0.9, 0.184716, 0.17, 0.83, 0.181417
0.9, 0.176198, 0.17, 0.83, 0.173699
0.9, 0.181137, 0.18, 0.82, 0.185619
0.9, 0.191771, 0.18, 0.82, 0.192121
0.9, 0.190148, 0.18, 0.82, 0.190941
0.9, 0.189365, 0.18, 0.82, 0.188304
0.9, 0.183072, 0.18, 0.82, 0.18716
0.9, 0.186499, 0.18, 0.82, 0.189724
0.9, 0.182043, 0.18, 0.82, 0.184349
0.9, 0.189555, 0.18, 0.82, 0.189141
0.9, 0.183815, 0.18, 0.82, 0.186105
0.9, 0.187527, 0.18, 0.82, 0.19082
0.9, 0.184262, 0.18, 0.82, 0.185487
0.9, 0.188545, 0.18, 0.82, 0.189266
0.9, 0.19233, 0.18, 0.82, 0.189788
0.9, 0.187427, 0.18, 0.82, 0.187585
0.9, 0.186917, 0.18, 0.82, 0.184566
0.9, 0.189777, 0.18, 0.82, 0.187009
0.9, 0.183106, 0.18, 0.82, 0.185713
0.9, 0.193982, 0.18, 0.82, 0.189993
0.9, 0.184713, 0.18, 0.82, 0.188607
0.9, 0.189748, 0.18, 0.82, 0.192814
0.9, 0.187222, 0.18, 0.82, 0.187148
0.9, 0.191439, 0.18, 0.82, 0.193444
0.9, 0.186303, 0.18, 0.82, 0.189626
0.9, 0.188012, 0.18, 0.82, 0.191351
0.9, 0.188666, 0.18, 0.82, 0.189276
0.9, 0.19337, 0.19, 0.81, 0.196706
0.9, 0.189243, 0.19, 0.81, 0.193422
0.9, 0.198794, 0.19, 0.81, 0.203291
0.9, 0.200746, 0.19, 0.81, 0.203567
0.9, 0.197073, 0.19, 0.81, 0.197887
0.9, 0.196192, 0.19, 0.81, 0.195999
0.9, 0.201254, 0.19, 0.81, 0.203588
0.9, 0.196581, 0.19, 0.81, 0.197902
0.9, 0.195516, 0.19, 0.81, 0.201737
0.9, 0.198781, 0.19, 0.81, 0.19904
0.9, 0.202506, 0.19, 0.81, 0.202561
0.9, 0.197875, 0.19, 0.81, 0.197607
0.9, 0.197211, 0.19, 0.81, 0.201675
0.9, 0.201086, 0.19, 0.81, 0.201183
0.9, 0.202647, 0.19, 0.81, 0.202338
0.9, 0.201388, 0.19, 0.81, 0.203054
0.9, 0.197819, 0.19, 0.81, 0.201461
0.9, 0.199232, 0.19, 0.81, 0.20107
0.9, 0.196508, 0.19, 0.81, 0.200635
0.9, 0.195694, 0.19, 0.81, 0.194981
0.9, 0.203524, 0.19, 0.81, 0.203012
0.9, 0.19805, 0.19, 0.81, 0.199166
0.9, 0.198967, 0.19, 0.81, 0.195526
0.9, 0.204742, 0.19, 0.81, 0.199074
0.9, 0.196515, 0.19, 0.81, 0.19851
0.9, 0.217418, 0.2, 0.8, 0.214845
0.9, 0.215691, 0.2, 0.8, 0.21375
0.9, 0.208075, 0.2, 0.8, 0.205734
0.9, 0.208924, 0.2, 0.8, 0.213131
0.9, 0.221163, 0.2, 0.8, 0.21539
0.9, 0.212979, 0.2, 0.8, 0.218014
0.9, 0.207605, 0.2, 0.8, 0.211422
0.9, 0.209493, 0.2, 0.8, 0.208598
0.9, 0.220332, 0.2, 0.8, 0.214815
0.9, 0.206662, 0.2, 0.8, 0.205468
0.9, 0.217507, 0.2, 0.8, 0.213067
0.9, 0.20828, 0.2, 0.8, 0.209261
0.9, 0.216169, 0.2, 0.8, 0.211578
0.9, 0.214882, 0.2, 0.8, 0.214742
0.9, 0.211786, 0.2, 0.8, 0.209706
0.9, 0.214886, 0.2, 0.8, 0.212731
0.9, 0.20823, 0.2, 0.8, 0.207971
0.9, 0.21872, 0.2, 0.8, 0.216745
0.9, 0.217893, 0.2, 0.8, 0.215044
0.9, 0.210972, 0.2, 0.8, 0.21113
0.9, 0.224884, 0.2, 0.8, 0.217567
0.9, 0.211525, 0.2, 0.8, 0.215674
0.9, 0.204712, 0.2, 0.8, 0.210523
0.9, 0.215362, 0.2, 0.8, 0.214076
0.9, 0.204755, 0.2, 0.8, 0.208525
0.9, 0.220891, 0.21, 0.79, 0.224085
0.9, 0.225712, 0.21, 0.79, 0.229216
0.9, 0.220626, 0.21, 0.79, 0.228951
0.9, 0.229456, 0.21, 0.79, 0.228817
0.9, 0.225729, 0.21, 0.79, 0.228579
0.9, 0.237568, 0.21, 0.79, 0.229237
0.9, 0.215141, 0.21, 0.79, 0.217835
0.9, 0.222984, 0.21, 0.79, 0.22553
0.9, 0.227258, 0.21, 0.79, 0.225003
0.9, 0.229311, 0.21, 0.79, 0.222935
0.9, 0.224936, 0.21, 0.79, 0.221166
0.9, 0.228982, 0.21, 0.79, 0.228178
0.9, 0.226772, 0.21, 0.79, 0.228267
0.9, 0.224102, 0.21, 0.79, 0.227399
0.9, 0.224938, 0.21, 0.79, 0.222087
0.9, 0.232271, 0.21, 0.79, 0.228029
0.9, 0.232578, 0.21, 0.79, 0.226453
0.9, 0.224768, 0.21, 0.79, 0.222428
0.9, 0.22528, 0.21, 0.79, 0.224496
0.9, 0.22957, 0.21, 0.79, 0.228277
0.9, 0.223986, 0.21, 0.79, 0.222764
0.9, 0.222954, 0.21, 0.79, 0.222967
0.9, 0.22177, 0.21, 0.79, 0.222736
0.9, 0.218562, 0.21, 0.79, 0.219847
0.9, 0.220607, 0.21, 0.79, 0.220772
0.9, 0.235465, 0.22, 0.78, 0.235922
0.9, 0.234558, 0.22, 0.78, 0.23753
0.9, 0.240868, 0.22, 0.78, 0.236174
0.9, 0.235859, 0.22, 0.78, 0.237999
0.9, 0.233894, 0.22, 0.78, 0.234673
0.9, 0.229937, 0.22, 0.78, 0.229652
0.9, 0.236571, 0.22, 0.78, 0.237531
0.9, 0.224279, 0.22, 0.78, 0.227645
0.9, 0.23612, 0.22, 0.78, 0.236851
0.9, 0.243301, 0.22, 0.78, 0.240827
0.9, 0.235171, 0.22, 0.78, 0.234075
0.9, 0.24333, 0.22, 0.78, 0.236262
0.9, 0.230413, 0.22, 0.78, 0.235955
0.9, 0.235784, 0.22, 0.78, 0.238836
0.9, 0.233774, 0.22, 0.78, 0.233284
0.9, 0.23503, 0.22, 0.78, 0.234675
0.9, 0.241428, 0.22, 0.78, 0.242032
0.9, 0.23119, 0.22, 0.78, 0.239675
0.9, 0.231517, 0.22, 0.78, 0.231616
0.9, 0.239689, 0.22, 0.78, 0.234021
0.9, 0.228946, 0.22, 0.78, 0.233282
0.9, 0.239909, 0.22, 0.78, 0.240314
0.9, 0.240312, 0.22, 0.78, 0.238291
0.9, 0.243571, 0.22, 0.78, 0.242705
0.9, 0.233241, 0.22, 0.78, 0.231816
0.9, 0.248783, 0.23, 0.77, 0.24759
0.9, 0.248, 0.23, 0.77, 0.248847
0.9, 0.246728, 0.23, 0.77, 0.247794
0.9, 0.246396, 0.23, 0.77, 0.248583
0.9, 0.244309, 0.23, 0.77, 0.244801
0.9, 0.23812, 0.23, 0.77, 0.237031
0.9, 0.242194, 0.23, 0.77, 0.244607
0.9, 0.238601, 0.23, 0.77, 0.243572
0.9, 0.247763, 0.23, 0.77, 0.245623
0.9, 0.243262, 0.23, 0.77, 0.247775
0.9, 0.241896, 0.23, 0.77, 0.243675
0.9, 0.241543, 0.23, 0.77, 0.245694
0.9, 0.2393, 0.23, 0.77, 0.241789
0.9, 0.249887, 0.23, 0.77, 0.250096
0.9, 0.249566, 0.23, 0.77, 0.24975
0.9, 0.245168, 0.23, 0.77, 0.245879
0.9, 0.252132, 0.23, 0.77, 0.250779
0.9, 0.240261, 0.23, 0.77, 0.244932
0.9, 0.249754, 0.23, 0.77, 0.24478
0.9, 0.247666, 0.23, 0.77, 0.244101
0.9, 0.258367, 0.23, 0.77, 0.252433
0.9, 0.250838, 0.23, 0.77, 0.249727
0.9, 0.238242, 0.23, 0.77, 0.242269
0.9, 0.244639, 0.23, 0.77, 0.24549
0.9, 0.249342, 0.23, 0.77, 0.24839
0.9, 0.25166, 0.24, 0.76, 0.255674
0.9, 0.254423, 0.24, 0.76, 0.261209
0.9, 0.261106, 0.24, 0.76, 0.262034
0.9, 0.261831, 0.24, 0.76, 0.262657
0.9, 0.266301, 0.24, 0.76, 0.264704
0.9, 0.256567, 0.24, 0.76, 0.260448
0.9, 0.257782, 0.24, 0.76, 0.257341
0.9, 0.252525, 0.24, 0.76, 0.253868
0.9, 0.260844, 0.24, 0.76, 0.262409
0.9, 0.248084, 0.24, 0.76, 0.256975
0.9, 0.266209, 0.24, 0.76, 0.261545
0.9, 0.258349, 0.24, 0.76, 0.258036
0.9, 0.256442, 0.24, 0.76, 0.259468
0.9, 0.254136, 0.24, 0.76, 0.253313
0.9, 0.256874, 0.24, 0.76, 0.255869
0.9, 0.258296, 0.24, 0.76, 0.260315
0.9, 0.2624, 0.24, 0.76, 0.263733
0.9, 0.26104, 0.24, 0.76, 0.259679
0.9, 0.249419, 0.24, 0.76, 0.252453
0.9, 0.25881, 0.24, 0.76, 0.258013
0.9, 0.26248, 0.24, 0.76, 0.260509
0.9, 0.258748, 0.24, 0.76, 0.260413
0.9, 0.266293, 0.24, 0.76, 0.265126
0.9, 0.257667, 0.24, 0.76, 0.256879
0.9, 0.263494, 0.24, 0.76, 0.264272
0.9, 0.269487, 0.25, 0.75, 0.269501
0.9, 0.273239, 0.25, 0.75, 0.269021
0.9, 0.267359, 0.25, 0.75, 0.267948
0.9, 0.270793, 0.25, 0.75, 0.272727
0.9, 0.265374, 0.25, 0.75, 0.268332
0.9, 0.26487, 0.25, 0.75, 0.267504
0.9, 0.281575, 0.25, 0.75, 0.276635
0.9, 0.273259, 0.25, 0.75, 0.273879
0.9, 0.272142, 0.25, 0.75, 0.271856
0.9, 0.274355, 0.25, 0.75, 0.271218
0.9, 0.27143, 0.25, 0.75, 0.271966
0.9, 0.272372, 0.25, 0.75, 0.274214
0.9, 0.266278, 0.25, 0.75, 0.270587
0.9, 0.27458, 0.25, 0.75, 0.271997
0.9, 0.283633, 0.25, 0.75, 0.282444
0.9, 0.283245, 0.25, 0.75, 0.277611
0.9, 0.269967, 0.25, 0.75, 0.268244
0.9, 0.269491, 0.25, 0.75, 0.269544
0.9, 0.27505, 0.25, 0.75, 0.277122
0.9, 0.27999, 0.25, 0.75, 0.272793
0.9, 0.276266, 0.25, 0.75, 0.276395
0.9, 0.271618, 0.25, 0.75, 0.273567
0.9, 0.274397, 0.25, 0.75, 0.274204
0.9, 0.273322, 0.25, 0.75, 0.27803
0.9, 0.27945, 0.25, 0.75, 0.277111
0.9, 0.279843, 0.26, 0.74, 0.282324
0.9, 0.276241, 0.26, 0.74, 0.277685
0.9, 0.287396, 0.26, 0.74, 0.289808
0.9, 0.286769, 0.26, 0.74, 0.286405
0.9, 0.278873, 0.26, 0.74, 0.28497
0.9, 0.284611, 0.26, 0.74, 0.282389
0.9, 0.293264, 0.26, 0.74, 0.286466
0.9, 0.287364, 0.26, 0.74, 0.285554
0.9, 0.273866, 0.26, 0.74, 0.278912
0.9, 0.283217, 0.26, 0.74, 0.284416
0.9, 0.284435, 0.26, 0.74, 0.284199
0.9, 0.283102, 0.26, 0.74, 0.279004
0.9, 0.285683, 0.26, 0.74, 0.281479
0.9, 0.278446, 0.26, 0.74, 0.281
0.9, 0.279427, 0.26, 0.74, 0.283006
0.9, 0.282059, 0.26, 0.74, 0.28458
0.9, 0.28663, 0.26, 0.74, 0.287245
0.9, 0.295341, 0.26, 0.74, 0.290675
0.9, 0.278502, 0.26, 0.74, 0.280306
0.9, 0.285285, 0.26, 0.74, 0.282603
0.9, 0.287214, 0.26, 0.74, 0.286449
0.9, 0.270857, 0.26, 0.74, 0.274825
0.9, 0.281437, 0.26, 0.74, 0.283331
0.9, 0.282234, 0.26, 0.74, 0.279494
0.9, 0.282714, 0.26, 0.74, 0.281917
0.9, 0.295198, 0.27, 0.73, 0.298153
0.9, 0.290267, 0.27, 0.73, 0.290715
0.9, 0.3056, 0.27, 0.73, 0.295722
0.9, 0.300943, 0.27, 0.73, 0.298697
0.9, 0.295054, 0.27, 0.73, 0.289594
0.9, 0.299748, 0.27, 0.73, 0.298712
0.9, 0.294485, 0.27, 0.73, 0.294272
0.9, 0.281244, 0.27, 0.73, 0.284121
0.9, 0.303232, 0.27, 0.73, 0.297399
0.9, 0.294742, 0.27, 0.73, 0.295064
0.9, 0.288431, 0.27, 0.73, 0.289348
0.9, 0.291067, 0.27, 0.73, 0.290676
0.9, 0.293609, 0.27, 0.73, 0.293964
0.9, 0.288115, 0.27, 0.73, 0.293778
0.9, 0.306742, 0.27, 0.73, 0.300118
0.9, 0.297421, 0.27, 0.73, 0.294844
0.9, 0.289333, 0.27, 0.73, 0.292301
0.9, 0.294352, 0.27, 0.73, 0.293262
0.9, 0.297028, 0.27, 0.73, 0.299583
0.9, 0.289261, 0.27, 0.73, 0.291872
0.9, 0.304285, 0.27, 0.73, 0.30399
0.9, 0.297783, 0.27, 0.73, 0.298745
0.9, 0.290534, 0.27, 0.73, 0.294533
0.9, 0.30503, 0.27, 0.73, 0.301231
0.9, 0.29542, 0.27, 0.73, 0.296543
0.9, 0.315412, 0.28, 0.72, 0.309328
0.9, 0.314474, 0.28, 0.72, 0.310703
0.9, 0.309245, 0.28, 0.72, 0.308065
0.9, 0.310738, 0.28, 0.72, 0.310294
0.9, 0.315629, 0.28, 0.72, 0.312743
0.9, 0.307761, 0.28, 0.72, 0.309632
0.9, 0.308019, 0.28, 0.72, 0.307882
0.9, 0.314361, 0.28, 0.72, 0.306499
0.9, 0.310473, 0.28, 0.72, 0.313153
0.9, 0.311828, 0.28, 0.72, 0.3074
0.9, 0.310929, 0.28, 0.72, 0.312566
0.9, 0.313208, 0.28, 0.72, 0.311141
0.9, 0.30481, 0.28, 0.72, 0.304936
0.9, 0.304997, 0.28, 0.72, 0.303701
0.9, 0.313089, 0.28, 0.72, 0.310662
0.9, 0.306716, 0.28, 0.72, 0.309215
0.9, 0.313859, 0.28, 0.72, 0.307263
0.9, 0.307259, 0.28, 0.72, 0.309274
0.9, 0.30916, 0.28, 0.72, 0.306059
0.9, 0.30221, 0.28, 0.72, 0.304085
0.9, 0.313576, 0.28, 0.72, 0.309729
0.9, 0.310942, 0.28, 0.72, 0.309293
0.9, 0.310056, 0.28, 0.72, 0.311237
0.9, 0.309646, 0.28, 0.72, 0.307581
0.9, 0.314936, 0.28, 0.72, 0.313721
0.9, 0.32189, 0.29, 0.71, 0.316824
0.9, 0.326464, 0.29, 0.71, 0.321027
0.9, 0.327682, 0.29, 0.71, 0.323505
0.9, 0.326144, 0.29, 0.71, 0.320779
0.9, 0.324984, 0.29, 0.71, 0.326913
0.9, 0.322288, 0.29, 0.71, 0.324782
0.9, 0.324027, 0.29, 0.71, 0.323988
0.9, 0.319455, 0.29, 0.71, 0.320849
0.9, 0.323682, 0.29, 0.71, 0.322141
0.9, 0.320584, 0.29, 0.71, 0.324058
0.9, 0.334795, 0.29, 0.71, 0.326485
0.9, 0.314572, 0.29, 0.71, 0.316343
0.9, 0.313821, 0.29, 0.71, 0.312472
0.9, 0.319028, 0.29, 0.71, 0.321404
0.9, 0.324252, 0.29, 0.71, 0.321314
0.9, 0.326309, 0.29, 0.71, 0.325677
0.9, 0.318032, 0.29, 0.71, 0.317479
0.9, 0.325501, 0.29, 0.71, 0.323972
0.9, 0.32359, 0.29, 0.71, 0.321895
0.9, 0.320629, 0.29, 0.71, 0.318249
0.9, 0.323797, 0.29, 0.71, 0.320178
0.9, 0.33136, 0.29, 0.71, 0.31971
0.9, 0.322608, 0.29, 0.71, 0.322071
0.9, 0.327987, 0.29, 0.71, 0.321849
0.9, 0.32405, 0.29, 0.71, 0.322704
0.9, 0.338228, 0.3, 0.7, 0.3336
0.9, 0.335712, 0.3, 0.7, 0.330363
0.9, 0.337164, 0.3, 0.7, 0.337143
0.9, 0.331489, 0.3, 0.7, 0.332211
0.9, 0.334139, 0.3, 0.7, 0.335771
0.9, 0.338916, 0.3, 0.7, 0.333937
0.9, 0.323403, 0.3, 0.7, 0.325281
0.9, 0.343884, 0.3, 0.7, 0.340999
0.9, 0.343764, 0.3, 0.7, 0.337646
0.9, 0.332932, 0.3, 0.7, 0.329961
0.9, 0.334056, 0.3, 0.7, 0.332417
0.9, 0.32606, 0.3, 0.7, 0.330227
0.9, 0.337952, 0.3, 0.7, 0.341091
0.9, 0.337819, 0.3, 0.7, 0.337945
0.9, 0.34255, 0.3, 0.7, 0.338135
0.9, 0.337059, 0.3, 0.7, 0.335118
0.9, 0.333641, 0.3, 0.7, 0.335238
0.9, 0.341734, 0.3, 0.7, 0.335734
0.9, 0.337914, 0.3, 0.7, 0.333521
0.9, 0.329285, 0.3, 0.7, 0.331611
0.9, 0.330226, 0.3, 0.7, 0.329285
0.9, 0.326915, 0.3, 0.7, 0.322443
0.9, 0.32893, 0.3, 0.7, 0.332034
0.9, 0.332719, 0.3, 0.7, 0.328523
0.9, 0.328366, 0.3, 0.7, 0.330065
0.95, 0.156434, 0.15, 0.85, 0.161108
0.95, 0.152954, 0.15, 0.85, 0.15626
0.95, 0.155051, 0.15, 0.85, 0.156148
0.95, 0.15209, 0.15, 0.85, 0.152734
0.95, 0.15726, 0.15, 0.85, 0.157827
0.95, 0.159432, 0.15, 0.85, 0.15973
0.95, 0.151425, 0.15, 0.85, 0.153051
0.95, 0.155932, 0.15, 0.85, 0.157276
0.95, 0.158713, 0.15, 0.85, 0.159619
0.95, 0.152376, 0.15, 0.85, 0.156205
0.95, 0.152501, 0.15, 0.85, 0.157226
0.95, 0.161446, 0.15, 0.85, 0.160862
0.95, 0.157193, 0.15, 0.85, 0.156464
0.95, 0.155018, 0.15, 0.85, 0.152195
0.95, 0.164913, 0.15, 0.85, 0.164743
0.95, 0.153837, 0.15, 0.85, 0.155161
0.95, 0.158924, 0.15, 0.85, 0.158994
0.95, 0.162388, 0.15, 0.85, 0.158937
0.95, 0.157333, 0.15, 0.85, 0.158336
0.95, 0.159823, 0.15, 0.85, 0.155207
0.95, 0.158494, 0.15, 0.85, 0.160137
0.95, 0.161164, 0.15, 0.85, 0.160965
0.95, 0.16036, 0.15, 0.85, 0.156347
0.95, 0.152373, 0.15, 0.85, 0.154561
0.95, 0.15454, 0.15, 0.85, 0.157165
0.95, 0.165727, 0.16, 0.84, 0.16627
0.95, 0.168026, 0.16, 0.84, 0.169517
0.95, 0.176247, 0.16, 0.84, 0.172935
0.95, 0.173541, 0.16, 0.84, 0.172952
0.95, 0.169903, 0.16, 0.84, 0.168098
0.95, 0.1719, 0.16, 0.84, 0.171764
0.95, 0.172428, 0.16, 0.84, 0.174767
0.95, 0.167507, 0.16, 0.84, 0.170672
0.95, 0.169601, 0.16, 0.84, 0.16718
0.95, 0.170983, 0.16, 0.84, 0.170139
0.95, 0.16847, 0.16, 0.84, 0.168651
0.95, 0.170784, 0.16, 0.84, 0.171687
0.95, 0.167799, 0.16, 0.84, 0.16346
0.95, 0.160935, 0.16, 0.84, 0.165924
0.95, 0.167392, 0.16, 0.84, 0.166729
0.95, 0.170481, 0.16, 0.84, 0.16975
0.95, 0.165711, 0.16, 0.84, 0.167961
0.95, 0.171746, 0.16, 0.84, 0.167874
0.95, 0.171902, 0.16, 0.84, 0.169251
0.95, 0.173017, 0.16, 0.84, 0.169025
0.95, 0.164968, 0.16, 0.84, 0.168548
0.95, 0.165841, 0.16, 0.84, 0.170029
0.95, 0.164295, 0.16, 0.84, 0.164509
0.95, 0.16809, 0.16, 0.84, 0.170124
0.95, 0.173192, 0.16, 0.84, 0.170197
0.95, 0.181005, 0.17, 0.83, 0.177757
0.95, 0.174665, 0.17, 0.83, 0.175463
0.95, 0.174843, 0.17, 0.83, 0.177412
0.95, 0.183693, 0.17, 0.83, 0.180176
0.95, 0.179294, 0.17, 0.83, 0.180967
0.95, 0.183366, 0.17, 0.83, 0.179544
0.95, 0.173102, 0.17, 0.83, 0.175627
0.95, 0.181196, 0.17, 0.83, 0.18201
0.95, 0.18114, 0.17, 0.83, 0.181838
0.95, 0.179885, 0.17, 0.83, 0.180718
0.95, 0.180632, 0.17, 0.83, 0.178947
0.95, 0.177251, 0.17, 0.83, 0.177286
0.95, 0.172351, 0.17, 0.83, 0.179426
0.95, 0.182133, 0.17, 0.83, 0.181712
0.95, 0.17434, 0.17, 0.83, 0.176222
0.95, 0.18123, 0.17, 0.83, 0.181765
0.95, 0.182474, 0.17, 0.83, 0.183684
0.95, 0.179175, 0.17, 0.83, 0.179443
0.95, 0.175846, 0.17, 0.83, 0.176262
0.95, 0.189131, 0.17, 0.83, 0.186015
0.95, 0.176322, 0.17, 0.83, 0.177423
0.95, 0.180964, 0.17, 0.83, 0.178476
0.95, 0.176986, 0.17, 0.83, 0.179731
0.95, 0.176488, 0.17, 0.83, 0.178733
0.95, 0.180668, 0.17, 0.83, 0.180174
0.95, 0.188664, 0.18, 0.82, 0.18558
0.95, 0.188445, 0.18, 0.82, 0.194337
0.95, 0.194542, 0.18, 0.82, 0.196261
0.95, 0.194042, 0.18, 0.82, 0.191606
0.95, 0.188147, 0.18, 0.82, 0.192368
0.95, 0.189001, 0.18, 0.82, 0.191416
0.95, 0.183947, 0.18, 0.82, 0.185398
0.95, 0.190036, 0.18, 0.82, 0.190136
0.95, 0.187852, 0.18, 0.82, 0.191161
0.95, 0.194098, 0.18, 0.82, 0.189932
0.95, 0.193219, 0.18, 0.82, 0.190948
0.95, 0.191785, 0.18, 0.82, 0.18802
0.95, 0.195909, 0.18, 0.82, 0.196765
0.95, 0.195941, 0.18, 0.82, 0.192337
0.95, 0.182772, 0.18, 0.82, 0.189166
0.95, 0.191461, 0.18, 0.82, 0.193645
0.95, 0.195609, 0.18, 0.82, 0.193293
0.95, 0.187284, 0.18, 0.82, 0.191608
0.95, 0.190983, 0.18, 0.82, 0.191008
0.95, 0.198317, 0.18, 0.82, 0.192225
0.95, 0.19757, 0.18, 0.82, 0.193006
0.95, 0.189582, 0.18, 0.82, 0.188361
0.95, 0.201351, 0.18, 0.82, 0.198148
0.95, 0.191778, 0.18, 0.82, 0.193027
0.95, 0.189343, 0.18, 0.82, 0.192726
0.95, 0.20355, 0.19, 0.81, 0.200363
0.95, 0.206877, 0.19, 0.81, 0.208545
0.95, 0.200298, 0.19, 0.81, 0.200207
0.95, 0.199253, 0.19, 0.81, 0.206696
0.95, 0.202742, 0.19, 0.81, 0.202801
0.95, 0.197988, 0.19, 0.81, 0.202539
0.95, 0.1953, 0.19, 0.81, 0.200929
0.95, 0.20017, 0.19, 0.81, 0.204247
0.95, 0.203813, 0.19, 0.81, 0.205439
0.95, 0.196835, 0.19, 0.81, 0.200217
0.95, 0.199828, 0.19, 0.81, 0.207592
0.95, 0.20192, 0.19, 0.81, 0.202633
0.95, 0.198104, 0.19, 0.81, 0.203601
0.95, 0.208126, 0.19, 0.81, 0.204843
0.95, 0.20971, 0.19, 0.81, 0.2085
0.95, 0.199184, 0.19, 0.81, 0.203841
0.95, 0.204032, 0.19, 0.81, 0.202346
0.95, 0.199418, 0.19, 0.81, 0.202056
0.95, 0.208562, 0.19, 0.81, 0.204678
0.95, 0.205552, 0.19, 0.81, 0.206611
0.95, 0.212581, 0.19, 0.81, 0.207325
0.95, 0.204047, 0.19, 0.81, 0.206705
0.95, 0.19745, 0.19, 0.81, 0.199485
0.95, 0.206379, 0.19, 0.81, 0.202321
0.95, 0.193121, 0.19, 0.81, 0.20178
0.95, 0.205121, 0.2, 0.8, 0.209235
0.95, 0.206645, 0.2, 0.8, 0.212052
0.95, 0.21197, 0.2, 0.8, 0.212653
0.95, 0.212034, 0.2, 0.8, 0.213437
0.95, 0.211018, 0.2, 0.8, 0.21244
0.95, 0.214871, 0.2, 0.8, 0.21552
0.95, 0.218104, 0.2, 0.8, 0.21487
0.95, 0.214622, 0.2, 0.8, 0.217589
0.95, 0.213698, 0.2, 0.8, 0.214286
0.95, 0.219092, 0.2, 0.8, 0.218875
0.95, 0.209051, 0.2, 0.8, 0.215405
0.95, 0.212409, 0.2, 0.8, 0.212459
0.95, 0.200228, 0.2, 0.8, 0.206329
0.95, 0.221822, 0.2, 0.8, 0.216691
0.95, 0.213256, 0.2, 0.8, 0.212169
0.95, 0.212181, 0.2, 0.8, 0.214172
0.95, 0.213382, 0.2, 0.8, 0.217396
0.95, 0.212317, 0.2, 0.8, 0.213379
0.95, 0.214672, 0.2, 0.8, 0.216143
0.95, 0.212724, 0.2, 0.8, 0.213556
0.95, 0.218935, 0.2, 0.8, 0.218037
0.95, 0.222838, 0.2, 0.8, 0.221014
0.95, 0.20486, 0.2, 0.8, 0.210334
0.95, 0.215739, 0.2, 0.8, 0.213927
0.95, 0.213035, 0.2, 0.8, 0.209462
0.95, 0.228899, 0.21, 0.79, 0.230091
0.95, 0.220836, 0.21, 0.79, 0.223519
0.95, 0.220646, 0.21, 0.79, 0.225605
0.95, 0.231083, 0.21, 0.79, 0.226541
0.95, 0.231829, 0.21, 0.79, 0.228491
0.95, 0.225107, 0.21, 0.79, 0.229772
0.95, 0.232846, 0.21, 0.79, 0.232221
0.95, 0.218506, 0.21, 0.79, 0.223042
0.95, 0.230031, 0.21, 0.79, 0.227407
0.95, 0.23338, 0.21, 0.79, 0.226889
0.95, 0.226187, 0.21, 0.79, 0.22662
0.95, 0.224465, 0.21, 0.79, 0.222258
0.95, 0.231235, 0.21, 0.79, 0.227955
0.95, 0.219457, 0.21, 0.79, 0.22279
0.95, 0.22172, 0.21, 0.79, 0.225854
0.95, 0.227299, 0.21, 0.79, 0.226005
0.95, 0.223292, 0.21, 0.79, 0.223976
0.95, 0.226259, 0.21, 0.79, 0.231477
0.95, 0.2203, 0.21, 0.79, 0.221625
0.95, 0.223954, 0.21, 0.79, 0.226477
0.95, 0.224684, 0.21, 0.79, 0.225541
0.95, 0.225665, 0.21, 0.79, 0.224832
0.95, 0.224441, 0.21, 0.79, 0.222734
0.95, 0.223922, 0.21, 0.79, 0.22433
0.95, 0.225464, 0.21, 0.79, 0.227415
0.95, 0.247726, 0.22, 0.78, 0.242685
0.95, 0.241966, 0.22, 0.78, 0.239793
0.95, 0.238252, 0.22, 0.78, 0.238326
0.95, 0.23298, 0.22, 0.78, 0.233913
0.95, 0.234424, 0.22, 0.78, 0.238186
0.95, 0.235882, 0.22, 0.78, 0.23591
0.95, 0.233364, 0.22, 0.78, 0.234771
0.95, 0.239838, 0.22, 0.78, 0.23885
0.95, 0.245588, 0.22, 0.78, 0.242043
0.95, 0.239685, 0.22, 0.78, 0.241832
0.95, 0.233089, 0.22, 0.78, 0.231386
0.95, 0.23632, 0.22, 0.78, 0.233019
0.95, 0.236193, 0.22, 0.78, 0.237395
0.95, 0.24312, 0.22, 0.78, 0.237475
0.95, 0.236397, 0.22, 0.78, 0.237838
0.95, 0.243871, 0.22, 0.78, 0.240172
0.95, 0.239076, 0.22, 0.78, 0.239602
0.95, 0.241885, 0.22, 0.78, 0.239668
0.95, 0.233773, 0.22, 0.78, 0.237655
0.95, 0.233401, 0.22, 0.78, 0.23506
0.95, 0.23782, 0.22, 0.78, 0.239545
0.95, 0.238954, 0.22, 0.78, 0.243982
0.95, 0.229854, 0.22, 0.78, 0.231239
0.95, 0.244368, 0.22, 0.78, 0.23934
0.95, 0.237994, 0.22, 0.78, 0.234724
0.95, 0.250177, 0.23, 0.77, 0.24679
0.95, 0.253502, 0.23, 0.77, 0.252812
0.95, 0.252696, 0.23, 0.77, 0.255768
0.95, 0.24577, 0.23, 0.77, 0.248327
0.95, 0.246584, 0.23, 0.77, 0.247602
0.95, 0.25217, 0.23, 0.77, 0.248254
0.95, 0.254031, 0.23, 0.77, 0.250069
0.95, 0.252943, 0.23, 0.77, 0.254111
0.95, 0.243058, 0.23, 0.77, 0.248939
0.95, 0.238815, 0.23, 0.77, 0.239921
0.95, 0.244273, 0.23, 0.77, 0.248525
0.95, 0.253999, 0.23, 0.77, 0.249695
0.95, 0.255157, 0.23, 0.77, 0.250597
0.95, 0.246798, 0.23, 0.77, 0.250041
0.95, 0.24791, 0.23, 0.77, 0.249709
0.95, 0.246821, 0.23, 0.77, 0.249646
0.95, 0.245591, 0.23, 0.77, 0.250989
0.95, 0.25384, 0.23, 0.77, 0.254229
0.95, 0.249427, 0.23, 0.77, 0.254108
0.95, 0.256415, 0.23, 0.77, 0.252615
0.95, 0.253079, 0.23, 0.77, 0.25363
0.95, 0.239642, 0.23, 0.77, 0.244471
0.95, 0.248405, 0.23, 0.77, 0.247756
0.95, 0.247283, 0.23, 0.77, 0.247345
0.95, 0.251036, 0.23, 0.77, 0.246667
0.95, 0.262558, 0.24, 0.76, 0.261282
0.95, 0.268375, 0.24, 0.76, 0.265587
0.95, 0.253782, 0.24, 0.76, 0.256795
0.95, 0.267408, 0.24, 0.76, 0.265944
0.95, 0.258157, 0.24, 0.76, 0.263773
0.95, 0.262118, 0.24, 0.76, 0.259404
0.95, 0.25951, 0.24, 0.76, 0.261144
0.95, 0.260366, 0.24, 0.76, 0.259799
0.95, 0.256784, 0.24, 0.76, 0.260978
0.95, 0.260061, 0.24, 0.76, 0.257875
0.95, 0.259192, 0.24, 0.76, 0.261445
0.95, 0.262469, 0.24, 0.76, 0.262488
0.95, 0.259711, 0.24, 0.76, 0.259612
0.95, 0.263067, 0.24, 0.76, 0.260039
0.95, 0.257269, 0.24, 0.76, 0.260184
0.95, 0.25929, 0.24, 0.76, 0.264234
0.95, 0.26202, 0.24, 0.76, 0.259064
0.95, 0.258363, 0.24, 0.76, 0.259386
0.95, 0.25992, 0.24, 0.76, 0.257609
0.95, 0.263918, 0.24, 0.76, 0.265128
0.95, 0.264612, 0.24, 0.76, 0.261889
0.95, 0.258466, 0.24, 0.76, 0.258325
0.95, 0.256244, 0.24, 0.76, 0.261312
0.95, 0.268146, 0.24, 0.76, 0.266169
0.95, 0.263909, 0.24, 0.76, 0.263391
0.95, 0.268872, 0.25, 0.75, 0.266452
0.95, 0.284458, 0.25, 0.75, 0.280714
0.95, 0.272204, 0.25, 0.75, 0.272995
0.95, 0.281401, 0.25, 0.75, 0.275612
0.95, 0.277065, 0.25, 0.75, 0.273189
0.95, 0.276904, 0.25, 0.75, 0.27657
0.95, 0.275021, 0.25, 0.75, 0.268348
0.95, 0.271808, 0.25, 0.75, 0.275885
0.95, 0.273118, 0.25, 0.75, 0.275509
0.95, 0.258601, 0.25, 0.75, 0.267452
0.95, 0.272941, 0.25, 0.75, 0.273021
0.95, 0.268898, 0.25, 0.75, 0.271921
0.95, 0.274589, 0.25, 0.75, 0.274729
0.95, 0.276155, 0.25, 0.75, 0.272212
0.95, 0.276436, 0.25, 0.75, 0.277161
0.95, 0.284873, 0.25, 0.75, 0.276598
0.95, 0.278128, 0.25, 0.75, 0.279532
0.95, 0.293766, 0.25, 0.75, 0.285856
0.95, 0.274034, 0.25, 0.75, 0.272051
0.95, 0.277328, 0.25, 0.75, 0.276371
0.95, 0.282847, 0.25, 0.75, 0.28058
0.95, 0.275249, 0.25, 0.75, 0.275227
0.95, 0.27727, 0.25, 0.75, 0.275845
0.95, 0.276881, 0.25, 0.75, 0.277044
0.95, 0.279479, 0.25, 0.75, 0.276981
0.95, 0.290183, 0.26, 0.74, 0.28939
0.95, 0.288057, 0.26, 0.74, 0.291416
0.95, 0.285645, 0.26, 0.74, 0.284463
0.95, 0.287544, 0.26, 0.74, 0.284011
0.95, 0.279843, 0.26, 0.74, 0.275641
0.95, 0.286816, 0.26, 0.74, 0.288795
0.95, 0.282724, 0.26, 0.74, 0.282701
0.95, 0.290206, 0.26, 0.74, 0.288391
0.95, 0.286688, 0.26, 0.74, 0.285391
0.95, 0.28286, 0.26, 0.74, 0.284892
0.95, 0.291326, 0.26, 0.74, 0.289957
0.95, 0.277968, 0.26, 0.74, 0.277926
0.95, 0.277565, 0.26, 0.74, 0.279562
0.95, 0.283717, 0.26, 0.74, 0.279885
0.95, 0.283545, 0.26, 0.74, 0.285147
0.95, 0.293688, 0.26, 0.74, 0.289004
0.95, 0.284976, 0.26, 0.74, 0.286673
0.95, 0.284552, 0.26, 0.74, 0.285834
0.95, 0.290594, 0.26, 0.74, 0.286135
0.95, 0.284798, 0.26, 0.74, 0.287589
0.95, 0.2885, 0.26, 0.74, 0.287963
0.95, 0.287834, 0.26, 0.74, 0.28518
0.95, 0.292204, 0.26, 0.74, 0.292746
0.95, 0.279764, 0.26, 0.74, 0.279043
0.95, 0.290704, 0.26, 0.74, 0.287734
0.95, 0.304093, 0.27, 0.73, 0.301283
0.95, 0.311549, 0.27, 0.73, 0.304505
0.95, 0.292333, 0.27, 0.73, 0.298796
0.95, 0.307759, 0.27, 0.73, 0.306965
0.95, 0.295723, 0.27, 0.73, 0.294865
0.95, 0.300838, 0.27, 0.73, 0.30178
0.95, 0.296054, 0.27, 0.73, 0.292317
0.95, 0.30454, 0.27, 0.73, 0.301149
0.95, 0.300448, 0.27, 0.73, 0.297953
0.95, 0.298189, 0.27, 0.73, 0.298194
0.95, 0.295284, 0.27, 0.73, 0.297281
0.95, 0.303817, 0.27, 0.73, 0.302111
0.95, 0.306863, 0.27, 0.73, 0.297111
0.95, 0.300439, 0.27, 0.73, 0.301206
0.95, 0.288814, 0.27, 0.73, 0.289781
0.95, 0.308417, 0.27, 0.73, 0.302493
0.95, 0.304408, 0.27, 0.73, 0.303085
0.95, 0.300166, 0.27, 0.73, 0.303396
0.95, 0.294497, 0.27, 0.73, 0.298551
0.95, 0.298509, 0.27, 0.73, 0.298279
0.95, 0.292332, 0.27, 0.73, 0.296437
0.95, 0.295766, 0.27, 0.73, 0.300918
0.95, 0.295503, 0.27, 0.73, 0.296298
0.95, 0.295435, 0.27, 0.73, 0.296813
0.95, 0.294632, 0.27, 0.73, 0.298324
0.95, 0.311219, 0.28, 0.72, 0.312182
0.95, 0.300479, 0.28, 0.72, 0.304772
0.95, 0.312761, 0.28, 0.72, 0.312786
0.95, 0.316039, 0.28, 0.72, 0.317993
0.95, 0.31605, 0.28, 0.72, 0.30904
0.95, 0.30905, 0.28, 0.72, 0.313879
0.95, 0.308369, 0.28, 0.72, 0.309722
0.95, 0.313657, 0.28, 0.72, 0.318166
0.95, 0.311635, 0.28, 0.72, 0.309713
0.95, 0.308019, 0.28, 0.72, 0.309652
0.95, 0.315882, 0.28, 0.72, 0.309982
0.95, 0.303676, 0.28, 0.72, 0.308139
0.95, 0.303745, 0.28, 0.72, 0.305179
0.95, 0.313505, 0.28, 0.72, 0.311301
0.95, 0.318863, 0.28, 0.72, 0.316878
0.95, 0.31045, 0.28, 0.72, 0.309409
0.95, 0.313754, 0.28, 0.72, 0.311652
0.95, 0.315614, 0.28, 0.72, 0.311431
0.95, 0.316641, 0.28, 0.72, 0.311902
0.95, 0.319123, 0.28, 0.72, 0.315389
0.95, 0.312563, 0.28, 0.72, 0.314397
0.95, 0.307198, 0.28, 0.72, 0.309458
0.95, 0.304631, 0.28, 0.72, 0.305044
0.95, 0.309371, 0.28, 0.72, 0.312739
0.95, 0.307281, 0.28, 0.72, 0.305961
0.95, 0.331571, 0.29, 0.71, 0.33235
0.95, 0.326472, 0.29, 0.71, 0.327166
0.95, 0.326075, 0.29, 0.71, 0.326098
0.95, 0.322809, 0.29, 0.71, 0.321094
0.95, 0.323938, 0.29, 0.71, 0.324027
0.95, 0.329499, 0.29, 0.71, 0.322375
0.95, 0.326434, 0.29, 0.71, 0.327365
0.95, 0.326597, 0.29, 0.71, 0.323755
0.95, 0.322674, 0.29, 0.71, 0.323427
0.95, 0.326188, 0.29, 0.71, 0.322754
0.95, 0.327597, 0.29, 0.71, 0.327558
0.95, 0.324783, 0.29, 0.71, 0.325468
0.95, 0.3204, 0.29, 0.71, 0.320215
0.95, 0.324268, 0.29, 0.71, 0.326246
0.95, 0.334063, 0.29, 0.71, 0.324466
0.95, 0.312178, 0.29, 0.71, 0.315674
0.95, 0.316988, 0.29, 0.71, 0.321477
0.95, 0.320328, 0.29, 0.71, 0.321846
0.95, 0.317085, 0.29, 0.71, 0.318628
0.95, 0.317227, 0.29, 0.71, 0.323247
0.95, 0.321452, 0.29, 0.71, 0.323811
0.95, 0.319513, 0.29, 0.71, 0.327028
0.95, 0.320635, 0.29, 0.71, 0.325087
0.95, 0.32892, 0.29, 0.71, 0.329724
0.95, 0.327833, 0.29, 0.71, 0.323563
0.95, 0.332769, 0.3, 0.7, 0.335842
0.95, 0.335537, 0.3, 0.7, 0.335262
0.95, 0.327945, 0.3, 0.7, 0.330765
0.95, 0.333703, 0.3, 0.7, 0.336553
0.95, 0.342213, 0.3, 0.7, 0.340874
0.95, 0.336736, 0.3, 0.7, 0.337287
0.95, 0.333015, 0.3, 0.7, 0.334917
0.95, 0.338937, 0.3, 0.7, 0.337938
0.95, 0.333204, 0.3, 0.7, 0.336031
0.95, 0.341314, 0.3, 0.7, 0.336275
0.95, 0.338444, 0.3, 0.7, 0.333859
0.95, 0.343477, 0.3, 0.7, 0.342833
0.95, 0.338287, 0.3, 0.7, 0.338657
0.95, 0.336848, 0.3, 0.7, 0.334924
0.95, 0.332402, 0.3, 0.7, 0.336189
0.95, 0.337578, 0.3, 0.7, 0.33339
0.95, 0.338178, 0.3, 0.7, 0.331106
0.95, 0.337996, 0.3, 0.7, 0.331048
0.95, 0.345078, 0.3, 0.7, 0.340865
0.95, 0.341355, 0.3, 0.7, 0.33803
0.95, 0.334526, 0.3, 0.7, 0.339655
0.95, 0.341386, 0.3, 0.7, 0.335857
0.95, 0.339208, 0.3, 0.7, 0.34149
0.95, 0.332121, 0.3, 0.7, 0.328685
0.95, 0.333753, 0.3, 0.7, 0.336582
1, 0.162373, 0.15, 0.85, 0.160156
1, 0.156952, 0.15, 0.85, 0.160704
1, 0.166573, 0.15, 0.85, 0.162696
1, 0.155004, 0.15, 0.85, 0.158041
1, 0.160425, 0.15, 0.85, 0.163062
1, 0.162327, 0.15, 0.85, 0.160381
1, 0.158143, 0.15, 0.85, 0.160829
1, 0.157646, 0.15, 0.85, 0.162169
1, 0.158683, 0.15, 0.85, 0.159721
1, 0.161656, 0.15, 0.85, 0.164755
1, 0.163431, 0.15, 0.85, 0.16046
1, 0.155151, 0.15, 0.85, 0.162208
1, 0.164572, 0.15, 0.85, 0.164848
1, 0.159787, 0.15, 0.85, 0.163321
1, 0.15743, 0.15, 0.85, 0.162349
1, 0.162786, 0.15, 0.85, 0.15647
1, 0.16745, 0.15, 0.85, 0.164862
1, 0.163462, 0.15, 0.85, 0.158447
1, 0.154986, 0.15, 0.85, 0.157026
1, 0.158737, 0.15, 0.85, 0.159902
1, 0.158837, 0.15, 0.85, 0.160126
1, 0.160549, 0.15, 0.85, 0.159793
1, 0.160116, 0.15, 0.85, 0.160657
1, 0.165021, 0.15, 0.85, 0.164629
1, 0.160294, 0.15, 0.85, 0.156758
1, 0.175759, 0.16, 0.84, 0.175597
1, 0.173573, 0.16, 0.84, 0.172148
1, 0.168086, 0.16, 0.84, 0.168662
1, 0.170663, 0.16, 0.84, 0.173648
1, 0.169143, 0.16, 0.84, 0.16764
1, 0.170208, 0.16, 0.84, 0.167364
1, 0.171535, 0.16, 0.84, 0.173238
1, 0.172195, 0.16, 0.84, 0.174387
1, 0.173553, 0.16, 0.84, 0.171195
1, 0.171793, 0.16, 0.84, 0.172554
1, 0.171459, 0.16, 0.84, 0.171279
1, 0.173824, 0.16, 0.84, 0.17187
1, 0.171139, 0.16, 0.84, 0.169177
1, 0.173636, 0.16, 0.84, 0.170393
1, 0.176993, 0.16, 0.84, 0.173971
1, 0.172052, 0.16, 0.84, 0.172514
1, 0.164625, 0.16, 0.84, 0.169412
1, 0.166557, 0.16, 0.84, 0.16913
1, 0.17114, 0.16, 0.84, 0.171232
1, 0.174207, 0.16, 0.84, 0.170935
1, 0.174219, 0.16, 0.84, 0.173746
1, 0.168641, 0.16, 0.84, 0.171581
1, 0.165578, 0.16, 0.84, 0.172453
1, 0.177586, 0.16, 0.84, 0.17407
1, 0.174662, 0.16, 0.84, 0.170909
1, 0.181622, 0.17, 0.83, 0.178053
1, 0.18525, 0.17, 0.83, 0.181438
1, 0.180753, 0.17, 0.83, 0.179998
1, 0.185514, 0.17, 0.83, 0.18464
1, 0.187773, 0.17, 0.83, 0.186772
1, 0.180353, 0.17, 0.83, 0.181726
1, 0.182595, 0.17, 0.83, 0.18195
1, 0.177373, 0.17, 0.83, 0.181629
1, 0.184795, 0.17, 0.83, 0.184221
1, 0.187017, 0.17, 0.83, 0.18822
1, 0.181794, 0.17, 0.83, 0.182982
1, 0.184577, 0.17, 0.83, 0.18695
1, 0.188631, 0.17, 0.83, 0.186964
1, 0.188202, 0.17, 0.83, 0.185607
1, 0.18267, 0.17, 0.83, 0.181323
1, 0.18672, 0.17, 0.83, 0.184842
1, 0.182522, 0.17, 0.83, 0.182762
1, 0.178945, 0.17, 0.83, 0.182796
1, 0.179376, 0.17, 0.83, 0.181985
1, 0.184289, 0.17, 0.83, 0.180468
1, 0.183066, 0.17, 0.83, 0.179921
1, 0.187772, 0.17, 0.83, 0.186549
1, 0.182913, 0.17, 0.83, 0.18365
1, 0.183679, 0.17, 0.83, 0.181443
1, 0.183207, 0.17, 0.83, 0.18136
1, 0.195873, 0.18, 0.82, 0.1936
1, 0.193736, 0.18, 0.82, 0.193458
1, 0.19208, 0.18, 0.82, 0.192482
1, 0.196495, 0.18, 0.82, 0.193952
1, 0.194125, 0.18, 0.82, 0.197113
1, 0.194736, 0.18, 0.82, 0.194555
1, 0.195616, 0.18, 0.82, 0.194406
1, 0.195933, 0.18, 0.82, 0.195077
1, 0.199254, 0.18, 0.82, 0.196959
1, 0.199158, 0.18, 0.82, 0.197263
1, 0.189948, 0.18, 0.82, 0.193712
1, 0.192414, 0.18, 0.82, 0.190256
1, 0.200998, 0.18, 0.82, 0.200511
1, 0.199025, 0.18, 0.82, 0.194623
1, 0.197695, 0.18, 0.82, 0.197291
1, 0.196731, 0.18, 0.82, 0.195531
1, 0.197229, 0.18, 0.82, 0.193877
1, 0.190607, 0.18, 0.82, 0.194638
1, 0.196963, 0.18, 0.82, 0.190077
1, 0.19312, 0.18, 0.82, 0.192528
1, 0.194353, 0.18, 0.82, 0.192237
1, 0.194562, 0.18, 0.82, 0.194371
1, 0.191912, 0.18, 0.82, 0.19124
1, 0.193202, 0.18, 0.82, 0.192585
1, 0.194905, 0.18, 0.82, 0.194617
1, 0.207293, 0.19, 0.81, 0.206028
1, 0.203477, 0.19, 0.81, 0.203473
1, 0.204979, 0.19, 0.81, 0.203259
1, 0.209437, 0.19, 0.81, 0.210763
1, 0.203362, 0.19, 0.81, 0.204931
1, 0.208585, 0.19, 0.81, 0.207812
1, 0.203496, 0.19, 0.81, 0.203798
1, 0.208413, 0.19, 0.81, 0.20781
1, 0.203212, 0.19, 0.81, 0.206906
1, 0.198825, 0.19, 0.81, 0.204336
1, 0.199014, 0.19, 0.81, 0.198352
1, 0.20043, 0.19, 0.81, 0.20704
1, 0.205774, 0.19, 0.81, 0.203463
1, 0.198042, 0.19, 0.81, 0.201628
1, 0.208982, 0.19, 0.81, 0.208229
1, 0.199056, 0.19, 0.81, 0.202637
1, 0.203671, 0.19, 0.81, 0.207082
1, 0.206382, 0.19, 0.81, 0.208501
1, 0.202645, 0.19, 0.81, 0.203962
1, 0.20192, 0.19, 0.81, 0.200345
1, 0.204589, 0.19, 0.81, 0.204844
1, 0.203067, 0.19, 0.81, 0.201782
1, 0.205929, 0.19, 0.81, 0.206929
1, 0.208692, 0.19, 0.81, 0.206229
1, 0.208185, 0.19, 0.81, 0.209121
1, 0.210103, 0.2, 0.8, 0.211504
1, 0.224085, 0.2, 0.8, 0.222367
1, 0.221318, 0.2, 0.8, 0.223224
1, 0.226737, 0.2, 0.8, 0.217019
1, 0.214998, 0.2, 0.8, 0.215375
1, 0.213481, 0.2, 0.8, 0.21534
1, 0.2178, 0.2, 0.8, 0.213526
1, 0.21813, 0.2, 0.8, 0.214771
1, 0.219057, 0.2, 0.8, 0.219857
1, 0.217759, 0.2, 0.8, 0.215343
1, 0.218521, 0.2, 0.8, 0.218941
1, 0.211294, 0.2, 0.8, 0.218879
1, 0.209932, 0.2, 0.8, 0.213948
1, 0.216654, 0.2, 0.8, 0.215601
1, 0.21917, 0.2, 0.8, 0.216232
1, 0.224032, 0.2, 0.8, 0.218699
1, 0.211619, 0.2, 0.8, 0.219526
1, 0.219122, 0.2, 0.8, 0.21938
1, 0.224757, 0.2, 0.8, 0.225582
1, 0.218984, 0.2, 0.8, 0.219808
1, 0.208871, 0.2, 0.8, 0.209545
1, 0.21286, 0.2, 0.8, 0.215091
1, 0.211944, 0.2, 0.8, 0.210765
1, 0.219291, 0.2, 0.8, 0.21485
1, 0.212406, 0.2, 0.8, 0.214031
1, 0.227729, 0.21, 0.79, 0.224843
1, 0.228237, 0.21, 0.79, 0.227448
1, 0.227256, 0.21, 0.79, 0.231351
1, 0.22627, 0.21, 0.79, 0.230305
1, 0.22544, 0.21, 0.79, 0.22531
1, 0.22832, 0.21, 0.79, 0.224106
1, 0.224789, 0.21, 0.79, 0.225105
1, 0.230065, 0.21, 0.79, 0.229342
1, 0.224533, 0.21, 0.79, 0.229017
1, 0.234224, 0.21, 0.79, 0.234945
1, 0.222112, 0.21, 0.79, 0.225542
1, 0.224183, 0.21, 0.79, 0.226411
1, 0.227772, 0.21, 0.79, 0.230154
1, 0.233566, 0.21, 0.79, 0.232193
1, 0.232186, 0.21, 0.79, 0.236296
1, 0.223588, 0.21, 0.79, 0.227584
1, 0.236299, 0.21, 0.79, 0.230983
1, 0.22166, 0.21, 0.79, 0.223854
1, 0.229723, 0.21, 0.79, 0.230359
1, 0.231591, 0.21, 0.79, 0.235757
1, 0.228776, 0.21, 0.79, 0.227344
1, 0.223259, 0.21, 0.79, 0.224383
1, 0.22779, 0.21, 0.79, 0.226863
1, 0.229469, 0.21, 0.79, 0.227053
1, 0.231591, 0.21, 0.79, 0.229291
1, 0.237869, 0.22, 0.78, 0.241542
1, 0.234704, 0.22, 0.78, 0.236422
1, 0.244758, 0.22, 0.78, 0.242704
1, 0.240049, 0.22, 0.78, 0.241521
1, 0.237298, 0.22, 0.78, 0.23981
1, 0.243921, 0.22, 0.78, 0.238445
1, 0.236094, 0.22, 0.78, 0.237797
1, 0.250821, 0.22, 0.78, 0.250177
1, 0.244833, 0.22, 0.78, 0.246283
1, 0.251189, 0.22, 0.78, 0.241694
1, 0.241247, 0.22, 0.78, 0.237783
1, 0.24482, 0.22, 0.78, 0.240374
1, 0.239177, 0.22, 0.78, 0.241964
1, 0.241889, 0.22, 0.78, 0.244691
1, 0.242862, 0.22, 0.78, 0.244793
1, 0.235258, 0.22, 0.78, 0.240787
1, 0.233694, 0.22, 0.78, 0.233746
1, 0.231576, 0.22, 0.78, 0.235642
1, 0.243953, 0.22, 0.78, 0.245876
1, 0.242779, 0.22, 0.78, 0.244328
1, 0.246907, 0.22, 0.78, 0.244412
1, 0.236772, 0.22, 0.78, 0.237758
1, 0.238772, 0.22, 0.78, 0.237726
1, 0.237149, 0.22, 0.78, 0.241854
1, 0.242706, 0.22, 0.78, 0.243113
1, 0.250529, 0.23, 0.77, 0.254474
1, 0.247254, 0.23, 0.77, 0.248722
1, 0.251422, 0.23, 0.77, 0.253638
1, 0.257329, 0.23, 0.77, 0.252627
1, 0.251342, 0.23, 0.77, 0.246056
1, 0.253721, 0.23, 0.77, 0.258526
1, 0.257403, 0.23, 0.77, 0.258308
1, 0.250979, 0.23, 0.77, 0.254239
1, 0.24506, 0.23, 0.77, 0.244182
1, 0.247579, 0.23, 0.77, 0.254275
1, 0.249261, 0.23, 0.77, 0.24949
1, 0.253465, 0.23, 0.77, 0.251431
1, 0.253449, 0.23, 0.77, 0.255521
1, 0.251846, 0.23, 0.77, 0.252067
1, 0.252727, 0.23, 0.77, 0.252613
1, 0.247994, 0.23, 0.77, 0.253396
1, 0.258344, 0.23, 0.77, 0.254781
1, 0.261583, 0.23, 0.77, 0.257421
1, 0.243277, 0.23, 0.77, 0.249557
1, 0.248112, 0.23, 0.77, 0.250885
1, 0.25079, 0.23, 0.77, 0.249824
1, 0.261164, 0.23, 0.77, 0.255331
1, 0.249011, 0.23, 0.77, 0.251474
1, 0.260711, 0.23, 0.77, 0.260518
1, 0.250954, 0.23, 0.77, 0.25171
1, 0.263717, 0.24, 0.76, 0.264247
1, 0.26358, 0.24, 0.76, 0.266881
1, 0.27003, 0.24, 0.76, 0.264849
1, 0.260396, 0.24, 0.76, 0.26537
1, 0.267808, 0.24, 0.76, 0.267422
1, 0.266454, 0.24, 0.76, 0.268481
1, 0.267881, 0.24, 0.76, 0.267462
1, 0.26736, 0.24, 0.76, 0.269962
1, 0.264167, 0.24, 0.76, 0.262406
1, 0.265842, 0.24, 0.76, 0.264308
1, 0.265668, 0.24, 0.76, 0.264534
1, 0.269549, 0.24, 0.76, 0.269203
1, 0.265441, 0.24, 0.76, 0.262535
1, 0.265296, 0.24, 0.76, 0.268482
1, 0.258324, 0.24, 0.76, 0.263914
1, 0.26146, 0.24, 0.76, 0.26356
1, 0.263476, 0.24, 0.76, 0.267399
1, 0.266936, 0.24, 0.76, 0.266497
1, 0.266072, 0.24, 0.76, 0.261266
1, 0.26455, 0.24, 0.76, 0.264595
1, 0.2477, 0.24, 0.76, 0.253062
1, 0.263065, 0.24, 0.76, 0.263855
1, 0.269587, 0.24, 0.76, 0.269871
1, 0.261262, 0.24, 0.76, 0.260819
1, 0.268138, 0.24, 0.76, 0.268555
1, 0.269197, 0.25, 0.75, 0.274209
1, 0.279586, 0.25, 0.75, 0.281109
1, 0.276623, 0.25, 0.75, 0.276494
1, 0.281535, 0.25, 0.75, 0.2792
1, 0.277519, 0.25, 0.75, 0.280967
1, 0.27479, 0.25, 0.75, 0.274776
1, 0.274151, 0.25, 0.75, 0.276391
1, 0.286296, 0.25, 0.75, 0.278001
1, 0.267335, 0.25, 0.75, 0.276664
1, 0.275684, 0.25, 0.75, 0.277424
1, 0.272981, 0.25, 0.75, 0.27409
1, 0.277936, 0.25, 0.75, 0.28169
1, 0.278263, 0.25, 0.75, 0.276361
1, 0.280934, 0.25, 0.75, 0.277478
1, 0.274469, 0.25, 0.75, 0.27954
1, 0.280328, 0.25, 0.75, 0.275438
1, 0.276627, 0.25, 0.75, 0.281196
1, 0.283028, 0.25, 0.75, 0.283141
1, 0.278877, 0.25, 0.75, 0.27824
1, 0.275203, 0.25, 0.75, 0.276336
1, 0.27104, 0.25, 0.75, 0.273143
1, 0.271642, 0.25, 0.75, 0.272612
1, 0.276808, 0.25, 0.75, 0.27772
1, 0.274286, 0.25, 0.75, 0.275358
1, 0.281985, 0.25, 0.75, 0.278148
1, 0.282789, 0.26, 0.74, 0.285044
1, 0.293245, 0.26, 0.74, 0.293464
1, 0.289934, 0.26, 0.74, 0.29425
1, 0.295283, 0.26, 0.74, 0.291667
1, 0.298886, 0.26, 0.74, 0.293777
1, 0.281536, 0.26, 0.74, 0.281421
1, 0.279128, 0.26, 0.74, 0.278561
1, 0.2757, 0.26, 0.74, 0.277018
1, 0.289137, 0.26, 0.74, 0.291164
1, 0.285411, 0.26, 0.74, 0.287262
1, 0.296356, 0.26, 0.74, 0.287485
1, 0.295431, 0.26, 0.74, 0.289446
1, 0.282489, 0.26, 0.74, 0.288101
1, 0.293292, 0.26, 0.74, 0.293108
1, 0.296093, 0.26, 0.74, 0.291085
1, 0.287759, 0.26, 0.74, 0.287011
1, 0.283636, 0.26, 0.74, 0.290997
1, 0.288764, 0.26, 0.74, 0.289766
1, 0.278635, 0.26, 0.74, 0.28002
1, 0.2889, 0.26, 0.74, 0.290734
1, 0.295294, 0.26, 0.74, 0.291737
1, 0.292448, 0.26, 0.74, 0.289837
1, 0.287568, 0.26, 0.74, 0.287375
1, 0.285444, 0.26, 0.74, 0.285177
1, 0.279227, 0.26, 0.74, 0.284781
1, 0.309987, 0.27, 0.73, 0.302069
1, 0.30186, 0.27, 0.73, 0.30015
1, 0.307408, 0.27, 0.73, 0.304875
1, 0.299507, 0.27, 0.73, 0.299466
1, 0.291887, 0.27, 0.73, 0.297877
1, 0.301635, 0.27, 0.73, 0.298771
1, 0.298576, 0.27, 0.73, 0.295993
1, 0.303025, 0.27, 0.73, 0.299113
1, 0.294161, 0.27, 0.73, 0.293967
1, 0.303038, 0.27, 0.73, 0.305267
1, 0.299156, 0.27, 0.73, 0.300633
1, 0.297937, 0.27, 0.73, 0.297047
1, 0.305886, 0.27, 0.73, 0.306992
1, 0.295048, 0.27, 0.73, 0.297489
1, 0.307911, 0.27, 0.73, 0.304011
1, 0.310229, 0.27, 0.73, 0.306149
1, 0.314507, 0.27, 0.73, 0.310343
1, 0.302922, 0.27, 0.73, 0.30621
1, 0.302432, 0.27, 0.73, 0.307442
1, 0.297579, 0.27, 0.73, 0.301873
1, 0.31053, 0.27, 0.73, 0.305344
1, 0.295301, 0.27, 0.73, 0.298448
1, 0.299723, 0.27, 0.73, 0.30269
1, 0.297284, 0.27, 0.73, 0.298655
1, 0.303811, 0.27, 0.73, 0.299827
1, 0.318963, 0.28, 0.72, 0.316831
1, 0.317579, 0.28, 0.72, 0.315643
1, 0.312899, 0.28, 0.72, 0.312573
1, 0.314348, 0.28, 0.72, 0.316378
1, 0.310877, 0.28, 0.72, 0.316564
1, 0.308288, 0.28, 0.72, 0.307359
1, 0.306664, 0.28, 0.72, 0.311978
1, 0.314656, 0.28, 0.72, 0.309934
1, 0.306015, 0.28, 0.72, 0.308894
1, 0.316753, 0.28, 0.72, 0.31992
1, 0.300355, 0.28, 0.72, 0.301303
1, 0.316495, 0.28, 0.72, 0.313215
1, 0.311493, 0.28, 0.72, 0.311431
1, 0.32661, 0.28, 0.72, 0.322861
1, 0.324477, 0.28, 0.72, 0.322691
1, 0.322906, 0.28, 0.72, 0.321785
1, 0.309448, 0.28, 0.72, 0.310247
1, 0.318107, 0.28, 0.72, 0.315557
1, 0.318643, 0.28, 0.72, 0.312612
1, 0.325799, 0.28, 0.72, 0.319186
1, 0.322184, 0.28, 0.72, 0.314827
1, 0.316093, 0.28, 0.72, 0.312945
1, 0.305833, 0.28, 0.72, 0.308936
1, 0.321753, 0.28, 0.72, 0.322055
1, 0.322528, 0.28, 0.72, 0.315571
1, 0.326571, 0.29, 0.71, 0.328221
1, 0.326291, 0.29, 0.71, 0.325457
1, 0.326253, 0.29, 0.71, 0.327067
1, 0.318918, 0.29, 0.71, 0.326463
1, 0.324587, 0.29, 0.71, 0.326778
1, 0.328952, 0.29, 0.71, 0.326162
1, 0.317823, 0.29, 0.71, 0.319001
1, 0.330171, 0.29, 0.71, 0.32689
1, 0.334958, 0.29, 0.71, 0.334696
1, 0.321597, 0.29, 0.71, 0.324105
1, 0.319636, 0.29, 0.71, 0.318288
1, 0.333782, 0.29, 0.71, 0.330537
1, 0.325086, 0.29, 0.71, 0.327282
1, 0.32102, 0.29, 0.71, 0.316649
1, 0.322798, 0.29, 0.71, 0.322496
1, 0.330862, 0.29, 0.71, 0.328644
1, 0.328069, 0.29, 0.71, 0.327199
1, 0.320517, 0.29, 0.71, 0.318856
1, 0.331287, 0.29, 0.71, 0.3258
1, 0.319916, 0.29, 0.71, 0.322859
1, 0.321047, 0.29, 0.71, 0.324943
1, 0.328388, 0.29, 0.71, 0.330806
1, 0.325695, 0.29, 0.71, 0.325361
1, 0.327992, 0.29, 0.71, 0.325084
1, 0.321261, 0.29, 0.71, 0.319914
1, 0.334698, 0.3, 0.7, 0.33225
1, 0.34403, 0.3, 0.7, 0.341394
1, 0.33646, 0.3, 0.7, 0.338648
1, 0.343122, 0.3, 0.7, 0.342586
1, 0.334125, 0.3, 0.7, 0.331615
1, 0.339339, 0.3, 0.7, 0.338491
1, 0.35363, 0.3, 0.7, 0.346551
1, 0.350353, 0.3, 0.7, 0.346173
1, 0.341792, 0.3, 0.7, 0.343984
1, 0.347965, 0.3, 0.7, 0.343421
1, 0.35125, 0.3, 0.7, 0.347205
1, 0.335194, 0.3, 0.7, 0.332933
1, 0.330132, 0.3, 0.7, 0.336566
1, 0.34738, 0.3, 0.7, 0.342956
1, 0.342509, 0.3, 0.7, 0.337854
1, 0.348395, 0.3, 0.7, 0.342959
1, 0.336913, 0.3, 0.7, 0.337461
1, 0.342181, 0.3, 0.7, 0.340935
1, 0.340304, 0.3, 0.7, 0.339671
1, 0.34051, 0.3, 0.7, 0.335477
1, 0.331842, 0.3, 0.7, 0.334273
1, 0.344925, 0.3, 0.7, 0.338396
1, 0.343799, 0.3, 0.7, 0.338074
1, 0.34964, 0.3, 0.7, 0.345628
1, 0.340984, 0.3, 0.7, 0.341846
