# B5 Focused Dynamic Strategy Switching Simulation Results
# Schedule file: schedule_fork_stubborn_trail_fork_5000.txt
# Gamma (connectivity) range: 0.8 - 1.0 in 0.05 increments
# Hash rate range: 0.15 - 0.3 (15% - 30%) in 0.01 increments
Gamma, Miner0_ProfitFraction, Miner0_HashRate, Miner1_HashRate, Miner0_BlockFraction
0.8, 0.147404, 0.15, 0.85, 0.147949
0.8, 0.143854, 0.15, 0.85, 0.145314
0.8, 0.139069, 0.15, 0.85, 0.144648
0.8, 0.153945, 0.15, 0.85, 0.15013
0.8, 0.154637, 0.15, 0.85, 0.152602
0.8, 0.150639, 0.15, 0.85, 0.14931
0.8, 0.142893, 0.15, 0.85, 0.146183
0.8, 0.148275, 0.15, 0.85, 0.148761
0.8, 0.148594, 0.15, 0.85, 0.14945
0.8, 0.154527, 0.15, 0.85, 0.153498
0.8, 0.151197, 0.15, 0.85, 0.147064
0.8, 0.143101, 0.15, 0.85, 0.147282
0.8, 0.148632, 0.15, 0.85, 0.151769
0.8, 0.152151, 0.15, 0.85, 0.154459
0.8, 0.148115, 0.15, 0.85, 0.152063
0.8, 0.14777, 0.15, 0.85, 0.149827
0.8, 0.148491, 0.15, 0.85, 0.146784
0.8, 0.151467, 0.15, 0.85, 0.153397
0.8, 0.147732, 0.15, 0.85, 0.149176
0.8, 0.155474, 0.15, 0.85, 0.150946
0.8, 0.151784, 0.15, 0.85, 0.1535
0.8, 0.149736, 0.15, 0.85, 0.149205
0.8, 0.150273, 0.15, 0.85, 0.153438
0.8, 0.152385, 0.15, 0.85, 0.152893
0.8, 0.150988, 0.15, 0.85, 0.149341
0.8, 0.162479, 0.16, 0.84, 0.159198
0.8, 0.156731, 0.16, 0.84, 0.158282
0.8, 0.152664, 0.16, 0.84, 0.155153
0.8, 0.15662, 0.16, 0.84, 0.159374
0.8, 0.158797, 0.16, 0.84, 0.159425
0.8, 0.172103, 0.16, 0.84, 0.170519
0.8, 0.16376, 0.16, 0.84, 0.161031
0.8, 0.161778, 0.16, 0.84, 0.163004
0.8, 0.158455, 0.16, 0.84, 0.158267
0.8, 0.165394, 0.16, 0.84, 0.16277
0.8, 0.168238, 0.16, 0.84, 0.164773
0.8, 0.158921, 0.16, 0.84, 0.156555
0.8, 0.161089, 0.16, 0.84, 0.157714
0.8, 0.167861, 0.16, 0.84, 0.163634
0.8, 0.162375, 0.16, 0.84, 0.162851
0.8, 0.165098, 0.16, 0.84, 0.16121
0.8, 0.168565, 0.16, 0.84, 0.170014
0.8, 0.15229, 0.16, 0.84, 0.158055
0.8, 0.153946, 0.16, 0.84, 0.159918
0.8, 0.158877, 0.16, 0.84, 0.159845
0.8, 0.153265, 0.16, 0.84, 0.159453
0.8, 0.163277, 0.16, 0.84, 0.162226
0.8, 0.159716, 0.16, 0.84, 0.160985
0.8, 0.158839, 0.16, 0.84, 0.158453
0.8, 0.154772, 0.16, 0.84, 0.162115
0.8, 0.185181, 0.17, 0.83, 0.182014
0.8, 0.182081, 0.17, 0.83, 0.181742
0.8, 0.177951, 0.17, 0.83, 0.177215
0.8, 0.165275, 0.17, 0.83, 0.173453
0.8, 0.172505, 0.17, 0.83, 0.172333
0.8, 0.172631, 0.17, 0.83, 0.16938
0.8, 0.169556, 0.17, 0.83, 0.168643
0.8, 0.179462, 0.17, 0.83, 0.179851
0.8, 0.179649, 0.17, 0.83, 0.177989
0.8, 0.175487, 0.17, 0.83, 0.176795
0.8, 0.172735, 0.17, 0.83, 0.174547
0.8, 0.178294, 0.17, 0.83, 0.176485
0.8, 0.182476, 0.17, 0.83, 0.179835
0.8, 0.17024, 0.17, 0.83, 0.171818
0.8, 0.175723, 0.17, 0.83, 0.173978
0.8, 0.176403, 0.17, 0.83, 0.178447
0.8, 0.169075, 0.17, 0.83, 0.172463
0.8, 0.179257, 0.17, 0.83, 0.177088
0.8, 0.17136, 0.17, 0.83, 0.172517
0.8, 0.172093, 0.17, 0.83, 0.173544
0.8, 0.172576, 0.17, 0.83, 0.17366
0.8, 0.16952, 0.17, 0.83, 0.172529
0.8, 0.184832, 0.17, 0.83, 0.185447
0.8, 0.168299, 0.17, 0.83, 0.168629
0.8, 0.177248, 0.17, 0.83, 0.177883
0.8, 0.189658, 0.18, 0.82, 0.187641
0.8, 0.181832, 0.18, 0.82, 0.179275
0.8, 0.18123, 0.18, 0.82, 0.182293
0.8, 0.185826, 0.18, 0.82, 0.186751
0.8, 0.18388, 0.18, 0.82, 0.185366
0.8, 0.192368, 0.18, 0.82, 0.189009
0.8, 0.180935, 0.18, 0.82, 0.184818
0.8, 0.179801, 0.18, 0.82, 0.184851
0.8, 0.1848, 0.18, 0.82, 0.18639
0.8, 0.19154, 0.18, 0.82, 0.18822
0.8, 0.183714, 0.18, 0.82, 0.188677
0.8, 0.183842, 0.18, 0.82, 0.182307
0.8, 0.179561, 0.18, 0.82, 0.186817
0.8, 0.19603, 0.18, 0.82, 0.194697
0.8, 0.18601, 0.18, 0.82, 0.185522
0.8, 0.183027, 0.18, 0.82, 0.188343
0.8, 0.18221, 0.18, 0.82, 0.183815
0.8, 0.183398, 0.18, 0.82, 0.188416
0.8, 0.192837, 0.18, 0.82, 0.193428
0.8, 0.185848, 0.18, 0.82, 0.187849
0.8, 0.187435, 0.18, 0.82, 0.191974
0.8, 0.188015, 0.18, 0.82, 0.192187
0.8, 0.18789, 0.18, 0.82, 0.187557
0.8, 0.198624, 0.18, 0.82, 0.197595
0.8, 0.191036, 0.18, 0.82, 0.189675
0.8, 0.196846, 0.19, 0.81, 0.199551
0.8, 0.199696, 0.19, 0.81, 0.198709
0.8, 0.199246, 0.19, 0.81, 0.195973
0.8, 0.218479, 0.19, 0.81, 0.214182
0.8, 0.198111, 0.19, 0.81, 0.202612
0.8, 0.201001, 0.19, 0.81, 0.208596
0.8, 0.196868, 0.19, 0.81, 0.203194
0.8, 0.208047, 0.19, 0.81, 0.209621
0.8, 0.201532, 0.19, 0.81, 0.203447
0.8, 0.195389, 0.19, 0.81, 0.197476
0.8, 0.203292, 0.19, 0.81, 0.20467
0.8, 0.19814, 0.19, 0.81, 0.202456
0.8, 0.196864, 0.19, 0.81, 0.198673
0.8, 0.201474, 0.19, 0.81, 0.196634
0.8, 0.201332, 0.19, 0.81, 0.203599
0.8, 0.195624, 0.19, 0.81, 0.201899
0.8, 0.203066, 0.19, 0.81, 0.203265
0.8, 0.204498, 0.19, 0.81, 0.201021
0.8, 0.199261, 0.19, 0.81, 0.202049
0.8, 0.199889, 0.19, 0.81, 0.200889
0.8, 0.206204, 0.19, 0.81, 0.207684
0.8, 0.19588, 0.19, 0.81, 0.193494
0.8, 0.199012, 0.19, 0.81, 0.202379
0.8, 0.201807, 0.19, 0.81, 0.204131
0.8, 0.204175, 0.19, 0.81, 0.203367
0.8, 0.219989, 0.2, 0.8, 0.217865
0.8, 0.223526, 0.2, 0.8, 0.222816
0.8, 0.215612, 0.2, 0.8, 0.221464
0.8, 0.204236, 0.2, 0.8, 0.20373
0.8, 0.219959, 0.2, 0.8, 0.221628
0.8, 0.215132, 0.2, 0.8, 0.214943
0.8, 0.221998, 0.2, 0.8, 0.220946
0.8, 0.204331, 0.2, 0.8, 0.207882
0.8, 0.213276, 0.2, 0.8, 0.213482
0.8, 0.218264, 0.2, 0.8, 0.217645
0.8, 0.215865, 0.2, 0.8, 0.21473
0.8, 0.208824, 0.2, 0.8, 0.214516
0.8, 0.221372, 0.2, 0.8, 0.220833
0.8, 0.215196, 0.2, 0.8, 0.216827
0.8, 0.205554, 0.2, 0.8, 0.206962
0.8, 0.214169, 0.2, 0.8, 0.215843
0.8, 0.225239, 0.2, 0.8, 0.231573
0.8, 0.205529, 0.2, 0.8, 0.21139
0.8, 0.21, 0.2, 0.8, 0.207655
0.8, 0.215719, 0.2, 0.8, 0.21629
0.8, 0.220979, 0.2, 0.8, 0.21689
0.8, 0.226169, 0.2, 0.8, 0.222386
0.8, 0.210852, 0.2, 0.8, 0.213351
0.8, 0.216394, 0.2, 0.8, 0.217367
0.8, 0.210013, 0.2, 0.8, 0.212443
0.8, 0.226695, 0.21, 0.79, 0.231309
0.8, 0.235643, 0.21, 0.79, 0.232808
0.8, 0.230572, 0.21, 0.79, 0.228521
0.8, 0.235619, 0.21, 0.79, 0.238146
0.8, 0.220618, 0.21, 0.79, 0.221788
0.8, 0.232305, 0.21, 0.79, 0.233406
0.8, 0.227959, 0.21, 0.79, 0.23091
0.8, 0.230536, 0.21, 0.79, 0.228964
0.8, 0.22943, 0.21, 0.79, 0.233013
0.8, 0.23318, 0.21, 0.79, 0.231552
0.8, 0.228084, 0.21, 0.79, 0.229407
0.8, 0.229024, 0.21, 0.79, 0.226052
0.8, 0.218449, 0.21, 0.79, 0.226626
0.8, 0.229193, 0.21, 0.79, 0.229997
0.8, 0.242388, 0.21, 0.79, 0.235119
0.8, 0.236676, 0.21, 0.79, 0.232919
0.8, 0.226167, 0.21, 0.79, 0.228593
0.8, 0.226802, 0.21, 0.79, 0.230654
0.8, 0.235732, 0.21, 0.79, 0.233678
0.8, 0.23384, 0.21, 0.79, 0.234634
0.8, 0.215765, 0.21, 0.79, 0.224514
0.8, 0.228339, 0.21, 0.79, 0.226497
0.8, 0.222606, 0.21, 0.79, 0.222448
0.8, 0.229328, 0.21, 0.79, 0.235142
0.8, 0.234898, 0.21, 0.79, 0.232702
0.8, 0.238826, 0.22, 0.78, 0.239896
0.8, 0.252095, 0.22, 0.78, 0.247762
0.8, 0.252021, 0.22, 0.78, 0.25487
0.8, 0.251598, 0.22, 0.78, 0.250379
0.8, 0.238743, 0.22, 0.78, 0.243349
0.8, 0.254192, 0.22, 0.78, 0.254115
0.8, 0.24765, 0.22, 0.78, 0.245991
0.8, 0.236942, 0.22, 0.78, 0.241317
0.8, 0.249252, 0.22, 0.78, 0.251472
0.8, 0.239095, 0.22, 0.78, 0.239745
0.8, 0.247366, 0.22, 0.78, 0.247837
0.8, 0.236718, 0.22, 0.78, 0.24003
0.8, 0.240705, 0.22, 0.78, 0.241334
0.8, 0.242874, 0.22, 0.78, 0.242682
0.8, 0.242408, 0.22, 0.78, 0.245113
0.8, 0.248787, 0.22, 0.78, 0.249921
0.8, 0.236283, 0.22, 0.78, 0.246362
0.8, 0.248796, 0.22, 0.78, 0.248799
0.8, 0.24294, 0.22, 0.78, 0.242055
0.8, 0.248671, 0.22, 0.78, 0.248099
0.8, 0.247129, 0.22, 0.78, 0.248958
0.8, 0.237332, 0.22, 0.78, 0.239233
0.8, 0.235955, 0.22, 0.78, 0.243451
0.8, 0.230054, 0.22, 0.78, 0.236504
0.8, 0.236248, 0.22, 0.78, 0.237861
0.8, 0.253589, 0.23, 0.77, 0.257044
0.8, 0.253749, 0.23, 0.77, 0.254162
0.8, 0.260621, 0.23, 0.77, 0.259357
0.8, 0.254717, 0.23, 0.77, 0.258255
0.8, 0.252801, 0.23, 0.77, 0.25552
0.8, 0.254146, 0.23, 0.77, 0.260986
0.8, 0.258479, 0.23, 0.77, 0.256541
0.8, 0.263081, 0.23, 0.77, 0.262463
0.8, 0.250449, 0.23, 0.77, 0.256394
0.8, 0.264811, 0.23, 0.77, 0.266641
0.8, 0.262122, 0.23, 0.77, 0.259417
0.8, 0.259667, 0.23, 0.77, 0.25459
0.8, 0.257441, 0.23, 0.77, 0.260385
0.8, 0.266468, 0.23, 0.77, 0.257951
0.8, 0.262691, 0.23, 0.77, 0.25951
0.8, 0.254765, 0.23, 0.77, 0.263304
0.8, 0.257114, 0.23, 0.77, 0.258764
0.8, 0.261348, 0.23, 0.77, 0.269933
0.8, 0.258869, 0.23, 0.77, 0.265396
0.8, 0.257426, 0.23, 0.77, 0.258648
0.8, 0.246988, 0.23, 0.77, 0.249953
0.8, 0.263571, 0.23, 0.77, 0.265262
0.8, 0.26926, 0.23, 0.77, 0.266761
0.8, 0.25821, 0.23, 0.77, 0.259024
0.8, 0.244401, 0.23, 0.77, 0.250605
0.8, 0.274079, 0.24, 0.76, 0.276467
0.8, 0.275811, 0.24, 0.76, 0.270035
0.8, 0.288673, 0.24, 0.76, 0.291065
0.8, 0.276933, 0.24, 0.76, 0.273542
0.8, 0.27363, 0.24, 0.76, 0.27238
0.8, 0.274712, 0.24, 0.76, 0.275556
0.8, 0.274143, 0.24, 0.76, 0.280911
0.8, 0.271431, 0.24, 0.76, 0.272068
0.8, 0.275635, 0.24, 0.76, 0.275537
0.8, 0.281191, 0.24, 0.76, 0.284706
0.8, 0.283494, 0.24, 0.76, 0.280426
0.8, 0.275066, 0.24, 0.76, 0.277634
0.8, 0.28512, 0.24, 0.76, 0.2863
0.8, 0.290521, 0.24, 0.76, 0.287211
0.8, 0.270447, 0.24, 0.76, 0.275844
0.8, 0.272631, 0.24, 0.76, 0.277511
0.8, 0.277316, 0.24, 0.76, 0.272546
0.8, 0.273938, 0.24, 0.76, 0.280226
0.8, 0.283562, 0.24, 0.76, 0.280371
0.8, 0.271497, 0.24, 0.76, 0.277898
0.8, 0.273442, 0.24, 0.76, 0.272311
0.8, 0.271919, 0.24, 0.76, 0.273779
0.8, 0.270859, 0.24, 0.76, 0.274335
0.8, 0.278555, 0.24, 0.76, 0.281109
0.8, 0.276038, 0.24, 0.76, 0.276027
0.8, 0.284637, 0.25, 0.75, 0.293006
0.8, 0.297947, 0.25, 0.75, 0.294409
0.8, 0.298199, 0.25, 0.75, 0.291958
0.8, 0.295854, 0.25, 0.75, 0.295533
0.8, 0.298791, 0.25, 0.75, 0.29821
0.8, 0.298035, 0.25, 0.75, 0.294865
0.8, 0.301744, 0.25, 0.75, 0.303819
0.8, 0.288107, 0.25, 0.75, 0.294387
0.8, 0.29087, 0.25, 0.75, 0.294982
0.8, 0.291694, 0.25, 0.75, 0.295845
0.8, 0.293242, 0.25, 0.75, 0.298052
0.8, 0.291337, 0.25, 0.75, 0.289746
0.8, 0.296848, 0.25, 0.75, 0.294507
0.8, 0.296635, 0.25, 0.75, 0.29636
0.8, 0.293102, 0.25, 0.75, 0.290182
0.8, 0.288279, 0.25, 0.75, 0.28794
0.8, 0.299567, 0.25, 0.75, 0.300171
0.8, 0.308378, 0.25, 0.75, 0.302919
0.8, 0.297121, 0.25, 0.75, 0.290549
0.8, 0.289417, 0.25, 0.75, 0.288269
0.8, 0.284975, 0.25, 0.75, 0.292326
0.8, 0.28386, 0.25, 0.75, 0.287008
0.8, 0.303345, 0.25, 0.75, 0.30238
0.8, 0.283602, 0.25, 0.75, 0.28637
0.8, 0.28714, 0.25, 0.75, 0.290646
0.8, 0.310058, 0.26, 0.74, 0.306091
0.8, 0.30633, 0.26, 0.74, 0.31164
0.8, 0.313598, 0.26, 0.74, 0.317954
0.8, 0.307526, 0.26, 0.74, 0.313226
0.8, 0.31609, 0.26, 0.74, 0.313638
0.8, 0.31421, 0.26, 0.74, 0.31586
0.8, 0.313326, 0.26, 0.74, 0.316868
0.8, 0.314019, 0.26, 0.74, 0.313598
0.8, 0.310286, 0.26, 0.74, 0.310755
0.8, 0.322551, 0.26, 0.74, 0.323366
0.8, 0.29791, 0.26, 0.74, 0.302113
0.8, 0.302626, 0.26, 0.74, 0.309265
0.8, 0.307797, 0.26, 0.74, 0.310456
0.8, 0.304757, 0.26, 0.74, 0.306575
0.8, 0.308735, 0.26, 0.74, 0.309053
0.8, 0.31765, 0.26, 0.74, 0.317641
0.8, 0.293019, 0.26, 0.74, 0.308
0.8, 0.31249, 0.26, 0.74, 0.314068
0.8, 0.311752, 0.26, 0.74, 0.314679
0.8, 0.313234, 0.26, 0.74, 0.323156
0.8, 0.303825, 0.26, 0.74, 0.299424
0.8, 0.304575, 0.26, 0.74, 0.301599
0.8, 0.31569, 0.26, 0.74, 0.31281
0.8, 0.315061, 0.26, 0.74, 0.306507
0.8, 0.307452, 0.26, 0.74, 0.306621
0.8, 0.320135, 0.27, 0.73, 0.32154
0.8, 0.338212, 0.27, 0.73, 0.333019
0.8, 0.315794, 0.27, 0.73, 0.322593
0.8, 0.323404, 0.27, 0.73, 0.323206
0.8, 0.311091, 0.27, 0.73, 0.317887
0.8, 0.330738, 0.27, 0.73, 0.333981
0.8, 0.322944, 0.27, 0.73, 0.320886
0.8, 0.327021, 0.27, 0.73, 0.327826
0.8, 0.327, 0.27, 0.73, 0.332477
0.8, 0.330574, 0.27, 0.73, 0.328083
0.8, 0.329458, 0.27, 0.73, 0.327491
0.8, 0.317471, 0.27, 0.73, 0.315551
0.8, 0.32031, 0.27, 0.73, 0.326529
0.8, 0.331114, 0.27, 0.73, 0.337305
0.8, 0.322662, 0.27, 0.73, 0.329294
0.8, 0.322015, 0.27, 0.73, 0.31881
0.8, 0.308065, 0.27, 0.73, 0.312831
0.8, 0.322384, 0.27, 0.73, 0.325586
0.8, 0.327964, 0.27, 0.73, 0.32453
0.8, 0.318423, 0.27, 0.73, 0.319411
0.8, 0.323281, 0.27, 0.73, 0.328032
0.8, 0.338633, 0.27, 0.73, 0.335474
0.8, 0.331766, 0.27, 0.73, 0.331281
0.8, 0.337771, 0.27, 0.73, 0.331495
0.8, 0.320205, 0.27, 0.73, 0.318075
0.8, 0.360732, 0.28, 0.72, 0.359506
0.8, 0.333432, 0.28, 0.72, 0.337851
0.8, 0.347795, 0.28, 0.72, 0.348046
0.8, 0.340818, 0.28, 0.72, 0.342809
0.8, 0.331373, 0.28, 0.72, 0.334778
0.8, 0.342308, 0.28, 0.72, 0.346702
0.8, 0.342222, 0.28, 0.72, 0.34524
0.8, 0.340558, 0.28, 0.72, 0.342793
0.8, 0.340824, 0.28, 0.72, 0.346277
0.8, 0.345248, 0.28, 0.72, 0.347553
0.8, 0.338931, 0.28, 0.72, 0.344475
0.8, 0.34218, 0.28, 0.72, 0.349341
0.8, 0.339757, 0.28, 0.72, 0.344287
0.8, 0.342004, 0.28, 0.72, 0.344621
0.8, 0.335005, 0.28, 0.72, 0.338176
0.8, 0.345575, 0.28, 0.72, 0.340084
0.8, 0.335903, 0.28, 0.72, 0.344206
0.8, 0.333712, 0.28, 0.72, 0.338631
0.8, 0.338301, 0.28, 0.72, 0.342691
0.8, 0.35183, 0.28, 0.72, 0.35365
0.8, 0.350229, 0.28, 0.72, 0.347556
0.8, 0.341779, 0.28, 0.72, 0.34323
0.8, 0.339303, 0.28, 0.72, 0.338792
0.8, 0.34085, 0.28, 0.72, 0.34627
0.8, 0.335168, 0.28, 0.72, 0.340952
0.8, 0.366816, 0.29, 0.71, 0.36609
0.8, 0.369463, 0.29, 0.71, 0.368315
0.8, 0.384355, 0.29, 0.71, 0.383935
0.8, 0.35582, 0.29, 0.71, 0.356528
0.8, 0.359698, 0.29, 0.71, 0.366722
0.8, 0.364425, 0.29, 0.71, 0.357005
0.8, 0.359174, 0.29, 0.71, 0.362334
0.8, 0.360515, 0.29, 0.71, 0.365204
0.8, 0.365612, 0.29, 0.71, 0.364566
0.8, 0.368881, 0.29, 0.71, 0.361438
0.8, 0.345571, 0.29, 0.71, 0.351524
0.8, 0.359425, 0.29, 0.71, 0.361094
0.8, 0.360317, 0.29, 0.71, 0.369805
0.8, 0.361767, 0.29, 0.71, 0.3639
0.8, 0.361663, 0.29, 0.71, 0.35883
0.8, 0.371503, 0.29, 0.71, 0.372613
0.8, 0.354867, 0.29, 0.71, 0.361205
0.8, 0.375906, 0.29, 0.71, 0.37233
0.8, 0.361035, 0.29, 0.71, 0.363145
0.8, 0.368106, 0.29, 0.71, 0.363995
0.8, 0.358979, 0.29, 0.71, 0.35823
0.8, 0.359562, 0.29, 0.71, 0.354293
0.8, 0.377125, 0.29, 0.71, 0.37046
0.8, 0.339425, 0.29, 0.71, 0.344025
0.8, 0.354268, 0.29, 0.71, 0.355416
0.8, 0.385226, 0.3, 0.7, 0.381886
0.8, 0.389091, 0.3, 0.7, 0.392808
0.8, 0.386578, 0.3, 0.7, 0.389927
0.8, 0.379036, 0.3, 0.7, 0.375828
0.8, 0.393408, 0.3, 0.7, 0.390913
0.8, 0.380265, 0.3, 0.7, 0.378537
0.8, 0.369834, 0.3, 0.7, 0.372592
0.8, 0.37594, 0.3, 0.7, 0.38174
0.8, 0.37118, 0.3, 0.7, 0.373763
0.8, 0.376107, 0.3, 0.7, 0.379462
0.8, 0.382085, 0.3, 0.7, 0.378621
0.8, 0.375528, 0.3, 0.7, 0.376513
0.8, 0.377184, 0.3, 0.7, 0.379845
0.8, 0.39582, 0.3, 0.7, 0.390257
0.8, 0.38819, 0.3, 0.7, 0.383387
0.8, 0.373475, 0.3, 0.7, 0.375876
0.8, 0.370658, 0.3, 0.7, 0.375272
0.8, 0.384207, 0.3, 0.7, 0.383519
0.8, 0.3844, 0.3, 0.7, 0.384588
0.8, 0.382236, 0.3, 0.7, 0.38761
0.8, 0.385409, 0.3, 0.7, 0.383045
0.8, 0.375414, 0.3, 0.7, 0.377546
0.8, 0.373001, 0.3, 0.7, 0.380165
0.8, 0.379825, 0.3, 0.7, 0.380185
0.8, 0.391587, 0.3, 0.7, 0.384519
0.85, 0.162532, 0.15, 0.85, 0.16248
0.85, 0.15734, 0.15, 0.85, 0.158136
0.85, 0.155384, 0.15, 0.85, 0.154996
0.85, 0.158006, 0.15, 0.85, 0.158085
0.85, 0.152841, 0.15, 0.85, 0.153492
0.85, 0.153928, 0.15, 0.85, 0.158679
0.85, 0.155859, 0.15, 0.85, 0.159921
0.85, 0.152807, 0.15, 0.85, 0.152531
0.85, 0.14637, 0.15, 0.85, 0.152896
0.85, 0.159496, 0.15, 0.85, 0.162972
0.85, 0.149726, 0.15, 0.85, 0.152006
0.85, 0.164697, 0.15, 0.85, 0.160328
0.85, 0.155299, 0.15, 0.85, 0.152846
0.85, 0.149754, 0.15, 0.85, 0.151278
0.85, 0.153258, 0.15, 0.85, 0.154316
0.85, 0.158413, 0.15, 0.85, 0.155962
0.85, 0.150306, 0.15, 0.85, 0.154534
0.85, 0.161346, 0.15, 0.85, 0.162298
0.85, 0.151915, 0.15, 0.85, 0.153534
0.85, 0.159396, 0.15, 0.85, 0.159852
0.85, 0.149348, 0.15, 0.85, 0.155473
0.85, 0.162086, 0.15, 0.85, 0.159161
0.85, 0.162934, 0.15, 0.85, 0.160052
0.85, 0.157123, 0.15, 0.85, 0.157217
0.85, 0.150781, 0.15, 0.85, 0.153753
0.85, 0.161897, 0.16, 0.84, 0.16785
0.85, 0.168102, 0.16, 0.84, 0.1691
0.85, 0.166828, 0.16, 0.84, 0.169035
0.85, 0.16569, 0.16, 0.84, 0.169198
0.85, 0.168456, 0.16, 0.84, 0.163582
0.85, 0.167232, 0.16, 0.84, 0.16614
0.85, 0.166128, 0.16, 0.84, 0.1696
0.85, 0.161425, 0.16, 0.84, 0.167207
0.85, 0.179347, 0.16, 0.84, 0.171479
0.85, 0.165944, 0.16, 0.84, 0.170021
0.85, 0.173542, 0.16, 0.84, 0.172127
0.85, 0.175425, 0.16, 0.84, 0.175975
0.85, 0.173919, 0.16, 0.84, 0.171632
0.85, 0.161896, 0.16, 0.84, 0.16788
0.85, 0.179778, 0.16, 0.84, 0.177573
0.85, 0.170056, 0.16, 0.84, 0.172147
0.85, 0.174247, 0.16, 0.84, 0.175496
0.85, 0.169752, 0.16, 0.84, 0.173314
0.85, 0.16816, 0.16, 0.84, 0.17092
0.85, 0.165262, 0.16, 0.84, 0.163774
0.85, 0.171788, 0.16, 0.84, 0.170087
0.85, 0.165147, 0.16, 0.84, 0.165259
0.85, 0.167902, 0.16, 0.84, 0.168825
0.85, 0.160191, 0.16, 0.84, 0.166108
0.85, 0.175762, 0.16, 0.84, 0.169735
0.85, 0.1808, 0.17, 0.83, 0.1787
0.85, 0.178043, 0.17, 0.83, 0.179982
0.85, 0.193268, 0.17, 0.83, 0.188905
0.85, 0.180848, 0.17, 0.83, 0.180886
0.85, 0.181535, 0.17, 0.83, 0.182078
0.85, 0.184949, 0.17, 0.83, 0.18414
0.85, 0.178737, 0.17, 0.83, 0.179815
0.85, 0.18341, 0.17, 0.83, 0.186392
0.85, 0.179648, 0.17, 0.83, 0.186507
0.85, 0.180543, 0.17, 0.83, 0.184651
0.85, 0.188076, 0.17, 0.83, 0.187213
0.85, 0.17588, 0.17, 0.83, 0.177676
0.85, 0.171142, 0.17, 0.83, 0.172518
0.85, 0.175624, 0.17, 0.83, 0.18165
0.85, 0.180354, 0.17, 0.83, 0.181509
0.85, 0.176032, 0.17, 0.83, 0.182898
0.85, 0.182817, 0.17, 0.83, 0.185642
0.85, 0.179668, 0.17, 0.83, 0.17913
0.85, 0.182977, 0.17, 0.83, 0.180741
0.85, 0.182252, 0.17, 0.83, 0.189204
0.85, 0.183537, 0.17, 0.83, 0.186605
0.85, 0.179034, 0.17, 0.83, 0.180047
0.85, 0.179441, 0.17, 0.83, 0.177464
0.85, 0.178737, 0.17, 0.83, 0.180394
0.85, 0.183038, 0.17, 0.83, 0.183291
0.85, 0.196889, 0.18, 0.82, 0.201003
0.85, 0.188124, 0.18, 0.82, 0.190482
0.85, 0.191448, 0.18, 0.82, 0.193566
0.85, 0.194251, 0.18, 0.82, 0.198546
0.85, 0.189438, 0.18, 0.82, 0.193205
0.85, 0.191612, 0.18, 0.82, 0.192664
0.85, 0.194634, 0.18, 0.82, 0.193989
0.85, 0.193103, 0.18, 0.82, 0.194426
0.85, 0.194887, 0.18, 0.82, 0.199393
0.85, 0.199069, 0.18, 0.82, 0.201335
0.85, 0.202903, 0.18, 0.82, 0.201864
0.85, 0.207713, 0.18, 0.82, 0.201022
0.85, 0.195402, 0.18, 0.82, 0.192711
0.85, 0.203769, 0.18, 0.82, 0.199792
0.85, 0.191881, 0.18, 0.82, 0.188774
0.85, 0.18508, 0.18, 0.82, 0.189361
0.85, 0.19168, 0.18, 0.82, 0.194715
0.85, 0.194143, 0.18, 0.82, 0.194031
0.85, 0.191769, 0.18, 0.82, 0.195107
0.85, 0.189686, 0.18, 0.82, 0.192271
0.85, 0.200905, 0.18, 0.82, 0.201715
0.85, 0.199467, 0.18, 0.82, 0.199878
0.85, 0.197035, 0.18, 0.82, 0.194951
0.85, 0.192079, 0.18, 0.82, 0.194158
0.85, 0.189963, 0.18, 0.82, 0.185473
0.85, 0.222711, 0.19, 0.81, 0.216747
0.85, 0.212723, 0.19, 0.81, 0.214864
0.85, 0.207721, 0.19, 0.81, 0.203999
0.85, 0.207944, 0.19, 0.81, 0.212461
0.85, 0.214926, 0.19, 0.81, 0.214233
0.85, 0.20904, 0.19, 0.81, 0.207971
0.85, 0.207927, 0.19, 0.81, 0.205683
0.85, 0.204093, 0.19, 0.81, 0.204285
0.85, 0.203473, 0.19, 0.81, 0.209101
0.85, 0.200747, 0.19, 0.81, 0.203372
0.85, 0.203844, 0.19, 0.81, 0.205037
0.85, 0.215262, 0.19, 0.81, 0.212874
0.85, 0.204015, 0.19, 0.81, 0.209621
0.85, 0.201387, 0.19, 0.81, 0.20437
0.85, 0.21029, 0.19, 0.81, 0.211077
0.85, 0.204293, 0.19, 0.81, 0.206428
0.85, 0.20843, 0.19, 0.81, 0.210555
0.85, 0.21327, 0.19, 0.81, 0.214207
0.85, 0.203929, 0.19, 0.81, 0.20359
0.85, 0.198125, 0.19, 0.81, 0.201864
0.85, 0.20268, 0.19, 0.81, 0.20859
0.85, 0.210384, 0.19, 0.81, 0.207486
0.85, 0.207435, 0.19, 0.81, 0.206859
0.85, 0.211777, 0.19, 0.81, 0.206113
0.85, 0.211183, 0.19, 0.81, 0.209901
0.85, 0.227514, 0.2, 0.8, 0.227054
0.85, 0.222965, 0.2, 0.8, 0.222461
0.85, 0.220807, 0.2, 0.8, 0.223463
0.85, 0.211961, 0.2, 0.8, 0.220429
0.85, 0.228992, 0.2, 0.8, 0.225647
0.85, 0.219149, 0.2, 0.8, 0.222325
0.85, 0.225975, 0.2, 0.8, 0.220449
0.85, 0.218023, 0.2, 0.8, 0.219758
0.85, 0.215481, 0.2, 0.8, 0.220461
0.85, 0.214185, 0.2, 0.8, 0.217995
0.85, 0.223874, 0.2, 0.8, 0.226409
0.85, 0.227273, 0.2, 0.8, 0.229198
0.85, 0.220566, 0.2, 0.8, 0.223956
0.85, 0.219499, 0.2, 0.8, 0.218485
0.85, 0.220221, 0.2, 0.8, 0.217603
0.85, 0.219643, 0.2, 0.8, 0.22246
0.85, 0.208769, 0.2, 0.8, 0.215474
0.85, 0.227794, 0.2, 0.8, 0.226589
0.85, 0.222154, 0.2, 0.8, 0.222626
0.85, 0.213628, 0.2, 0.8, 0.219718
0.85, 0.229962, 0.2, 0.8, 0.230936
0.85, 0.227518, 0.2, 0.8, 0.226487
0.85, 0.217862, 0.2, 0.8, 0.222345
0.85, 0.217721, 0.2, 0.8, 0.220746
0.85, 0.227048, 0.2, 0.8, 0.223065
0.85, 0.236599, 0.21, 0.79, 0.234412
0.85, 0.22712, 0.21, 0.79, 0.231984
0.85, 0.240348, 0.21, 0.79, 0.243289
0.85, 0.228433, 0.21, 0.79, 0.230807
0.85, 0.236806, 0.21, 0.79, 0.239876
0.85, 0.233869, 0.21, 0.79, 0.235814
0.85, 0.23802, 0.21, 0.79, 0.242409
0.85, 0.236267, 0.21, 0.79, 0.239133
0.85, 0.244582, 0.21, 0.79, 0.245972
0.85, 0.239891, 0.21, 0.79, 0.241026
0.85, 0.239438, 0.21, 0.79, 0.231252
0.85, 0.230771, 0.21, 0.79, 0.232304
0.85, 0.241274, 0.21, 0.79, 0.238451
0.85, 0.245538, 0.21, 0.79, 0.241273
0.85, 0.234193, 0.21, 0.79, 0.233154
0.85, 0.23246, 0.21, 0.79, 0.23171
0.85, 0.226088, 0.21, 0.79, 0.227183
0.85, 0.23344, 0.21, 0.79, 0.238458
0.85, 0.22862, 0.21, 0.79, 0.231272
0.85, 0.240386, 0.21, 0.79, 0.240865
0.85, 0.243795, 0.21, 0.79, 0.246563
0.85, 0.235006, 0.21, 0.79, 0.235513
0.85, 0.235423, 0.21, 0.79, 0.23619
0.85, 0.242947, 0.21, 0.79, 0.238871
0.85, 0.234999, 0.21, 0.79, 0.233291
0.85, 0.25984, 0.22, 0.78, 0.256881
0.85, 0.261428, 0.22, 0.78, 0.264626
0.85, 0.248917, 0.22, 0.78, 0.255634
0.85, 0.252077, 0.22, 0.78, 0.250975
0.85, 0.253144, 0.22, 0.78, 0.25183
0.85, 0.252182, 0.22, 0.78, 0.254345
0.85, 0.257988, 0.22, 0.78, 0.255334
0.85, 0.250268, 0.22, 0.78, 0.255265
0.85, 0.251375, 0.22, 0.78, 0.250817
0.85, 0.261387, 0.22, 0.78, 0.257854
0.85, 0.24776, 0.22, 0.78, 0.252946
0.85, 0.247489, 0.22, 0.78, 0.248564
0.85, 0.253966, 0.22, 0.78, 0.25198
0.85, 0.248457, 0.22, 0.78, 0.250079
0.85, 0.256819, 0.22, 0.78, 0.254358
0.85, 0.245005, 0.22, 0.78, 0.252981
0.85, 0.243301, 0.22, 0.78, 0.250249
0.85, 0.249569, 0.22, 0.78, 0.249164
0.85, 0.242386, 0.22, 0.78, 0.24483
0.85, 0.246254, 0.22, 0.78, 0.251919
0.85, 0.245742, 0.22, 0.78, 0.247546
0.85, 0.246721, 0.22, 0.78, 0.251914
0.85, 0.256729, 0.22, 0.78, 0.252679
0.85, 0.24391, 0.22, 0.78, 0.248204
0.85, 0.25076, 0.22, 0.78, 0.247931
0.85, 0.260217, 0.23, 0.77, 0.258075
0.85, 0.270642, 0.23, 0.77, 0.268097
0.85, 0.259635, 0.23, 0.77, 0.266426
0.85, 0.263591, 0.23, 0.77, 0.266821
0.85, 0.272542, 0.23, 0.77, 0.27066
0.85, 0.269061, 0.23, 0.77, 0.270368
0.85, 0.26617, 0.23, 0.77, 0.265751
0.85, 0.27699, 0.23, 0.77, 0.277236
0.85, 0.272875, 0.23, 0.77, 0.273385
0.85, 0.263685, 0.23, 0.77, 0.26803
0.85, 0.266242, 0.23, 0.77, 0.26759
0.85, 0.273516, 0.23, 0.77, 0.272234
0.85, 0.272936, 0.23, 0.77, 0.270547
0.85, 0.264154, 0.23, 0.77, 0.261346
0.85, 0.273887, 0.23, 0.77, 0.273816
0.85, 0.273073, 0.23, 0.77, 0.272043
0.85, 0.273148, 0.23, 0.77, 0.271408
0.85, 0.264143, 0.23, 0.77, 0.270284
0.85, 0.265106, 0.23, 0.77, 0.26477
0.85, 0.258034, 0.23, 0.77, 0.261903
0.85, 0.272106, 0.23, 0.77, 0.268992
0.85, 0.269324, 0.23, 0.77, 0.270177
0.85, 0.269513, 0.23, 0.77, 0.270101
0.85, 0.259602, 0.23, 0.77, 0.264497
0.85, 0.26874, 0.23, 0.77, 0.268615
0.85, 0.28562, 0.24, 0.76, 0.285852
0.85, 0.29558, 0.24, 0.76, 0.290104
0.85, 0.286899, 0.24, 0.76, 0.281746
0.85, 0.28585, 0.24, 0.76, 0.286147
0.85, 0.276277, 0.24, 0.76, 0.282177
0.85, 0.287005, 0.24, 0.76, 0.280788
0.85, 0.288423, 0.24, 0.76, 0.287755
0.85, 0.28697, 0.24, 0.76, 0.283515
0.85, 0.276076, 0.24, 0.76, 0.280428
0.85, 0.288978, 0.24, 0.76, 0.289997
0.85, 0.288636, 0.24, 0.76, 0.285379
0.85, 0.282637, 0.24, 0.76, 0.278772
0.85, 0.287069, 0.24, 0.76, 0.288518
0.85, 0.281598, 0.24, 0.76, 0.283525
0.85, 0.283404, 0.24, 0.76, 0.28856
0.85, 0.276057, 0.24, 0.76, 0.282456
0.85, 0.285901, 0.24, 0.76, 0.281094
0.85, 0.284056, 0.24, 0.76, 0.288751
0.85, 0.287575, 0.24, 0.76, 0.287701
0.85, 0.269702, 0.24, 0.76, 0.274447
0.85, 0.28609, 0.24, 0.76, 0.286134
0.85, 0.285386, 0.24, 0.76, 0.283935
0.85, 0.291585, 0.24, 0.76, 0.290098
0.85, 0.284252, 0.24, 0.76, 0.290753
0.85, 0.275625, 0.24, 0.76, 0.281573
0.85, 0.296519, 0.25, 0.75, 0.298744
0.85, 0.293408, 0.25, 0.75, 0.295586
0.85, 0.311556, 0.25, 0.75, 0.311317
0.85, 0.300241, 0.25, 0.75, 0.302145
0.85, 0.300867, 0.25, 0.75, 0.303196
0.85, 0.299761, 0.25, 0.75, 0.303701
0.85, 0.313045, 0.25, 0.75, 0.307627
0.85, 0.315226, 0.25, 0.75, 0.310172
0.85, 0.30841, 0.25, 0.75, 0.310134
0.85, 0.296446, 0.25, 0.75, 0.296613
0.85, 0.301144, 0.25, 0.75, 0.302102
0.85, 0.295926, 0.25, 0.75, 0.300187
0.85, 0.310222, 0.25, 0.75, 0.313859
0.85, 0.299484, 0.25, 0.75, 0.305457
0.85, 0.287939, 0.25, 0.75, 0.298158
0.85, 0.305159, 0.25, 0.75, 0.308798
0.85, 0.292484, 0.25, 0.75, 0.297617
0.85, 0.289369, 0.25, 0.75, 0.291496
0.85, 0.310744, 0.25, 0.75, 0.309041
0.85, 0.302733, 0.25, 0.75, 0.297889
0.85, 0.302617, 0.25, 0.75, 0.305425
0.85, 0.294346, 0.25, 0.75, 0.303485
0.85, 0.298903, 0.25, 0.75, 0.30242
0.85, 0.29721, 0.25, 0.75, 0.297951
0.85, 0.289838, 0.25, 0.75, 0.294545
0.85, 0.323638, 0.26, 0.74, 0.326489
0.85, 0.313114, 0.26, 0.74, 0.317566
0.85, 0.322085, 0.26, 0.74, 0.321143
0.85, 0.32713, 0.26, 0.74, 0.327449
0.85, 0.331297, 0.26, 0.74, 0.329781
0.85, 0.323885, 0.26, 0.74, 0.328707
0.85, 0.315004, 0.26, 0.74, 0.315438
0.85, 0.313451, 0.26, 0.74, 0.317073
0.85, 0.315926, 0.26, 0.74, 0.317545
0.85, 0.323171, 0.26, 0.74, 0.317989
0.85, 0.312709, 0.26, 0.74, 0.319064
0.85, 0.323056, 0.26, 0.74, 0.323423
0.85, 0.312538, 0.26, 0.74, 0.313886
0.85, 0.323201, 0.26, 0.74, 0.328657
0.85, 0.322099, 0.26, 0.74, 0.323841
0.85, 0.324937, 0.26, 0.74, 0.323217
0.85, 0.311681, 0.26, 0.74, 0.312836
0.85, 0.320942, 0.26, 0.74, 0.323448
0.85, 0.313558, 0.26, 0.74, 0.31525
0.85, 0.313082, 0.26, 0.74, 0.315869
0.85, 0.321295, 0.26, 0.74, 0.320699
0.85, 0.312803, 0.26, 0.74, 0.313688
0.85, 0.306548, 0.26, 0.74, 0.310115
0.85, 0.325583, 0.26, 0.74, 0.32277
0.85, 0.317184, 0.26, 0.74, 0.319369
0.85, 0.339525, 0.27, 0.73, 0.341747
0.85, 0.329884, 0.27, 0.73, 0.334041
0.85, 0.34558, 0.27, 0.73, 0.344637
0.85, 0.322593, 0.27, 0.73, 0.334026
0.85, 0.332309, 0.27, 0.73, 0.333929
0.85, 0.323645, 0.27, 0.73, 0.335602
0.85, 0.343203, 0.27, 0.73, 0.345636
0.85, 0.33494, 0.27, 0.73, 0.336558
0.85, 0.352074, 0.27, 0.73, 0.350595
0.85, 0.337742, 0.27, 0.73, 0.338023
0.85, 0.341951, 0.27, 0.73, 0.337639
0.85, 0.348419, 0.27, 0.73, 0.347341
0.85, 0.342116, 0.27, 0.73, 0.340828
0.85, 0.337141, 0.27, 0.73, 0.341249
0.85, 0.319544, 0.27, 0.73, 0.322795
0.85, 0.334456, 0.27, 0.73, 0.331201
0.85, 0.325429, 0.27, 0.73, 0.332626
0.85, 0.341826, 0.27, 0.73, 0.336956
0.85, 0.334286, 0.27, 0.73, 0.338174
0.85, 0.332696, 0.27, 0.73, 0.334408
0.85, 0.336836, 0.27, 0.73, 0.338662
0.85, 0.34919, 0.27, 0.73, 0.342047
0.85, 0.339251, 0.27, 0.73, 0.337878
0.85, 0.337414, 0.27, 0.73, 0.336049
0.85, 0.333895, 0.27, 0.73, 0.337591
0.85, 0.34387, 0.28, 0.72, 0.346861
0.85, 0.342982, 0.28, 0.72, 0.346343
0.85, 0.373134, 0.28, 0.72, 0.369094
0.85, 0.355382, 0.28, 0.72, 0.361647
0.85, 0.34653, 0.28, 0.72, 0.351304
0.85, 0.344943, 0.28, 0.72, 0.34682
0.85, 0.351977, 0.28, 0.72, 0.354977
0.85, 0.361959, 0.28, 0.72, 0.362031
0.85, 0.348446, 0.28, 0.72, 0.352238
0.85, 0.352445, 0.28, 0.72, 0.354625
0.85, 0.349234, 0.28, 0.72, 0.358999
0.85, 0.344422, 0.28, 0.72, 0.338807
0.85, 0.36322, 0.28, 0.72, 0.359775
0.85, 0.344426, 0.28, 0.72, 0.35285
0.85, 0.353977, 0.28, 0.72, 0.356119
0.85, 0.350165, 0.28, 0.72, 0.350964
0.85, 0.339583, 0.28, 0.72, 0.34299
0.85, 0.344241, 0.28, 0.72, 0.344898
0.85, 0.348438, 0.28, 0.72, 0.352107
0.85, 0.360825, 0.28, 0.72, 0.357964
0.85, 0.35717, 0.28, 0.72, 0.36073
0.85, 0.358442, 0.28, 0.72, 0.355393
0.85, 0.353115, 0.28, 0.72, 0.35183
0.85, 0.349537, 0.28, 0.72, 0.349439
0.85, 0.359063, 0.28, 0.72, 0.356385
0.85, 0.37829, 0.29, 0.71, 0.37818
0.85, 0.365779, 0.29, 0.71, 0.372366
0.85, 0.382684, 0.29, 0.71, 0.379055
0.85, 0.365033, 0.29, 0.71, 0.367067
0.85, 0.368664, 0.29, 0.71, 0.373898
0.85, 0.370229, 0.29, 0.71, 0.370797
0.85, 0.373094, 0.29, 0.71, 0.379176
0.85, 0.363929, 0.29, 0.71, 0.366351
0.85, 0.36998, 0.29, 0.71, 0.369465
0.85, 0.366542, 0.29, 0.71, 0.366907
0.85, 0.370265, 0.29, 0.71, 0.374164
0.85, 0.366931, 0.29, 0.71, 0.371336
0.85, 0.371115, 0.29, 0.71, 0.375222
0.85, 0.363119, 0.29, 0.71, 0.364715
0.85, 0.366294, 0.29, 0.71, 0.367733
0.85, 0.373083, 0.29, 0.71, 0.375896
0.85, 0.3752, 0.29, 0.71, 0.38053
0.85, 0.37213, 0.29, 0.71, 0.375009
0.85, 0.382021, 0.29, 0.71, 0.378792
0.85, 0.370177, 0.29, 0.71, 0.377917
0.85, 0.369996, 0.29, 0.71, 0.374452
0.85, 0.361047, 0.29, 0.71, 0.368546
0.85, 0.359703, 0.29, 0.71, 0.362515
0.85, 0.351719, 0.29, 0.71, 0.361689
0.85, 0.375287, 0.29, 0.71, 0.377003
0.85, 0.392838, 0.3, 0.7, 0.39245
0.85, 0.383505, 0.3, 0.7, 0.391473
0.85, 0.388619, 0.3, 0.7, 0.391821
0.85, 0.385165, 0.3, 0.7, 0.389887
0.85, 0.398991, 0.3, 0.7, 0.39623
0.85, 0.380889, 0.3, 0.7, 0.386855
0.85, 0.392506, 0.3, 0.7, 0.392399
0.85, 0.398431, 0.3, 0.7, 0.398932
0.85, 0.393648, 0.3, 0.7, 0.386077
0.85, 0.39251, 0.3, 0.7, 0.397506
0.85, 0.392169, 0.3, 0.7, 0.397595
0.85, 0.392427, 0.3, 0.7, 0.38553
0.85, 0.399095, 0.3, 0.7, 0.401171
0.85, 0.383359, 0.3, 0.7, 0.389102
0.85, 0.387998, 0.3, 0.7, 0.398973
0.85, 0.388528, 0.3, 0.7, 0.390414
0.85, 0.386622, 0.3, 0.7, 0.387966
0.85, 0.392363, 0.3, 0.7, 0.394084
0.85, 0.380846, 0.3, 0.7, 0.387037
0.85, 0.389083, 0.3, 0.7, 0.39253
0.85, 0.392928, 0.3, 0.7, 0.391328
0.85, 0.400188, 0.3, 0.7, 0.399262
0.85, 0.394163, 0.3, 0.7, 0.396037
0.85, 0.384454, 0.3, 0.7, 0.390672
0.85, 0.383706, 0.3, 0.7, 0.393939
0.9, 0.159527, 0.15, 0.85, 0.162173
0.9, 0.160094, 0.15, 0.85, 0.159831
0.9, 0.15751, 0.15, 0.85, 0.157527
0.9, 0.154367, 0.15, 0.85, 0.156803
0.9, 0.163051, 0.15, 0.85, 0.166977
0.9, 0.169963, 0.15, 0.85, 0.168802
0.9, 0.155288, 0.15, 0.85, 0.159584
0.9, 0.168551, 0.15, 0.85, 0.168639
0.9, 0.15842, 0.15, 0.85, 0.158296
0.9, 0.162432, 0.15, 0.85, 0.1638
0.9, 0.16904, 0.15, 0.85, 0.166168
0.9, 0.162165, 0.15, 0.85, 0.164773
0.9, 0.163023, 0.15, 0.85, 0.165045
0.9, 0.165878, 0.15, 0.85, 0.164512
0.9, 0.162594, 0.15, 0.85, 0.161501
0.9, 0.15612, 0.15, 0.85, 0.158907
0.9, 0.153373, 0.15, 0.85, 0.15837
0.9, 0.165221, 0.15, 0.85, 0.167418
0.9, 0.158212, 0.15, 0.85, 0.163269
0.9, 0.164625, 0.15, 0.85, 0.166549
0.9, 0.159815, 0.15, 0.85, 0.163187
0.9, 0.161715, 0.15, 0.85, 0.163333
0.9, 0.168013, 0.15, 0.85, 0.169207
0.9, 0.15673, 0.15, 0.85, 0.15884
0.9, 0.16689, 0.15, 0.85, 0.162162
0.9, 0.177917, 0.16, 0.84, 0.186466
0.9, 0.177196, 0.16, 0.84, 0.174342
0.9, 0.1718, 0.16, 0.84, 0.172178
0.9, 0.172831, 0.16, 0.84, 0.174441
0.9, 0.174041, 0.16, 0.84, 0.172165
0.9, 0.17808, 0.16, 0.84, 0.179133
0.9, 0.173621, 0.16, 0.84, 0.173885
0.9, 0.173626, 0.16, 0.84, 0.177062
0.9, 0.170869, 0.16, 0.84, 0.172575
0.9, 0.177711, 0.16, 0.84, 0.176787
0.9, 0.174228, 0.16, 0.84, 0.177223
0.9, 0.176655, 0.16, 0.84, 0.177775
0.9, 0.182124, 0.16, 0.84, 0.180046
0.9, 0.178057, 0.16, 0.84, 0.180998
0.9, 0.175359, 0.16, 0.84, 0.177059
0.9, 0.176753, 0.16, 0.84, 0.177234
0.9, 0.169258, 0.16, 0.84, 0.171478
0.9, 0.165477, 0.16, 0.84, 0.171087
0.9, 0.180396, 0.16, 0.84, 0.178082
0.9, 0.174958, 0.16, 0.84, 0.176779
0.9, 0.16979, 0.16, 0.84, 0.172447
0.9, 0.169524, 0.16, 0.84, 0.169622
0.9, 0.171927, 0.16, 0.84, 0.174208
0.9, 0.170784, 0.16, 0.84, 0.171986
0.9, 0.17962, 0.16, 0.84, 0.17671
0.9, 0.191238, 0.17, 0.83, 0.193191
0.9, 0.192123, 0.17, 0.83, 0.191796
0.9, 0.191375, 0.17, 0.83, 0.191081
0.9, 0.183192, 0.17, 0.83, 0.185955
0.9, 0.193358, 0.17, 0.83, 0.189962
0.9, 0.191988, 0.17, 0.83, 0.19092
0.9, 0.186414, 0.17, 0.83, 0.188256
0.9, 0.194109, 0.17, 0.83, 0.195836
0.9, 0.186411, 0.17, 0.83, 0.188729
0.9, 0.189049, 0.17, 0.83, 0.188938
0.9, 0.190554, 0.17, 0.83, 0.191932
0.9, 0.192636, 0.17, 0.83, 0.19265
0.9, 0.191246, 0.17, 0.83, 0.190617
0.9, 0.190687, 0.17, 0.83, 0.18567
0.9, 0.188518, 0.17, 0.83, 0.188108
0.9, 0.183391, 0.17, 0.83, 0.186685
0.9, 0.184128, 0.17, 0.83, 0.189952
0.9, 0.176786, 0.17, 0.83, 0.180325
0.9, 0.18828, 0.17, 0.83, 0.191216
0.9, 0.183631, 0.17, 0.83, 0.187024
0.9, 0.196825, 0.17, 0.83, 0.192869
0.9, 0.186628, 0.17, 0.83, 0.183171
0.9, 0.184387, 0.17, 0.83, 0.186106
0.9, 0.183191, 0.17, 0.83, 0.18796
0.9, 0.199033, 0.17, 0.83, 0.197537
0.9, 0.199766, 0.18, 0.82, 0.207268
0.9, 0.198161, 0.18, 0.82, 0.204966
0.9, 0.21011, 0.18, 0.82, 0.205864
0.9, 0.20115, 0.18, 0.82, 0.201815
0.9, 0.211066, 0.18, 0.82, 0.207973
0.9, 0.209874, 0.18, 0.82, 0.206803
0.9, 0.200444, 0.18, 0.82, 0.200299
0.9, 0.201362, 0.18, 0.82, 0.200326
0.9, 0.206309, 0.18, 0.82, 0.203267
0.9, 0.216526, 0.18, 0.82, 0.213839
0.9, 0.197591, 0.18, 0.82, 0.202377
0.9, 0.207983, 0.18, 0.82, 0.210141
0.9, 0.199314, 0.18, 0.82, 0.199082
0.9, 0.193084, 0.18, 0.82, 0.19652
0.9, 0.212765, 0.18, 0.82, 0.208949
0.9, 0.192286, 0.18, 0.82, 0.193223
0.9, 0.201678, 0.18, 0.82, 0.200314
0.9, 0.204094, 0.18, 0.82, 0.205202
0.9, 0.208301, 0.18, 0.82, 0.207438
0.9, 0.202768, 0.18, 0.82, 0.200097
0.9, 0.197928, 0.18, 0.82, 0.205245
0.9, 0.197278, 0.18, 0.82, 0.200181
0.9, 0.20461, 0.18, 0.82, 0.204369
0.9, 0.196157, 0.18, 0.82, 0.197593
0.9, 0.201369, 0.18, 0.82, 0.201009
0.9, 0.206624, 0.19, 0.81, 0.21109
0.9, 0.211909, 0.19, 0.81, 0.213912
0.9, 0.205323, 0.19, 0.81, 0.210139
0.9, 0.211084, 0.19, 0.81, 0.210419
0.9, 0.214813, 0.19, 0.81, 0.215537
0.9, 0.228465, 0.19, 0.81, 0.226157
0.9, 0.218901, 0.19, 0.81, 0.221117
0.9, 0.214722, 0.19, 0.81, 0.217577
0.9, 0.215763, 0.19, 0.81, 0.219096
0.9, 0.217429, 0.19, 0.81, 0.215615
0.9, 0.21617, 0.19, 0.81, 0.218037
0.9, 0.217654, 0.19, 0.81, 0.218856
0.9, 0.219509, 0.19, 0.81, 0.220206
0.9, 0.213538, 0.19, 0.81, 0.219499
0.9, 0.223128, 0.19, 0.81, 0.220379
0.9, 0.213525, 0.19, 0.81, 0.213549
0.9, 0.205651, 0.19, 0.81, 0.204585
0.9, 0.225647, 0.19, 0.81, 0.225126
0.9, 0.214461, 0.19, 0.81, 0.216855
0.9, 0.223879, 0.19, 0.81, 0.221931
0.9, 0.218859, 0.19, 0.81, 0.219423
0.9, 0.222844, 0.19, 0.81, 0.222989
0.9, 0.217928, 0.19, 0.81, 0.222405
0.9, 0.220253, 0.19, 0.81, 0.218921
0.9, 0.205899, 0.19, 0.81, 0.209678
0.9, 0.226238, 0.2, 0.8, 0.235029
0.9, 0.225569, 0.2, 0.8, 0.231975
0.9, 0.224181, 0.2, 0.8, 0.228237
0.9, 0.233476, 0.2, 0.8, 0.232331
0.9, 0.233734, 0.2, 0.8, 0.231671
0.9, 0.2314, 0.2, 0.8, 0.233923
0.9, 0.230513, 0.2, 0.8, 0.232787
0.9, 0.222918, 0.2, 0.8, 0.22509
0.9, 0.234884, 0.2, 0.8, 0.235068
0.9, 0.242957, 0.2, 0.8, 0.241135
0.9, 0.235295, 0.2, 0.8, 0.233771
0.9, 0.232068, 0.2, 0.8, 0.232796
0.9, 0.229421, 0.2, 0.8, 0.232306
0.9, 0.22664, 0.2, 0.8, 0.228529
0.9, 0.23564, 0.2, 0.8, 0.235578
0.9, 0.227038, 0.2, 0.8, 0.227231
0.9, 0.23136, 0.2, 0.8, 0.230659
0.9, 0.238178, 0.2, 0.8, 0.238322
0.9, 0.236931, 0.2, 0.8, 0.237956
0.9, 0.230545, 0.2, 0.8, 0.230204
0.9, 0.232268, 0.2, 0.8, 0.230779
0.9, 0.226322, 0.2, 0.8, 0.230868
0.9, 0.23316, 0.2, 0.8, 0.233698
0.9, 0.230398, 0.2, 0.8, 0.235518
0.9, 0.225025, 0.2, 0.8, 0.227714
0.9, 0.243114, 0.21, 0.79, 0.253163
0.9, 0.250907, 0.21, 0.79, 0.248186
0.9, 0.245644, 0.21, 0.79, 0.245072
0.9, 0.242786, 0.21, 0.79, 0.248788
0.9, 0.242863, 0.21, 0.79, 0.240271
0.9, 0.239551, 0.21, 0.79, 0.241106
0.9, 0.238222, 0.21, 0.79, 0.243116
0.9, 0.245177, 0.21, 0.79, 0.248522
0.9, 0.23821, 0.21, 0.79, 0.246107
0.9, 0.245092, 0.21, 0.79, 0.245396
0.9, 0.243694, 0.21, 0.79, 0.238683
0.9, 0.253686, 0.21, 0.79, 0.253842
0.9, 0.250902, 0.21, 0.79, 0.249686
0.9, 0.244803, 0.21, 0.79, 0.244622
0.9, 0.244189, 0.21, 0.79, 0.243055
0.9, 0.248616, 0.21, 0.79, 0.248269
0.9, 0.248976, 0.21, 0.79, 0.248253
0.9, 0.247434, 0.21, 0.79, 0.249922
0.9, 0.254747, 0.21, 0.79, 0.253356
0.9, 0.246013, 0.21, 0.79, 0.246081
0.9, 0.243631, 0.21, 0.79, 0.246821
0.9, 0.240876, 0.21, 0.79, 0.245147
0.9, 0.231787, 0.21, 0.79, 0.238311
0.9, 0.24727, 0.21, 0.79, 0.248542
0.9, 0.240415, 0.21, 0.79, 0.243663
0.9, 0.260274, 0.22, 0.78, 0.259773
0.9, 0.267108, 0.22, 0.78, 0.265044
0.9, 0.259509, 0.22, 0.78, 0.261395
0.9, 0.262334, 0.22, 0.78, 0.262652
0.9, 0.255723, 0.22, 0.78, 0.264505
0.9, 0.273741, 0.22, 0.78, 0.275228
0.9, 0.256265, 0.22, 0.78, 0.259142
0.9, 0.263063, 0.22, 0.78, 0.265488
0.9, 0.24942, 0.22, 0.78, 0.25588
0.9, 0.257594, 0.22, 0.78, 0.259681
0.9, 0.262557, 0.22, 0.78, 0.263078
0.9, 0.260568, 0.22, 0.78, 0.262578
0.9, 0.259189, 0.22, 0.78, 0.258331
0.9, 0.258322, 0.22, 0.78, 0.258244
0.9, 0.258566, 0.22, 0.78, 0.260889
0.9, 0.260672, 0.22, 0.78, 0.264612
0.9, 0.253851, 0.22, 0.78, 0.257872
0.9, 0.258976, 0.22, 0.78, 0.26053
0.9, 0.263671, 0.22, 0.78, 0.265249
0.9, 0.261356, 0.22, 0.78, 0.261011
0.9, 0.263014, 0.22, 0.78, 0.258653
0.9, 0.260341, 0.22, 0.78, 0.262777
0.9, 0.259883, 0.22, 0.78, 0.25693
0.9, 0.261528, 0.22, 0.78, 0.266285
0.9, 0.266391, 0.22, 0.78, 0.265799
0.9, 0.278179, 0.23, 0.77, 0.277014
0.9, 0.276293, 0.23, 0.77, 0.275651
0.9, 0.277887, 0.23, 0.77, 0.280255
0.9, 0.281415, 0.23, 0.77, 0.279073
0.9, 0.264377, 0.23, 0.77, 0.267339
0.9, 0.274165, 0.23, 0.77, 0.274021
0.9, 0.267375, 0.23, 0.77, 0.275866
0.9, 0.282566, 0.23, 0.77, 0.286392
0.9, 0.275086, 0.23, 0.77, 0.278084
0.9, 0.271817, 0.23, 0.77, 0.277937
0.9, 0.282115, 0.23, 0.77, 0.280949
0.9, 0.270629, 0.23, 0.77, 0.278169
0.9, 0.275716, 0.23, 0.77, 0.27741
0.9, 0.265229, 0.23, 0.77, 0.26712
0.9, 0.265618, 0.23, 0.77, 0.269705
0.9, 0.273425, 0.23, 0.77, 0.277852
0.9, 0.275259, 0.23, 0.77, 0.278615
0.9, 0.276887, 0.23, 0.77, 0.278471
0.9, 0.265733, 0.23, 0.77, 0.271
0.9, 0.287052, 0.23, 0.77, 0.289386
0.9, 0.2792, 0.23, 0.77, 0.276574
0.9, 0.279459, 0.23, 0.77, 0.282351
0.9, 0.270375, 0.23, 0.77, 0.27554
0.9, 0.292032, 0.23, 0.77, 0.291304
0.9, 0.270848, 0.23, 0.77, 0.275686
0.9, 0.2934, 0.24, 0.76, 0.291045
0.9, 0.283876, 0.24, 0.76, 0.288372
0.9, 0.299447, 0.24, 0.76, 0.299948
0.9, 0.292428, 0.24, 0.76, 0.291208
0.9, 0.30041, 0.24, 0.76, 0.300222
0.9, 0.290026, 0.24, 0.76, 0.294955
0.9, 0.297228, 0.24, 0.76, 0.294936
0.9, 0.284583, 0.24, 0.76, 0.28912
0.9, 0.283553, 0.24, 0.76, 0.290262
0.9, 0.281972, 0.24, 0.76, 0.283854
0.9, 0.284291, 0.24, 0.76, 0.285832
0.9, 0.287635, 0.24, 0.76, 0.287062
0.9, 0.29144, 0.24, 0.76, 0.291512
0.9, 0.298916, 0.24, 0.76, 0.298865
0.9, 0.292586, 0.24, 0.76, 0.297963
0.9, 0.297515, 0.24, 0.76, 0.295437
0.9, 0.287809, 0.24, 0.76, 0.285806
0.9, 0.295504, 0.24, 0.76, 0.297725
0.9, 0.27904, 0.24, 0.76, 0.290271
0.9, 0.292107, 0.24, 0.76, 0.291795
0.9, 0.29266, 0.24, 0.76, 0.295723
0.9, 0.300934, 0.24, 0.76, 0.297628
0.9, 0.288933, 0.24, 0.76, 0.29892
0.9, 0.286974, 0.24, 0.76, 0.293629
0.9, 0.281004, 0.24, 0.76, 0.286939
0.9, 0.3122, 0.25, 0.75, 0.314588
0.9, 0.30014, 0.25, 0.75, 0.306335
0.9, 0.310977, 0.25, 0.75, 0.316607
0.9, 0.311224, 0.25, 0.75, 0.30955
0.9, 0.311754, 0.25, 0.75, 0.307439
0.9, 0.308765, 0.25, 0.75, 0.309457
0.9, 0.299928, 0.25, 0.75, 0.30652
0.9, 0.309725, 0.25, 0.75, 0.307197
0.9, 0.314464, 0.25, 0.75, 0.314861
0.9, 0.314008, 0.25, 0.75, 0.314297
0.9, 0.306469, 0.25, 0.75, 0.305206
0.9, 0.306442, 0.25, 0.75, 0.310568
0.9, 0.312086, 0.25, 0.75, 0.307378
0.9, 0.309642, 0.25, 0.75, 0.308402
0.9, 0.312694, 0.25, 0.75, 0.313282
0.9, 0.305238, 0.25, 0.75, 0.305541
0.9, 0.309448, 0.25, 0.75, 0.310737
0.9, 0.3147, 0.25, 0.75, 0.317337
0.9, 0.310139, 0.25, 0.75, 0.308522
0.9, 0.310596, 0.25, 0.75, 0.316224
0.9, 0.317131, 0.25, 0.75, 0.310167
0.9, 0.314631, 0.25, 0.75, 0.314695
0.9, 0.308707, 0.25, 0.75, 0.308604
0.9, 0.320147, 0.25, 0.75, 0.318516
0.9, 0.314215, 0.25, 0.75, 0.313582
0.9, 0.331338, 0.26, 0.74, 0.327576
0.9, 0.329083, 0.26, 0.74, 0.338679
0.9, 0.322994, 0.26, 0.74, 0.326943
0.9, 0.307151, 0.26, 0.74, 0.318089
0.9, 0.33091, 0.26, 0.74, 0.332763
0.9, 0.318689, 0.26, 0.74, 0.325401
0.9, 0.324065, 0.26, 0.74, 0.326203
0.9, 0.323108, 0.26, 0.74, 0.324222
0.9, 0.331733, 0.26, 0.74, 0.334597
0.9, 0.329968, 0.26, 0.74, 0.329696
0.9, 0.322037, 0.26, 0.74, 0.319558
0.9, 0.339421, 0.26, 0.74, 0.333773
0.9, 0.325254, 0.26, 0.74, 0.326697
0.9, 0.322744, 0.26, 0.74, 0.3292
0.9, 0.31321, 0.26, 0.74, 0.317282
0.9, 0.321862, 0.26, 0.74, 0.328027
0.9, 0.323711, 0.26, 0.74, 0.325778
0.9, 0.321036, 0.26, 0.74, 0.325033
0.9, 0.327872, 0.26, 0.74, 0.325304
0.9, 0.318383, 0.26, 0.74, 0.327651
0.9, 0.319613, 0.26, 0.74, 0.325319
0.9, 0.328721, 0.26, 0.74, 0.326917
0.9, 0.322838, 0.26, 0.74, 0.32109
0.9, 0.331369, 0.26, 0.74, 0.337185
0.9, 0.313475, 0.26, 0.74, 0.324182
0.9, 0.357109, 0.27, 0.73, 0.355566
0.9, 0.332772, 0.27, 0.73, 0.344084
0.9, 0.345133, 0.27, 0.73, 0.34335
0.9, 0.343252, 0.27, 0.73, 0.34775
0.9, 0.355963, 0.27, 0.73, 0.35678
0.9, 0.339781, 0.27, 0.73, 0.341603
0.9, 0.339415, 0.27, 0.73, 0.342865
0.9, 0.33964, 0.27, 0.73, 0.339592
0.9, 0.338492, 0.27, 0.73, 0.346051
0.9, 0.356394, 0.27, 0.73, 0.351502
0.9, 0.344357, 0.27, 0.73, 0.345306
0.9, 0.341457, 0.27, 0.73, 0.341701
0.9, 0.343957, 0.27, 0.73, 0.343051
0.9, 0.351405, 0.27, 0.73, 0.355183
0.9, 0.346535, 0.27, 0.73, 0.347811
0.9, 0.359331, 0.27, 0.73, 0.358222
0.9, 0.347229, 0.27, 0.73, 0.354004
0.9, 0.326412, 0.27, 0.73, 0.334726
0.9, 0.346919, 0.27, 0.73, 0.352331
0.9, 0.337106, 0.27, 0.73, 0.340869
0.9, 0.338051, 0.27, 0.73, 0.344878
0.9, 0.335198, 0.27, 0.73, 0.338705
0.9, 0.34546, 0.27, 0.73, 0.34906
0.9, 0.342367, 0.27, 0.73, 0.340657
0.9, 0.344621, 0.27, 0.73, 0.344685
0.9, 0.364653, 0.28, 0.72, 0.36757
0.9, 0.366008, 0.28, 0.72, 0.368575
0.9, 0.367307, 0.28, 0.72, 0.366035
0.9, 0.372485, 0.28, 0.72, 0.370087
0.9, 0.364308, 0.28, 0.72, 0.363298
0.9, 0.3735, 0.28, 0.72, 0.37055
0.9, 0.352826, 0.28, 0.72, 0.356005
0.9, 0.353666, 0.28, 0.72, 0.35609
0.9, 0.378063, 0.28, 0.72, 0.37867
0.9, 0.351883, 0.28, 0.72, 0.359028
0.9, 0.360101, 0.28, 0.72, 0.362666
0.9, 0.358472, 0.28, 0.72, 0.35695
0.9, 0.360878, 0.28, 0.72, 0.359258
0.9, 0.36392, 0.28, 0.72, 0.363037
0.9, 0.367496, 0.28, 0.72, 0.364101
0.9, 0.360978, 0.28, 0.72, 0.367214
0.9, 0.360183, 0.28, 0.72, 0.360602
0.9, 0.367162, 0.28, 0.72, 0.367774
0.9, 0.360081, 0.28, 0.72, 0.354753
0.9, 0.36744, 0.28, 0.72, 0.368296
0.9, 0.355162, 0.28, 0.72, 0.364526
0.9, 0.360118, 0.28, 0.72, 0.361679
0.9, 0.371392, 0.28, 0.72, 0.368985
0.9, 0.355179, 0.28, 0.72, 0.362525
0.9, 0.365102, 0.28, 0.72, 0.365298
0.9, 0.378598, 0.29, 0.71, 0.380351
0.9, 0.387015, 0.29, 0.71, 0.389108
0.9, 0.371214, 0.29, 0.71, 0.373904
0.9, 0.366979, 0.29, 0.71, 0.372554
0.9, 0.371535, 0.29, 0.71, 0.377612
0.9, 0.371387, 0.29, 0.71, 0.375291
0.9, 0.385996, 0.29, 0.71, 0.388172
0.9, 0.375779, 0.29, 0.71, 0.371046
0.9, 0.369386, 0.29, 0.71, 0.37382
0.9, 0.381638, 0.29, 0.71, 0.380082
0.9, 0.365979, 0.29, 0.71, 0.371795
0.9, 0.383757, 0.29, 0.71, 0.389746
0.9, 0.382959, 0.29, 0.71, 0.390746
0.9, 0.374861, 0.29, 0.71, 0.376904
0.9, 0.393279, 0.29, 0.71, 0.390713
0.9, 0.384946, 0.29, 0.71, 0.38266
0.9, 0.371063, 0.29, 0.71, 0.380077
0.9, 0.378931, 0.29, 0.71, 0.380897
0.9, 0.369425, 0.29, 0.71, 0.375924
0.9, 0.381823, 0.29, 0.71, 0.385389
0.9, 0.372031, 0.29, 0.71, 0.377067
0.9, 0.374326, 0.29, 0.71, 0.379722
0.9, 0.377612, 0.29, 0.71, 0.376557
0.9, 0.383854, 0.29, 0.71, 0.384996
0.9, 0.374752, 0.29, 0.71, 0.374957
0.9, 0.406532, 0.3, 0.7, 0.404049
0.9, 0.405983, 0.3, 0.7, 0.408875
0.9, 0.385988, 0.3, 0.7, 0.390251
0.9, 0.398244, 0.3, 0.7, 0.407523
0.9, 0.396425, 0.3, 0.7, 0.39838
0.9, 0.402472, 0.3, 0.7, 0.399622
0.9, 0.402654, 0.3, 0.7, 0.400682
0.9, 0.383874, 0.3, 0.7, 0.394298
0.9, 0.391104, 0.3, 0.7, 0.397755
0.9, 0.400186, 0.3, 0.7, 0.399763
0.9, 0.410453, 0.3, 0.7, 0.405232
0.9, 0.404435, 0.3, 0.7, 0.400918
0.9, 0.396703, 0.3, 0.7, 0.393578
0.9, 0.406466, 0.3, 0.7, 0.405228
0.9, 0.39536, 0.3, 0.7, 0.398696
0.9, 0.402669, 0.3, 0.7, 0.398414
0.9, 0.390511, 0.3, 0.7, 0.398733
0.9, 0.393744, 0.3, 0.7, 0.394709
0.9, 0.408666, 0.3, 0.7, 0.406579
0.9, 0.410597, 0.3, 0.7, 0.411264
0.9, 0.392158, 0.3, 0.7, 0.396369
0.9, 0.393617, 0.3, 0.7, 0.399571
0.9, 0.394751, 0.3, 0.7, 0.401789
0.9, 0.397767, 0.3, 0.7, 0.404223
0.9, 0.39391, 0.3, 0.7, 0.400743
0.95, 0.1667, 0.15, 0.85, 0.167444
0.95, 0.165306, 0.15, 0.85, 0.165549
0.95, 0.172892, 0.15, 0.85, 0.172118
0.95, 0.163671, 0.15, 0.85, 0.164336
0.95, 0.161253, 0.15, 0.85, 0.166494
0.95, 0.170521, 0.15, 0.85, 0.16816
0.95, 0.167437, 0.15, 0.85, 0.165713
0.95, 0.163027, 0.15, 0.85, 0.164261
0.95, 0.166008, 0.15, 0.85, 0.169313
0.95, 0.165041, 0.15, 0.85, 0.168188
0.95, 0.168549, 0.15, 0.85, 0.16545
0.95, 0.17237, 0.15, 0.85, 0.170883
0.95, 0.174058, 0.15, 0.85, 0.174417
0.95, 0.168679, 0.15, 0.85, 0.168394
0.95, 0.170746, 0.15, 0.85, 0.171596
0.95, 0.175547, 0.15, 0.85, 0.172347
0.95, 0.16769, 0.15, 0.85, 0.172546
0.95, 0.172128, 0.15, 0.85, 0.170941
0.95, 0.164849, 0.15, 0.85, 0.166189
0.95, 0.170092, 0.15, 0.85, 0.169352
0.95, 0.165982, 0.15, 0.85, 0.170466
0.95, 0.176987, 0.15, 0.85, 0.169098
0.95, 0.167005, 0.15, 0.85, 0.168524
0.95, 0.176559, 0.15, 0.85, 0.176464
0.95, 0.16893, 0.15, 0.85, 0.170931
0.95, 0.179457, 0.16, 0.84, 0.18267
0.95, 0.180453, 0.16, 0.84, 0.180235
0.95, 0.178355, 0.16, 0.84, 0.179259
0.95, 0.181968, 0.16, 0.84, 0.184779
0.95, 0.181191, 0.16, 0.84, 0.183165
0.95, 0.178872, 0.16, 0.84, 0.182825
0.95, 0.177696, 0.16, 0.84, 0.181306
0.95, 0.178277, 0.16, 0.84, 0.182755
0.95, 0.187165, 0.16, 0.84, 0.184218
0.95, 0.184005, 0.16, 0.84, 0.181453
0.95, 0.178894, 0.16, 0.84, 0.17986
0.95, 0.181838, 0.16, 0.84, 0.181737
0.95, 0.185247, 0.16, 0.84, 0.185176
0.95, 0.178155, 0.16, 0.84, 0.182408
0.95, 0.181467, 0.16, 0.84, 0.177336
0.95, 0.187187, 0.16, 0.84, 0.187845
0.95, 0.180655, 0.16, 0.84, 0.184159
0.95, 0.175826, 0.16, 0.84, 0.178675
0.95, 0.189162, 0.16, 0.84, 0.186127
0.95, 0.174996, 0.16, 0.84, 0.180579
0.95, 0.192657, 0.16, 0.84, 0.190414
0.95, 0.187222, 0.16, 0.84, 0.184037
0.95, 0.177101, 0.16, 0.84, 0.181487
0.95, 0.180429, 0.16, 0.84, 0.185947
0.95, 0.182695, 0.16, 0.84, 0.185488
0.95, 0.189431, 0.17, 0.83, 0.194593
0.95, 0.195066, 0.17, 0.83, 0.198149
0.95, 0.182479, 0.17, 0.83, 0.185951
0.95, 0.204658, 0.17, 0.83, 0.202467
0.95, 0.195368, 0.17, 0.83, 0.195476
0.95, 0.194491, 0.17, 0.83, 0.19559
0.95, 0.193134, 0.17, 0.83, 0.190843
0.95, 0.196115, 0.17, 0.83, 0.19116
0.95, 0.206678, 0.17, 0.83, 0.205969
0.95, 0.191683, 0.17, 0.83, 0.19
0.95, 0.19379, 0.17, 0.83, 0.196732
0.95, 0.187167, 0.17, 0.83, 0.188742
0.95, 0.189355, 0.17, 0.83, 0.190411
0.95, 0.200575, 0.17, 0.83, 0.196439
0.95, 0.189508, 0.17, 0.83, 0.192539
0.95, 0.192988, 0.17, 0.83, 0.191809
0.95, 0.192636, 0.17, 0.83, 0.194328
0.95, 0.195929, 0.17, 0.83, 0.194214
0.95, 0.202239, 0.17, 0.83, 0.198013
0.95, 0.198283, 0.17, 0.83, 0.200523
0.95, 0.19434, 0.17, 0.83, 0.194398
0.95, 0.196161, 0.17, 0.83, 0.200494
0.95, 0.201329, 0.17, 0.83, 0.20267
0.95, 0.195485, 0.17, 0.83, 0.196021
0.95, 0.195569, 0.17, 0.83, 0.198107
0.95, 0.205907, 0.18, 0.82, 0.211834
0.95, 0.209732, 0.18, 0.82, 0.205544
0.95, 0.20468, 0.18, 0.82, 0.207164
0.95, 0.208719, 0.18, 0.82, 0.210966
0.95, 0.207293, 0.18, 0.82, 0.207373
0.95, 0.210762, 0.18, 0.82, 0.209839
0.95, 0.209133, 0.18, 0.82, 0.207846
0.95, 0.199359, 0.18, 0.82, 0.20156
0.95, 0.213595, 0.18, 0.82, 0.213929
0.95, 0.207086, 0.18, 0.82, 0.210102
0.95, 0.204644, 0.18, 0.82, 0.208691
0.95, 0.210124, 0.18, 0.82, 0.212194
0.95, 0.212472, 0.18, 0.82, 0.211963
0.95, 0.212634, 0.18, 0.82, 0.210738
0.95, 0.217276, 0.18, 0.82, 0.217139
0.95, 0.212646, 0.18, 0.82, 0.213935
0.95, 0.213144, 0.18, 0.82, 0.209633
0.95, 0.210979, 0.18, 0.82, 0.210542
0.95, 0.215935, 0.18, 0.82, 0.214748
0.95, 0.203103, 0.18, 0.82, 0.204308
0.95, 0.217176, 0.18, 0.82, 0.216912
0.95, 0.208419, 0.18, 0.82, 0.206088
0.95, 0.206789, 0.18, 0.82, 0.211759
0.95, 0.20656, 0.18, 0.82, 0.208778
0.95, 0.209577, 0.18, 0.82, 0.209267
0.95, 0.220268, 0.19, 0.81, 0.222424
0.95, 0.220653, 0.19, 0.81, 0.222168
0.95, 0.223068, 0.19, 0.81, 0.218352
0.95, 0.225983, 0.19, 0.81, 0.222746
0.95, 0.229402, 0.19, 0.81, 0.230409
0.95, 0.217204, 0.19, 0.81, 0.223267
0.95, 0.221079, 0.19, 0.81, 0.22829
0.95, 0.219214, 0.19, 0.81, 0.221089
0.95, 0.225851, 0.19, 0.81, 0.227231
0.95, 0.216415, 0.19, 0.81, 0.22153
0.95, 0.214854, 0.19, 0.81, 0.216465
0.95, 0.220003, 0.19, 0.81, 0.22074
0.95, 0.215077, 0.19, 0.81, 0.225356
0.95, 0.220358, 0.19, 0.81, 0.217322
0.95, 0.21975, 0.19, 0.81, 0.220838
0.95, 0.218186, 0.19, 0.81, 0.224928
0.95, 0.231581, 0.19, 0.81, 0.22776
0.95, 0.223846, 0.19, 0.81, 0.227517
0.95, 0.225158, 0.19, 0.81, 0.222476
0.95, 0.225867, 0.19, 0.81, 0.226307
0.95, 0.223448, 0.19, 0.81, 0.223501
0.95, 0.227436, 0.19, 0.81, 0.225377
0.95, 0.217899, 0.19, 0.81, 0.223948
0.95, 0.222028, 0.19, 0.81, 0.226778
0.95, 0.220123, 0.19, 0.81, 0.224022
0.95, 0.236677, 0.2, 0.8, 0.238224
0.95, 0.238728, 0.2, 0.8, 0.237949
0.95, 0.232109, 0.2, 0.8, 0.233762
0.95, 0.231102, 0.2, 0.8, 0.233674
0.95, 0.237756, 0.2, 0.8, 0.236349
0.95, 0.239424, 0.2, 0.8, 0.238665
0.95, 0.232656, 0.2, 0.8, 0.238836
0.95, 0.236046, 0.2, 0.8, 0.236707
0.95, 0.23244, 0.2, 0.8, 0.238592
0.95, 0.235888, 0.2, 0.8, 0.23879
0.95, 0.241312, 0.2, 0.8, 0.238924
0.95, 0.23327, 0.2, 0.8, 0.235712
0.95, 0.232627, 0.2, 0.8, 0.23827
0.95, 0.239493, 0.2, 0.8, 0.237002
0.95, 0.238104, 0.2, 0.8, 0.241283
0.95, 0.236809, 0.2, 0.8, 0.238875
0.95, 0.243047, 0.2, 0.8, 0.240201
0.95, 0.240773, 0.2, 0.8, 0.238473
0.95, 0.246142, 0.2, 0.8, 0.244439
0.95, 0.24197, 0.2, 0.8, 0.241722
0.95, 0.238444, 0.2, 0.8, 0.23832
0.95, 0.236431, 0.2, 0.8, 0.2369
0.95, 0.236459, 0.2, 0.8, 0.238465
0.95, 0.238481, 0.2, 0.8, 0.243841
0.95, 0.24499, 0.2, 0.8, 0.244112
0.95, 0.242223, 0.21, 0.79, 0.247993
0.95, 0.252289, 0.21, 0.79, 0.254907
0.95, 0.255285, 0.21, 0.79, 0.255984
0.95, 0.258455, 0.21, 0.79, 0.254553
0.95, 0.247768, 0.21, 0.79, 0.249784
0.95, 0.248356, 0.21, 0.79, 0.251613
0.95, 0.240992, 0.21, 0.79, 0.246212
0.95, 0.246813, 0.21, 0.79, 0.249087
0.95, 0.259521, 0.21, 0.79, 0.256978
0.95, 0.262995, 0.21, 0.79, 0.25906
0.95, 0.247938, 0.21, 0.79, 0.253028
0.95, 0.251232, 0.21, 0.79, 0.25345
0.95, 0.252624, 0.21, 0.79, 0.252819
0.95, 0.253706, 0.21, 0.79, 0.252821
0.95, 0.254752, 0.21, 0.79, 0.256332
0.95, 0.26053, 0.21, 0.79, 0.258842
0.95, 0.252332, 0.21, 0.79, 0.253715
0.95, 0.254148, 0.21, 0.79, 0.254095
0.95, 0.253512, 0.21, 0.79, 0.258951
0.95, 0.255641, 0.21, 0.79, 0.252327
0.95, 0.241212, 0.21, 0.79, 0.25069
0.95, 0.252597, 0.21, 0.79, 0.254124
0.95, 0.252081, 0.21, 0.79, 0.26109
0.95, 0.259243, 0.21, 0.79, 0.25623
0.95, 0.257227, 0.21, 0.79, 0.259139
0.95, 0.270421, 0.22, 0.78, 0.265385
0.95, 0.253363, 0.22, 0.78, 0.263446
0.95, 0.272768, 0.22, 0.78, 0.272478
0.95, 0.280669, 0.22, 0.78, 0.276804
0.95, 0.264146, 0.22, 0.78, 0.265592
0.95, 0.263249, 0.22, 0.78, 0.264743
0.95, 0.269674, 0.22, 0.78, 0.26799
0.95, 0.269897, 0.22, 0.78, 0.270958
0.95, 0.269666, 0.22, 0.78, 0.272756
0.95, 0.258724, 0.22, 0.78, 0.256936
0.95, 0.271221, 0.22, 0.78, 0.275288
0.95, 0.260916, 0.22, 0.78, 0.266988
0.95, 0.264985, 0.22, 0.78, 0.271498
0.95, 0.271296, 0.22, 0.78, 0.270106
0.95, 0.261102, 0.22, 0.78, 0.269423
0.95, 0.269833, 0.22, 0.78, 0.268795
0.95, 0.269217, 0.22, 0.78, 0.269853
0.95, 0.267849, 0.22, 0.78, 0.267721
0.95, 0.269142, 0.22, 0.78, 0.27157
0.95, 0.271441, 0.22, 0.78, 0.270231
0.95, 0.263062, 0.22, 0.78, 0.267613
0.95, 0.263973, 0.22, 0.78, 0.275939
0.95, 0.271431, 0.22, 0.78, 0.272499
0.95, 0.272651, 0.22, 0.78, 0.272475
0.95, 0.270837, 0.22, 0.78, 0.27402
0.95, 0.274877, 0.23, 0.77, 0.282358
0.95, 0.291534, 0.23, 0.77, 0.289034
0.95, 0.280825, 0.23, 0.77, 0.280213
0.95, 0.283533, 0.23, 0.77, 0.28499
0.95, 0.280945, 0.23, 0.77, 0.280543
0.95, 0.288848, 0.23, 0.77, 0.287963
0.95, 0.287517, 0.23, 0.77, 0.290491
0.95, 0.286408, 0.23, 0.77, 0.286846
0.95, 0.28865, 0.23, 0.77, 0.283818
0.95, 0.281508, 0.23, 0.77, 0.285284
0.95, 0.285688, 0.23, 0.77, 0.287415
0.95, 0.286394, 0.23, 0.77, 0.285487
0.95, 0.283359, 0.23, 0.77, 0.286864
0.95, 0.285663, 0.23, 0.77, 0.287156
0.95, 0.28129, 0.23, 0.77, 0.285933
0.95, 0.284671, 0.23, 0.77, 0.28324
0.95, 0.288873, 0.23, 0.77, 0.286875
0.95, 0.277882, 0.23, 0.77, 0.283369
0.95, 0.283725, 0.23, 0.77, 0.284431
0.95, 0.279545, 0.23, 0.77, 0.287908
0.95, 0.294885, 0.23, 0.77, 0.291142
0.95, 0.28455, 0.23, 0.77, 0.282969
0.95, 0.280164, 0.23, 0.77, 0.29001
0.95, 0.281112, 0.23, 0.77, 0.284226
0.95, 0.280306, 0.23, 0.77, 0.282346
0.95, 0.310102, 0.24, 0.76, 0.304185
0.95, 0.294191, 0.24, 0.76, 0.30153
0.95, 0.306263, 0.24, 0.76, 0.30595
0.95, 0.299568, 0.24, 0.76, 0.304486
0.95, 0.296297, 0.24, 0.76, 0.300333
0.95, 0.294413, 0.24, 0.76, 0.297661
0.95, 0.303803, 0.24, 0.76, 0.310343
0.95, 0.316905, 0.24, 0.76, 0.308932
0.95, 0.299456, 0.24, 0.76, 0.304223
0.95, 0.295484, 0.24, 0.76, 0.30181
0.95, 0.300151, 0.24, 0.76, 0.300013
0.95, 0.300873, 0.24, 0.76, 0.305327
0.95, 0.302289, 0.24, 0.76, 0.306766
0.95, 0.299207, 0.24, 0.76, 0.305087
0.95, 0.303916, 0.24, 0.76, 0.30311
0.95, 0.295159, 0.24, 0.76, 0.302272
0.95, 0.299557, 0.24, 0.76, 0.304222
0.95, 0.292326, 0.24, 0.76, 0.292207
0.95, 0.293595, 0.24, 0.76, 0.29867
0.95, 0.28887, 0.24, 0.76, 0.294909
0.95, 0.292773, 0.24, 0.76, 0.301334
0.95, 0.309358, 0.24, 0.76, 0.307662
0.95, 0.29676, 0.24, 0.76, 0.303289
0.95, 0.305996, 0.24, 0.76, 0.303131
0.95, 0.304024, 0.24, 0.76, 0.305446
0.95, 0.323424, 0.25, 0.75, 0.317269
0.95, 0.319399, 0.25, 0.75, 0.320291
0.95, 0.308892, 0.25, 0.75, 0.312181
0.95, 0.312635, 0.25, 0.75, 0.317586
0.95, 0.314487, 0.25, 0.75, 0.319675
0.95, 0.318074, 0.25, 0.75, 0.316601
0.95, 0.309314, 0.25, 0.75, 0.312753
0.95, 0.317438, 0.25, 0.75, 0.317447
0.95, 0.318643, 0.25, 0.75, 0.316986
0.95, 0.322935, 0.25, 0.75, 0.323748
0.95, 0.317431, 0.25, 0.75, 0.318239
0.95, 0.322333, 0.25, 0.75, 0.327869
0.95, 0.313365, 0.25, 0.75, 0.307647
0.95, 0.322127, 0.25, 0.75, 0.324775
0.95, 0.313662, 0.25, 0.75, 0.319971
0.95, 0.323542, 0.25, 0.75, 0.316754
0.95, 0.317892, 0.25, 0.75, 0.318709
0.95, 0.327888, 0.25, 0.75, 0.323086
0.95, 0.319394, 0.25, 0.75, 0.320481
0.95, 0.314513, 0.25, 0.75, 0.322324
0.95, 0.304259, 0.25, 0.75, 0.307996
0.95, 0.310304, 0.25, 0.75, 0.315632
0.95, 0.318696, 0.25, 0.75, 0.316145
0.95, 0.319759, 0.25, 0.75, 0.318033
0.95, 0.310185, 0.25, 0.75, 0.314501
0.95, 0.336599, 0.26, 0.74, 0.334428
0.95, 0.338139, 0.26, 0.74, 0.33891
0.95, 0.339469, 0.26, 0.74, 0.337414
0.95, 0.335935, 0.26, 0.74, 0.338594
0.95, 0.337019, 0.26, 0.74, 0.337583
0.95, 0.329714, 0.26, 0.74, 0.33426
0.95, 0.331244, 0.26, 0.74, 0.334685
0.95, 0.332674, 0.26, 0.74, 0.335524
0.95, 0.33491, 0.26, 0.74, 0.336069
0.95, 0.335402, 0.26, 0.74, 0.340905
0.95, 0.332, 0.26, 0.74, 0.332522
0.95, 0.332435, 0.26, 0.74, 0.337635
0.95, 0.349245, 0.26, 0.74, 0.34424
0.95, 0.340641, 0.26, 0.74, 0.337286
0.95, 0.339104, 0.26, 0.74, 0.340423
0.95, 0.330277, 0.26, 0.74, 0.336197
0.95, 0.333054, 0.26, 0.74, 0.335744
0.95, 0.332102, 0.26, 0.74, 0.333862
0.95, 0.337537, 0.26, 0.74, 0.337187
0.95, 0.330667, 0.26, 0.74, 0.338492
0.95, 0.325596, 0.26, 0.74, 0.329555
0.95, 0.334535, 0.26, 0.74, 0.328434
0.95, 0.337875, 0.26, 0.74, 0.334389
0.95, 0.330407, 0.26, 0.74, 0.326665
0.95, 0.335635, 0.26, 0.74, 0.337177
0.95, 0.364055, 0.27, 0.73, 0.364711
0.95, 0.35552, 0.27, 0.73, 0.358281
0.95, 0.355931, 0.27, 0.73, 0.359735
0.95, 0.35694, 0.27, 0.73, 0.358006
0.95, 0.348508, 0.27, 0.73, 0.351606
0.95, 0.358496, 0.27, 0.73, 0.363135
0.95, 0.35923, 0.27, 0.73, 0.366953
0.95, 0.351505, 0.27, 0.73, 0.353914
0.95, 0.357218, 0.27, 0.73, 0.358453
0.95, 0.350905, 0.27, 0.73, 0.350565
0.95, 0.345114, 0.27, 0.73, 0.348012
0.95, 0.363064, 0.27, 0.73, 0.359989
0.95, 0.356954, 0.27, 0.73, 0.355553
0.95, 0.357106, 0.27, 0.73, 0.356874
0.95, 0.355854, 0.27, 0.73, 0.352985
0.95, 0.353911, 0.27, 0.73, 0.352684
0.95, 0.356098, 0.27, 0.73, 0.359185
0.95, 0.349132, 0.27, 0.73, 0.357696
0.95, 0.35143, 0.27, 0.73, 0.346337
0.95, 0.352483, 0.27, 0.73, 0.347332
0.95, 0.345155, 0.27, 0.73, 0.345573
0.95, 0.349869, 0.27, 0.73, 0.358838
0.95, 0.362949, 0.27, 0.73, 0.359685
0.95, 0.338092, 0.27, 0.73, 0.343646
0.95, 0.35215, 0.27, 0.73, 0.349906
0.95, 0.353618, 0.28, 0.72, 0.358749
0.95, 0.362896, 0.28, 0.72, 0.371257
0.95, 0.374206, 0.28, 0.72, 0.376425
0.95, 0.3761, 0.28, 0.72, 0.377719
0.95, 0.363056, 0.28, 0.72, 0.372031
0.95, 0.366982, 0.28, 0.72, 0.368089
0.95, 0.368907, 0.28, 0.72, 0.375169
0.95, 0.365264, 0.28, 0.72, 0.364154
0.95, 0.361752, 0.28, 0.72, 0.374091
0.95, 0.377036, 0.28, 0.72, 0.382122
0.95, 0.363482, 0.28, 0.72, 0.36888
0.95, 0.36253, 0.28, 0.72, 0.358778
0.95, 0.374302, 0.28, 0.72, 0.380064
0.95, 0.365368, 0.28, 0.72, 0.372984
0.95, 0.366618, 0.28, 0.72, 0.373588
0.95, 0.378283, 0.28, 0.72, 0.381677
0.95, 0.374673, 0.28, 0.72, 0.377476
0.95, 0.372728, 0.28, 0.72, 0.370776
0.95, 0.366885, 0.28, 0.72, 0.366337
0.95, 0.365189, 0.28, 0.72, 0.367545
0.95, 0.361077, 0.28, 0.72, 0.368846
0.95, 0.38059, 0.28, 0.72, 0.37589
0.95, 0.355255, 0.28, 0.72, 0.357812
0.95, 0.384571, 0.28, 0.72, 0.380553
0.95, 0.364768, 0.28, 0.72, 0.364275
0.95, 0.385082, 0.29, 0.71, 0.385833
0.95, 0.39384, 0.29, 0.71, 0.395565
0.95, 0.390166, 0.29, 0.71, 0.394252
0.95, 0.396527, 0.29, 0.71, 0.396556
0.95, 0.393978, 0.29, 0.71, 0.395243
0.95, 0.377782, 0.29, 0.71, 0.387285
0.95, 0.384776, 0.29, 0.71, 0.387667
0.95, 0.380587, 0.29, 0.71, 0.391703
0.95, 0.401775, 0.29, 0.71, 0.395701
0.95, 0.392952, 0.29, 0.71, 0.392205
0.95, 0.392229, 0.29, 0.71, 0.390596
0.95, 0.387357, 0.29, 0.71, 0.386261
0.95, 0.396644, 0.29, 0.71, 0.391886
0.95, 0.392158, 0.29, 0.71, 0.394285
0.95, 0.370847, 0.29, 0.71, 0.380988
0.95, 0.377283, 0.29, 0.71, 0.385967
0.95, 0.391401, 0.29, 0.71, 0.388138
0.95, 0.374243, 0.29, 0.71, 0.378788
0.95, 0.386915, 0.29, 0.71, 0.394127
0.95, 0.389964, 0.29, 0.71, 0.390058
0.95, 0.379947, 0.29, 0.71, 0.385154
0.95, 0.394237, 0.29, 0.71, 0.396337
0.95, 0.392131, 0.29, 0.71, 0.393906
0.95, 0.378599, 0.29, 0.71, 0.37831
0.95, 0.379572, 0.29, 0.71, 0.383386
0.95, 0.397902, 0.3, 0.7, 0.396064
0.95, 0.405133, 0.3, 0.7, 0.409576
0.95, 0.406779, 0.3, 0.7, 0.410969
0.95, 0.400979, 0.3, 0.7, 0.404948
0.95, 0.413923, 0.3, 0.7, 0.413731
0.95, 0.398843, 0.3, 0.7, 0.403876
0.95, 0.413567, 0.3, 0.7, 0.417843
0.95, 0.405543, 0.3, 0.7, 0.414563
0.95, 0.408189, 0.3, 0.7, 0.410467
0.95, 0.408061, 0.3, 0.7, 0.41038
0.95, 0.411876, 0.3, 0.7, 0.407547
0.95, 0.404356, 0.3, 0.7, 0.409141
0.95, 0.411178, 0.3, 0.7, 0.414426
0.95, 0.409796, 0.3, 0.7, 0.410301
0.95, 0.414269, 0.3, 0.7, 0.419344
0.95, 0.406449, 0.3, 0.7, 0.414946
0.95, 0.409227, 0.3, 0.7, 0.412244
0.95, 0.407983, 0.3, 0.7, 0.408132
0.95, 0.396804, 0.3, 0.7, 0.403129
0.95, 0.406279, 0.3, 0.7, 0.407586
0.95, 0.411715, 0.3, 0.7, 0.420253
0.95, 0.394205, 0.3, 0.7, 0.401502
0.95, 0.414094, 0.3, 0.7, 0.412782
0.95, 0.405133, 0.3, 0.7, 0.409667
0.95, 0.408622, 0.3, 0.7, 0.413952
1, 0.175208, 0.15, 0.85, 0.17149
1, 0.175288, 0.15, 0.85, 0.172859
1, 0.172558, 0.15, 0.85, 0.173722
1, 0.18052, 0.15, 0.85, 0.178701
1, 0.178409, 0.15, 0.85, 0.181201
1, 0.171516, 0.15, 0.85, 0.171039
1, 0.176579, 0.15, 0.85, 0.177878
1, 0.177572, 0.15, 0.85, 0.176639
1, 0.178767, 0.15, 0.85, 0.179888
1, 0.171068, 0.15, 0.85, 0.174317
1, 0.169451, 0.15, 0.85, 0.170001
1, 0.176515, 0.15, 0.85, 0.176839
1, 0.169805, 0.15, 0.85, 0.172693
1, 0.169222, 0.15, 0.85, 0.173326
1, 0.175818, 0.15, 0.85, 0.176711
1, 0.16986, 0.15, 0.85, 0.170037
1, 0.17446, 0.15, 0.85, 0.175299
1, 0.167627, 0.15, 0.85, 0.170322
1, 0.172703, 0.15, 0.85, 0.173651
1, 0.175156, 0.15, 0.85, 0.176697
1, 0.175365, 0.15, 0.85, 0.175858
1, 0.169843, 0.15, 0.85, 0.174085
1, 0.17604, 0.15, 0.85, 0.175205
1, 0.173901, 0.15, 0.85, 0.178561
1, 0.173512, 0.15, 0.85, 0.174856
1, 0.187456, 0.16, 0.84, 0.189194
1, 0.189554, 0.16, 0.84, 0.191572
1, 0.189743, 0.16, 0.84, 0.192002
1, 0.191974, 0.16, 0.84, 0.193384
1, 0.188463, 0.16, 0.84, 0.188785
1, 0.185999, 0.16, 0.84, 0.18399
1, 0.185799, 0.16, 0.84, 0.189341
1, 0.189402, 0.16, 0.84, 0.187725
1, 0.189443, 0.16, 0.84, 0.187133
1, 0.196059, 0.16, 0.84, 0.19323
1, 0.182679, 0.16, 0.84, 0.184316
1, 0.181702, 0.16, 0.84, 0.187515
1, 0.18985, 0.16, 0.84, 0.184297
1, 0.186889, 0.16, 0.84, 0.190292
1, 0.182812, 0.16, 0.84, 0.187973
1, 0.188346, 0.16, 0.84, 0.185492
1, 0.18456, 0.16, 0.84, 0.188233
1, 0.184133, 0.16, 0.84, 0.186359
1, 0.185439, 0.16, 0.84, 0.186633
1, 0.197382, 0.16, 0.84, 0.192278
1, 0.186296, 0.16, 0.84, 0.190577
1, 0.18579, 0.16, 0.84, 0.184232
1, 0.187872, 0.16, 0.84, 0.188985
1, 0.186068, 0.16, 0.84, 0.187456
1, 0.18895, 0.16, 0.84, 0.19113
1, 0.199614, 0.17, 0.83, 0.202253
1, 0.201646, 0.17, 0.83, 0.198789
1, 0.200402, 0.17, 0.83, 0.204691
1, 0.203157, 0.17, 0.83, 0.202266
1, 0.200895, 0.17, 0.83, 0.204488
1, 0.195546, 0.17, 0.83, 0.199871
1, 0.196913, 0.17, 0.83, 0.200141
1, 0.198924, 0.17, 0.83, 0.200252
1, 0.202731, 0.17, 0.83, 0.204387
1, 0.200321, 0.17, 0.83, 0.202954
1, 0.200497, 0.17, 0.83, 0.198466
1, 0.203768, 0.17, 0.83, 0.204236
1, 0.202994, 0.17, 0.83, 0.20171
1, 0.202494, 0.17, 0.83, 0.204556
1, 0.19724, 0.17, 0.83, 0.199544
1, 0.20093, 0.17, 0.83, 0.202634
1, 0.200998, 0.17, 0.83, 0.204906
1, 0.198347, 0.17, 0.83, 0.199075
1, 0.203278, 0.17, 0.83, 0.200921
1, 0.204329, 0.17, 0.83, 0.204537
1, 0.207328, 0.17, 0.83, 0.208262
1, 0.197758, 0.17, 0.83, 0.198904
1, 0.207174, 0.17, 0.83, 0.20335
1, 0.198225, 0.17, 0.83, 0.200514
1, 0.19903, 0.17, 0.83, 0.20452
1, 0.210662, 0.18, 0.82, 0.219697
1, 0.207172, 0.18, 0.82, 0.210567
1, 0.224288, 0.18, 0.82, 0.226182
1, 0.204028, 0.18, 0.82, 0.211131
1, 0.217106, 0.18, 0.82, 0.218619
1, 0.210253, 0.18, 0.82, 0.211521
1, 0.216055, 0.18, 0.82, 0.216415
1, 0.219024, 0.18, 0.82, 0.219821
1, 0.215037, 0.18, 0.82, 0.215653
1, 0.214658, 0.18, 0.82, 0.218865
1, 0.222771, 0.18, 0.82, 0.224398
1, 0.209562, 0.18, 0.82, 0.218316
1, 0.21918, 0.18, 0.82, 0.217659
1, 0.21119, 0.18, 0.82, 0.213822
1, 0.214146, 0.18, 0.82, 0.217815
1, 0.221075, 0.18, 0.82, 0.218746
1, 0.209941, 0.18, 0.82, 0.21239
1, 0.203568, 0.18, 0.82, 0.212054
1, 0.210759, 0.18, 0.82, 0.211794
1, 0.211502, 0.18, 0.82, 0.221069
1, 0.214532, 0.18, 0.82, 0.214641
1, 0.220502, 0.18, 0.82, 0.215613
1, 0.212149, 0.18, 0.82, 0.215566
1, 0.223032, 0.18, 0.82, 0.220905
1, 0.213369, 0.18, 0.82, 0.215398
1, 0.237966, 0.19, 0.81, 0.233455
1, 0.22297, 0.19, 0.81, 0.222909
1, 0.234825, 0.19, 0.81, 0.235019
1, 0.230314, 0.19, 0.81, 0.232817
1, 0.22554, 0.19, 0.81, 0.226398
1, 0.229328, 0.19, 0.81, 0.230973
1, 0.221239, 0.19, 0.81, 0.227336
1, 0.240937, 0.19, 0.81, 0.241053
1, 0.227239, 0.19, 0.81, 0.228028
1, 0.233649, 0.19, 0.81, 0.234254
1, 0.225944, 0.19, 0.81, 0.229846
1, 0.228917, 0.19, 0.81, 0.227727
1, 0.227, 0.19, 0.81, 0.228639
1, 0.218483, 0.19, 0.81, 0.219251
1, 0.23175, 0.19, 0.81, 0.232838
1, 0.233145, 0.19, 0.81, 0.235222
1, 0.232488, 0.19, 0.81, 0.229778
1, 0.236483, 0.19, 0.81, 0.235827
1, 0.222194, 0.19, 0.81, 0.224455
1, 0.228148, 0.19, 0.81, 0.231315
1, 0.228023, 0.19, 0.81, 0.231611
1, 0.222587, 0.19, 0.81, 0.226927
1, 0.232946, 0.19, 0.81, 0.230906
1, 0.235078, 0.19, 0.81, 0.234201
1, 0.226499, 0.19, 0.81, 0.222378
1, 0.243495, 0.2, 0.8, 0.242044
1, 0.241985, 0.2, 0.8, 0.242504
1, 0.242352, 0.2, 0.8, 0.244117
1, 0.237347, 0.2, 0.8, 0.235291
1, 0.240788, 0.2, 0.8, 0.246425
1, 0.247015, 0.2, 0.8, 0.248539
1, 0.250164, 0.2, 0.8, 0.248665
1, 0.235714, 0.2, 0.8, 0.24423
1, 0.245651, 0.2, 0.8, 0.24685
1, 0.24577, 0.2, 0.8, 0.247298
1, 0.254198, 0.2, 0.8, 0.252705
1, 0.240462, 0.2, 0.8, 0.243007
1, 0.247539, 0.2, 0.8, 0.245075
1, 0.240583, 0.2, 0.8, 0.239779
1, 0.243712, 0.2, 0.8, 0.242106
1, 0.242683, 0.2, 0.8, 0.245378
1, 0.249446, 0.2, 0.8, 0.252698
1, 0.252939, 0.2, 0.8, 0.247987
1, 0.245154, 0.2, 0.8, 0.244787
1, 0.238545, 0.2, 0.8, 0.238826
1, 0.241134, 0.2, 0.8, 0.247841
1, 0.239628, 0.2, 0.8, 0.24052
1, 0.244311, 0.2, 0.8, 0.245882
1, 0.24067, 0.2, 0.8, 0.246184
1, 0.243185, 0.2, 0.8, 0.240108
1, 0.261878, 0.21, 0.79, 0.264939
1, 0.254674, 0.21, 0.79, 0.260011
1, 0.255833, 0.21, 0.79, 0.258658
1, 0.244664, 0.21, 0.79, 0.258598
1, 0.267123, 0.21, 0.79, 0.266658
1, 0.261127, 0.21, 0.79, 0.2593
1, 0.257671, 0.21, 0.79, 0.258483
1, 0.257235, 0.21, 0.79, 0.262479
1, 0.260583, 0.21, 0.79, 0.258183
1, 0.257788, 0.21, 0.79, 0.261807
1, 0.262248, 0.21, 0.79, 0.262732
1, 0.250969, 0.21, 0.79, 0.259413
1, 0.262725, 0.21, 0.79, 0.258835
1, 0.250602, 0.21, 0.79, 0.253412
1, 0.258704, 0.21, 0.79, 0.258667
1, 0.255964, 0.21, 0.79, 0.262254
1, 0.259145, 0.21, 0.79, 0.26088
1, 0.260683, 0.21, 0.79, 0.261416
1, 0.259383, 0.21, 0.79, 0.257288
1, 0.2706, 0.21, 0.79, 0.265404
1, 0.256503, 0.21, 0.79, 0.257712
1, 0.252409, 0.21, 0.79, 0.260391
1, 0.256849, 0.21, 0.79, 0.26176
1, 0.255589, 0.21, 0.79, 0.260853
1, 0.265524, 0.21, 0.79, 0.263477
1, 0.261928, 0.22, 0.78, 0.269207
1, 0.271651, 0.22, 0.78, 0.272165
1, 0.282442, 0.22, 0.78, 0.28221
1, 0.265137, 0.22, 0.78, 0.267969
1, 0.284681, 0.22, 0.78, 0.282637
1, 0.280704, 0.22, 0.78, 0.27966
1, 0.278362, 0.22, 0.78, 0.281503
1, 0.276616, 0.22, 0.78, 0.275919
1, 0.278117, 0.22, 0.78, 0.278643
1, 0.275457, 0.22, 0.78, 0.277529
1, 0.272579, 0.22, 0.78, 0.27122
1, 0.273879, 0.22, 0.78, 0.275321
1, 0.274445, 0.22, 0.78, 0.27415
1, 0.278075, 0.22, 0.78, 0.281204
1, 0.282633, 0.22, 0.78, 0.282347
1, 0.285556, 0.22, 0.78, 0.283615
1, 0.282468, 0.22, 0.78, 0.281603
1, 0.277778, 0.22, 0.78, 0.279523
1, 0.270412, 0.22, 0.78, 0.274796
1, 0.277415, 0.22, 0.78, 0.277597
1, 0.285665, 0.22, 0.78, 0.283681
1, 0.283975, 0.22, 0.78, 0.28363
1, 0.274754, 0.22, 0.78, 0.273754
1, 0.28463, 0.22, 0.78, 0.282718
1, 0.275818, 0.22, 0.78, 0.277569
1, 0.286744, 0.23, 0.77, 0.290963
1, 0.291465, 0.23, 0.77, 0.293796
1, 0.296301, 0.23, 0.77, 0.297394
1, 0.285608, 0.23, 0.77, 0.293358
1, 0.301794, 0.23, 0.77, 0.299645
1, 0.294249, 0.23, 0.77, 0.292855
1, 0.294594, 0.23, 0.77, 0.296816
1, 0.286788, 0.23, 0.77, 0.289524
1, 0.291628, 0.23, 0.77, 0.290603
1, 0.293085, 0.23, 0.77, 0.29419
1, 0.287463, 0.23, 0.77, 0.291381
1, 0.288403, 0.23, 0.77, 0.298216
1, 0.283388, 0.23, 0.77, 0.29288
1, 0.298582, 0.23, 0.77, 0.298021
1, 0.297939, 0.23, 0.77, 0.298135
1, 0.289852, 0.23, 0.77, 0.287926
1, 0.300124, 0.23, 0.77, 0.296562
1, 0.292095, 0.23, 0.77, 0.297232
1, 0.292402, 0.23, 0.77, 0.293459
1, 0.288967, 0.23, 0.77, 0.286068
1, 0.300644, 0.23, 0.77, 0.299847
1, 0.293975, 0.23, 0.77, 0.29357
1, 0.285518, 0.23, 0.77, 0.28636
1, 0.289489, 0.23, 0.77, 0.293258
1, 0.283445, 0.23, 0.77, 0.287294
1, 0.292888, 0.24, 0.76, 0.291645
1, 0.297393, 0.24, 0.76, 0.302732
1, 0.298393, 0.24, 0.76, 0.304182
1, 0.30883, 0.24, 0.76, 0.310908
1, 0.305139, 0.24, 0.76, 0.302882
1, 0.309797, 0.24, 0.76, 0.311812
1, 0.305975, 0.24, 0.76, 0.312364
1, 0.311935, 0.24, 0.76, 0.31102
1, 0.310476, 0.24, 0.76, 0.309786
1, 0.299692, 0.24, 0.76, 0.30521
1, 0.30804, 0.24, 0.76, 0.309885
1, 0.315117, 0.24, 0.76, 0.313744
1, 0.308032, 0.24, 0.76, 0.31328
1, 0.297793, 0.24, 0.76, 0.303592
1, 0.314306, 0.24, 0.76, 0.312944
1, 0.311045, 0.24, 0.76, 0.311845
1, 0.308308, 0.24, 0.76, 0.308983
1, 0.302948, 0.24, 0.76, 0.304429
1, 0.307392, 0.24, 0.76, 0.309159
1, 0.316956, 0.24, 0.76, 0.319195
1, 0.303519, 0.24, 0.76, 0.313296
1, 0.31353, 0.24, 0.76, 0.313063
1, 0.302618, 0.24, 0.76, 0.306014
1, 0.308017, 0.24, 0.76, 0.305231
1, 0.309816, 0.24, 0.76, 0.30529
1, 0.315871, 0.25, 0.75, 0.32111
1, 0.327066, 0.25, 0.75, 0.328282
1, 0.3279, 0.25, 0.75, 0.324164
1, 0.323556, 0.25, 0.75, 0.325192
1, 0.327921, 0.25, 0.75, 0.327838
1, 0.330871, 0.25, 0.75, 0.336027
1, 0.332047, 0.25, 0.75, 0.334226
1, 0.330706, 0.25, 0.75, 0.331256
1, 0.334982, 0.25, 0.75, 0.333201
1, 0.328721, 0.25, 0.75, 0.329783
1, 0.322535, 0.25, 0.75, 0.322142
1, 0.311529, 0.25, 0.75, 0.315807
1, 0.330182, 0.25, 0.75, 0.329684
1, 0.309566, 0.25, 0.75, 0.314003
1, 0.321984, 0.25, 0.75, 0.329217
1, 0.334598, 0.25, 0.75, 0.333574
1, 0.337062, 0.25, 0.75, 0.335837
1, 0.333172, 0.25, 0.75, 0.33157
1, 0.334139, 0.25, 0.75, 0.329711
1, 0.331419, 0.25, 0.75, 0.337614
1, 0.320892, 0.25, 0.75, 0.326126
1, 0.329261, 0.25, 0.75, 0.329931
1, 0.318159, 0.25, 0.75, 0.31764
1, 0.317968, 0.25, 0.75, 0.324992
1, 0.3338, 0.25, 0.75, 0.333529
1, 0.343462, 0.26, 0.74, 0.34847
1, 0.333072, 0.26, 0.74, 0.333444
1, 0.339212, 0.26, 0.74, 0.338972
1, 0.334019, 0.26, 0.74, 0.335744
1, 0.339722, 0.26, 0.74, 0.340628
1, 0.344407, 0.26, 0.74, 0.342964
1, 0.338152, 0.26, 0.74, 0.34338
1, 0.342131, 0.26, 0.74, 0.342874
1, 0.345588, 0.26, 0.74, 0.344433
1, 0.336815, 0.26, 0.74, 0.342423
1, 0.330773, 0.26, 0.74, 0.334057
1, 0.338615, 0.26, 0.74, 0.343226
1, 0.336319, 0.26, 0.74, 0.338519
1, 0.344848, 0.26, 0.74, 0.342238
1, 0.337315, 0.26, 0.74, 0.341282
1, 0.34205, 0.26, 0.74, 0.344244
1, 0.336405, 0.26, 0.74, 0.341299
1, 0.328382, 0.26, 0.74, 0.334137
1, 0.343563, 0.26, 0.74, 0.339436
1, 0.345427, 0.26, 0.74, 0.345741
1, 0.340333, 0.26, 0.74, 0.345405
1, 0.329423, 0.26, 0.74, 0.339643
1, 0.340085, 0.26, 0.74, 0.344566
1, 0.344793, 0.26, 0.74, 0.347262
1, 0.338516, 0.26, 0.74, 0.346045
1, 0.361957, 0.27, 0.73, 0.364555
1, 0.363987, 0.27, 0.73, 0.363301
1, 0.349264, 0.27, 0.73, 0.349371
1, 0.35767, 0.27, 0.73, 0.363105
1, 0.360364, 0.27, 0.73, 0.360292
1, 0.36401, 0.27, 0.73, 0.360996
1, 0.352885, 0.27, 0.73, 0.352661
1, 0.364988, 0.27, 0.73, 0.36313
1, 0.366607, 0.27, 0.73, 0.371413
1, 0.359943, 0.27, 0.73, 0.359801
1, 0.366043, 0.27, 0.73, 0.362879
1, 0.345926, 0.27, 0.73, 0.344125
1, 0.347967, 0.27, 0.73, 0.359541
1, 0.36619, 0.27, 0.73, 0.363294
1, 0.360874, 0.27, 0.73, 0.361576
1, 0.352128, 0.27, 0.73, 0.354894
1, 0.361832, 0.27, 0.73, 0.365238
1, 0.355704, 0.27, 0.73, 0.357352
1, 0.35668, 0.27, 0.73, 0.360535
1, 0.358948, 0.27, 0.73, 0.363795
1, 0.349984, 0.27, 0.73, 0.358491
1, 0.352717, 0.27, 0.73, 0.359071
1, 0.361057, 0.27, 0.73, 0.359726
1, 0.3586, 0.27, 0.73, 0.3574
1, 0.360703, 0.27, 0.73, 0.360176
1, 0.378887, 0.28, 0.72, 0.377669
1, 0.36505, 0.28, 0.72, 0.370133
1, 0.375704, 0.28, 0.72, 0.380419
1, 0.380418, 0.28, 0.72, 0.381944
1, 0.385088, 0.28, 0.72, 0.384288
1, 0.372748, 0.28, 0.72, 0.376782
1, 0.374469, 0.28, 0.72, 0.378945
1, 0.371813, 0.28, 0.72, 0.375713
1, 0.372291, 0.28, 0.72, 0.377461
1, 0.377285, 0.28, 0.72, 0.376348
1, 0.376483, 0.28, 0.72, 0.377718
1, 0.377028, 0.28, 0.72, 0.381432
1, 0.365085, 0.28, 0.72, 0.372812
1, 0.37917, 0.28, 0.72, 0.374855
1, 0.374785, 0.28, 0.72, 0.38245
1, 0.368759, 0.28, 0.72, 0.379369
1, 0.373401, 0.28, 0.72, 0.375897
1, 0.384222, 0.28, 0.72, 0.381334
1, 0.390229, 0.28, 0.72, 0.387844
1, 0.383281, 0.28, 0.72, 0.386655
1, 0.387402, 0.28, 0.72, 0.383046
1, 0.371092, 0.28, 0.72, 0.375949
1, 0.357188, 0.28, 0.72, 0.369458
1, 0.375073, 0.28, 0.72, 0.379974
1, 0.375573, 0.28, 0.72, 0.379179
1, 0.390663, 0.29, 0.71, 0.400476
1, 0.399526, 0.29, 0.71, 0.405975
1, 0.38814, 0.29, 0.71, 0.395513
1, 0.391409, 0.29, 0.71, 0.394526
1, 0.402934, 0.29, 0.71, 0.400357
1, 0.392237, 0.29, 0.71, 0.400977
1, 0.402623, 0.29, 0.71, 0.403792
1, 0.400931, 0.29, 0.71, 0.402942
1, 0.411935, 0.29, 0.71, 0.412695
1, 0.386659, 0.29, 0.71, 0.394258
1, 0.399975, 0.29, 0.71, 0.401885
1, 0.394438, 0.29, 0.71, 0.39572
1, 0.391978, 0.29, 0.71, 0.388721
1, 0.392083, 0.29, 0.71, 0.394206
1, 0.392387, 0.29, 0.71, 0.399392
1, 0.383128, 0.29, 0.71, 0.384803
1, 0.404498, 0.29, 0.71, 0.41021
1, 0.392727, 0.29, 0.71, 0.396616
1, 0.392962, 0.29, 0.71, 0.392845
1, 0.396357, 0.29, 0.71, 0.39944
1, 0.400045, 0.29, 0.71, 0.401536
1, 0.383859, 0.29, 0.71, 0.389236
1, 0.402101, 0.29, 0.71, 0.402272
1, 0.390966, 0.29, 0.71, 0.388164
1, 0.400251, 0.29, 0.71, 0.399806
1, 0.407295, 0.3, 0.7, 0.407581
1, 0.408074, 0.3, 0.7, 0.415796
1, 0.416194, 0.3, 0.7, 0.419195
1, 0.408833, 0.3, 0.7, 0.407953
1, 0.420594, 0.3, 0.7, 0.416112
1, 0.416921, 0.3, 0.7, 0.422315
1, 0.415441, 0.3, 0.7, 0.415088
1, 0.405432, 0.3, 0.7, 0.412591
1, 0.420622, 0.3, 0.7, 0.420223
1, 0.41406, 0.3, 0.7, 0.416375
1, 0.409264, 0.3, 0.7, 0.416382
1, 0.418749, 0.3, 0.7, 0.426911
1, 0.407544, 0.3, 0.7, 0.411522
1, 0.39669, 0.3, 0.7, 0.412599
1, 0.415643, 0.3, 0.7, 0.41991
1, 0.405501, 0.3, 0.7, 0.410237
1, 0.413503, 0.3, 0.7, 0.416551
1, 0.415878, 0.3, 0.7, 0.416563
1, 0.41488, 0.3, 0.7, 0.416961
1, 0.40677, 0.3, 0.7, 0.413648
1, 0.416428, 0.3, 0.7, 0.423562
1, 0.408549, 0.3, 0.7, 0.40924
1, 0.405622, 0.3, 0.7, 0.407511
1, 0.397606, 0.3, 0.7, 0.408281
1, 0.407547, 0.3, 0.7, 0.413417
