# B5 Focused Dynamic Strategy Switching Simulation Results
# Schedule file: schedule_b5_selfish_petty_1000.txt
# Gamma (connectivity) range: 0.8 - 1.0 in 0.05 increments
# Hash rate range: 0.15 - 0.3 (15% - 30%) in 0.01 increments
Gamma, Miner0_ProfitFraction, Miner0_HashRate, Miner1_HashRate, Miner0_BlockFraction
0.8, 0.158993, 0.15, 0.85, 0.155749
0.8, 0.152751, 0.15, 0.85, 0.153549
0.8, 0.148851, 0.15, 0.85, 0.149101
0.8, 0.149837, 0.15, 0.85, 0.152368
0.8, 0.154641, 0.15, 0.85, 0.150861
0.8, 0.14887, 0.15, 0.85, 0.149175
0.8, 0.14808, 0.15, 0.85, 0.149251
0.8, 0.151278, 0.15, 0.85, 0.152058
0.8, 0.150406, 0.15, 0.85, 0.145356
0.8, 0.15368, 0.15, 0.85, 0.149148
0.8, 0.149406, 0.15, 0.85, 0.147948
0.8, 0.151961, 0.15, 0.85, 0.149006
0.8, 0.148319, 0.15, 0.85, 0.150538
0.8, 0.152063, 0.15, 0.85, 0.151339
0.8, 0.149794, 0.15, 0.85, 0.148802
0.8, 0.151244, 0.15, 0.85, 0.151463
0.8, 0.149106, 0.15, 0.85, 0.149163
0.8, 0.150169, 0.15, 0.85, 0.150905
0.8, 0.15102, 0.15, 0.85, 0.151702
0.8, 0.152448, 0.15, 0.85, 0.149936
0.8, 0.146487, 0.15, 0.85, 0.1463
0.8, 0.147201, 0.15, 0.85, 0.150486
0.8, 0.153873, 0.15, 0.85, 0.151428
0.8, 0.149751, 0.15, 0.85, 0.146608
0.8, 0.146901, 0.15, 0.85, 0.14546
0.8, 0.163168, 0.16, 0.84, 0.162887
0.8, 0.160566, 0.16, 0.84, 0.1615
0.8, 0.171999, 0.16, 0.84, 0.169956
0.8, 0.160392, 0.16, 0.84, 0.16175
0.8, 0.165242, 0.16, 0.84, 0.163593
0.8, 0.156673, 0.16, 0.84, 0.158724
0.8, 0.158247, 0.16, 0.84, 0.156971
0.8, 0.162215, 0.16, 0.84, 0.161851
0.8, 0.166862, 0.16, 0.84, 0.163937
0.8, 0.169745, 0.16, 0.84, 0.163224
0.8, 0.159252, 0.16, 0.84, 0.160028
0.8, 0.159414, 0.16, 0.84, 0.157375
0.8, 0.159046, 0.16, 0.84, 0.155155
0.8, 0.159862, 0.16, 0.84, 0.159521
0.8, 0.161229, 0.16, 0.84, 0.161193
0.8, 0.16603, 0.16, 0.84, 0.16423
0.8, 0.159975, 0.16, 0.84, 0.161446
0.8, 0.15595, 0.16, 0.84, 0.159199
0.8, 0.161497, 0.16, 0.84, 0.162777
0.8, 0.164246, 0.16, 0.84, 0.165323
0.8, 0.159828, 0.16, 0.84, 0.161973
0.8, 0.166147, 0.16, 0.84, 0.162655
0.8, 0.152899, 0.16, 0.84, 0.154118
0.8, 0.161445, 0.16, 0.84, 0.161926
0.8, 0.163067, 0.16, 0.84, 0.167099
0.8, 0.17722, 0.17, 0.83, 0.175235
0.8, 0.169804, 0.17, 0.83, 0.169916
0.8, 0.173701, 0.17, 0.83, 0.176957
0.8, 0.17788, 0.17, 0.83, 0.177185
0.8, 0.178442, 0.17, 0.83, 0.173605
0.8, 0.17417, 0.17, 0.83, 0.17362
0.8, 0.176005, 0.17, 0.83, 0.176461
0.8, 0.180929, 0.17, 0.83, 0.179391
0.8, 0.174148, 0.17, 0.83, 0.175195
0.8, 0.168343, 0.17, 0.83, 0.169792
0.8, 0.171462, 0.17, 0.83, 0.174889
0.8, 0.164077, 0.17, 0.83, 0.166533
0.8, 0.170521, 0.17, 0.83, 0.173333
0.8, 0.181754, 0.17, 0.83, 0.178785
0.8, 0.181116, 0.17, 0.83, 0.177365
0.8, 0.172613, 0.17, 0.83, 0.174146
0.8, 0.167481, 0.17, 0.83, 0.17156
0.8, 0.176368, 0.17, 0.83, 0.174292
0.8, 0.174225, 0.17, 0.83, 0.177871
0.8, 0.169263, 0.17, 0.83, 0.171119
0.8, 0.175729, 0.17, 0.83, 0.177558
0.8, 0.173352, 0.17, 0.83, 0.170589
0.8, 0.171429, 0.17, 0.83, 0.175197
0.8, 0.169752, 0.17, 0.83, 0.169773
0.8, 0.171694, 0.17, 0.83, 0.173384
0.8, 0.187477, 0.18, 0.82, 0.186156
0.8, 0.179695, 0.18, 0.82, 0.179034
0.8, 0.188044, 0.18, 0.82, 0.18929
0.8, 0.177902, 0.18, 0.82, 0.179024
0.8, 0.193331, 0.18, 0.82, 0.186295
0.8, 0.177204, 0.18, 0.82, 0.181838
0.8, 0.185867, 0.18, 0.82, 0.18164
0.8, 0.186194, 0.18, 0.82, 0.183011
0.8, 0.187419, 0.18, 0.82, 0.18727
0.8, 0.184908, 0.18, 0.82, 0.184103
0.8, 0.184655, 0.18, 0.82, 0.185432
0.8, 0.185888, 0.18, 0.82, 0.183345
0.8, 0.185006, 0.18, 0.82, 0.185477
0.8, 0.18881, 0.18, 0.82, 0.189652
0.8, 0.179029, 0.18, 0.82, 0.183046
0.8, 0.182277, 0.18, 0.82, 0.185098
0.8, 0.180553, 0.18, 0.82, 0.184429
0.8, 0.183091, 0.18, 0.82, 0.180427
0.8, 0.178133, 0.18, 0.82, 0.178018
0.8, 0.181091, 0.18, 0.82, 0.181462
0.8, 0.181978, 0.18, 0.82, 0.182238
0.8, 0.179088, 0.18, 0.82, 0.183143
0.8, 0.179384, 0.18, 0.82, 0.179979
0.8, 0.185122, 0.18, 0.82, 0.186359
0.8, 0.185072, 0.18, 0.82, 0.182417
0.8, 0.196015, 0.19, 0.81, 0.201493
0.8, 0.19688, 0.19, 0.81, 0.198241
0.8, 0.19837, 0.19, 0.81, 0.196775
0.8, 0.19622, 0.19, 0.81, 0.197725
0.8, 0.190463, 0.19, 0.81, 0.188506
0.8, 0.193958, 0.19, 0.81, 0.195121
0.8, 0.19349, 0.19, 0.81, 0.197804
0.8, 0.192778, 0.19, 0.81, 0.190225
0.8, 0.183171, 0.19, 0.81, 0.187416
0.8, 0.200186, 0.19, 0.81, 0.200699
0.8, 0.191691, 0.19, 0.81, 0.191689
0.8, 0.198169, 0.19, 0.81, 0.197234
0.8, 0.197223, 0.19, 0.81, 0.197934
0.8, 0.193496, 0.19, 0.81, 0.192817
0.8, 0.203699, 0.19, 0.81, 0.196675
0.8, 0.18965, 0.19, 0.81, 0.193218
0.8, 0.196848, 0.19, 0.81, 0.19281
0.8, 0.194521, 0.19, 0.81, 0.200512
0.8, 0.198551, 0.19, 0.81, 0.198708
0.8, 0.194318, 0.19, 0.81, 0.195274
0.8, 0.200028, 0.19, 0.81, 0.199499
0.8, 0.19212, 0.19, 0.81, 0.19445
0.8, 0.20109, 0.19, 0.81, 0.197511
0.8, 0.192393, 0.19, 0.81, 0.195223
0.8, 0.185118, 0.19, 0.81, 0.189288
0.8, 0.20917, 0.2, 0.8, 0.210484
0.8, 0.213765, 0.2, 0.8, 0.211043
0.8, 0.206277, 0.2, 0.8, 0.2041
0.8, 0.21026, 0.2, 0.8, 0.208899
0.8, 0.201578, 0.2, 0.8, 0.206371
0.8, 0.221282, 0.2, 0.8, 0.21972
0.8, 0.205168, 0.2, 0.8, 0.207054
0.8, 0.206564, 0.2, 0.8, 0.208573
0.8, 0.206287, 0.2, 0.8, 0.204048
0.8, 0.211325, 0.2, 0.8, 0.208418
0.8, 0.200722, 0.2, 0.8, 0.205366
0.8, 0.213453, 0.2, 0.8, 0.20869
0.8, 0.207902, 0.2, 0.8, 0.202977
0.8, 0.205448, 0.2, 0.8, 0.208233
0.8, 0.205956, 0.2, 0.8, 0.207747
0.8, 0.205593, 0.2, 0.8, 0.207203
0.8, 0.2146, 0.2, 0.8, 0.210837
0.8, 0.210899, 0.2, 0.8, 0.209269
0.8, 0.20978, 0.2, 0.8, 0.207568
0.8, 0.203156, 0.2, 0.8, 0.204055
0.8, 0.209542, 0.2, 0.8, 0.208401
0.8, 0.212939, 0.2, 0.8, 0.212569
0.8, 0.209674, 0.2, 0.8, 0.208466
0.8, 0.207684, 0.2, 0.8, 0.204532
0.8, 0.208098, 0.2, 0.8, 0.208786
0.8, 0.220325, 0.21, 0.79, 0.217689
0.8, 0.216338, 0.21, 0.79, 0.220011
0.8, 0.221043, 0.21, 0.79, 0.221571
0.8, 0.219703, 0.21, 0.79, 0.220597
0.8, 0.216108, 0.21, 0.79, 0.216743
0.8, 0.224672, 0.21, 0.79, 0.220611
0.8, 0.2124, 0.21, 0.79, 0.209426
0.8, 0.219026, 0.21, 0.79, 0.220088
0.8, 0.220264, 0.21, 0.79, 0.218752
0.8, 0.217226, 0.21, 0.79, 0.222337
0.8, 0.223929, 0.21, 0.79, 0.218261
0.8, 0.215044, 0.21, 0.79, 0.219199
0.8, 0.220034, 0.21, 0.79, 0.215173
0.8, 0.220875, 0.21, 0.79, 0.219674
0.8, 0.227015, 0.21, 0.79, 0.224888
0.8, 0.215127, 0.21, 0.79, 0.212877
0.8, 0.217498, 0.21, 0.79, 0.217034
0.8, 0.21424, 0.21, 0.79, 0.219139
0.8, 0.210153, 0.21, 0.79, 0.212674
0.8, 0.220915, 0.21, 0.79, 0.218076
0.8, 0.216928, 0.21, 0.79, 0.217277
0.8, 0.219526, 0.21, 0.79, 0.215405
0.8, 0.227136, 0.21, 0.79, 0.222564
0.8, 0.219735, 0.21, 0.79, 0.219266
0.8, 0.22103, 0.21, 0.79, 0.21566
0.8, 0.233152, 0.22, 0.78, 0.230052
0.8, 0.224774, 0.22, 0.78, 0.224801
0.8, 0.225172, 0.22, 0.78, 0.227736
0.8, 0.236927, 0.22, 0.78, 0.236034
0.8, 0.221928, 0.22, 0.78, 0.223112
0.8, 0.230687, 0.22, 0.78, 0.228956
0.8, 0.232348, 0.22, 0.78, 0.229679
0.8, 0.232804, 0.22, 0.78, 0.229163
0.8, 0.234274, 0.22, 0.78, 0.229301
0.8, 0.230578, 0.22, 0.78, 0.230807
0.8, 0.22711, 0.22, 0.78, 0.229366
0.8, 0.233962, 0.22, 0.78, 0.233793
0.8, 0.223031, 0.22, 0.78, 0.228356
0.8, 0.233684, 0.22, 0.78, 0.232237
0.8, 0.234764, 0.22, 0.78, 0.234108
0.8, 0.227288, 0.22, 0.78, 0.229967
0.8, 0.226935, 0.22, 0.78, 0.230652
0.8, 0.220196, 0.22, 0.78, 0.22462
0.8, 0.226735, 0.22, 0.78, 0.224072
0.8, 0.225036, 0.22, 0.78, 0.224571
0.8, 0.234229, 0.22, 0.78, 0.229727
0.8, 0.229882, 0.22, 0.78, 0.23168
0.8, 0.227556, 0.22, 0.78, 0.229376
0.8, 0.232493, 0.22, 0.78, 0.230899
0.8, 0.230115, 0.22, 0.78, 0.23014
0.8, 0.240636, 0.23, 0.77, 0.23815
0.8, 0.237373, 0.23, 0.77, 0.240701
0.8, 0.243289, 0.23, 0.77, 0.247208
0.8, 0.241338, 0.23, 0.77, 0.238243
0.8, 0.235063, 0.23, 0.77, 0.237176
0.8, 0.245553, 0.23, 0.77, 0.243341
0.8, 0.244869, 0.23, 0.77, 0.240049
0.8, 0.247017, 0.23, 0.77, 0.242028
0.8, 0.240565, 0.23, 0.77, 0.243439
0.8, 0.23488, 0.23, 0.77, 0.236017
0.8, 0.241185, 0.23, 0.77, 0.242894
0.8, 0.2464, 0.23, 0.77, 0.245817
0.8, 0.23707, 0.23, 0.77, 0.234207
0.8, 0.240975, 0.23, 0.77, 0.24495
0.8, 0.242653, 0.23, 0.77, 0.240365
0.8, 0.237088, 0.23, 0.77, 0.238705
0.8, 0.247485, 0.23, 0.77, 0.246525
0.8, 0.237792, 0.23, 0.77, 0.241105
0.8, 0.238957, 0.23, 0.77, 0.2403
0.8, 0.239475, 0.23, 0.77, 0.242726
0.8, 0.233142, 0.23, 0.77, 0.235229
0.8, 0.24632, 0.23, 0.77, 0.249421
0.8, 0.243964, 0.23, 0.77, 0.248465
0.8, 0.248503, 0.23, 0.77, 0.24861
0.8, 0.246307, 0.23, 0.77, 0.249424
0.8, 0.256333, 0.24, 0.76, 0.256456
0.8, 0.250638, 0.24, 0.76, 0.251629
0.8, 0.257486, 0.24, 0.76, 0.25514
0.8, 0.247022, 0.24, 0.76, 0.247932
0.8, 0.255863, 0.24, 0.76, 0.254233
0.8, 0.249467, 0.24, 0.76, 0.251728
0.8, 0.246765, 0.24, 0.76, 0.248598
0.8, 0.264708, 0.24, 0.76, 0.257184
0.8, 0.24755, 0.24, 0.76, 0.249003
0.8, 0.25397, 0.24, 0.76, 0.248301
0.8, 0.257383, 0.24, 0.76, 0.253954
0.8, 0.248398, 0.24, 0.76, 0.251482
0.8, 0.255074, 0.24, 0.76, 0.251279
0.8, 0.257402, 0.24, 0.76, 0.263593
0.8, 0.254187, 0.24, 0.76, 0.256883
0.8, 0.256992, 0.24, 0.76, 0.255121
0.8, 0.242642, 0.24, 0.76, 0.244794
0.8, 0.258431, 0.24, 0.76, 0.258533
0.8, 0.254119, 0.24, 0.76, 0.253372
0.8, 0.244861, 0.24, 0.76, 0.245394
0.8, 0.256062, 0.24, 0.76, 0.2559
0.8, 0.255249, 0.24, 0.76, 0.2537
0.8, 0.253928, 0.24, 0.76, 0.253596
0.8, 0.249123, 0.24, 0.76, 0.25376
0.8, 0.26053, 0.24, 0.76, 0.25804
0.8, 0.261955, 0.25, 0.75, 0.262405
0.8, 0.260982, 0.25, 0.75, 0.258596
0.8, 0.265049, 0.25, 0.75, 0.263751
0.8, 0.27099, 0.25, 0.75, 0.272712
0.8, 0.268677, 0.25, 0.75, 0.268712
0.8, 0.254537, 0.25, 0.75, 0.260991
0.8, 0.266116, 0.25, 0.75, 0.267881
0.8, 0.261274, 0.25, 0.75, 0.263658
0.8, 0.268688, 0.25, 0.75, 0.259988
0.8, 0.263667, 0.25, 0.75, 0.259804
0.8, 0.262308, 0.25, 0.75, 0.266916
0.8, 0.271196, 0.25, 0.75, 0.26698
0.8, 0.27202, 0.25, 0.75, 0.267214
0.8, 0.274851, 0.25, 0.75, 0.272854
0.8, 0.264422, 0.25, 0.75, 0.266409
0.8, 0.276304, 0.25, 0.75, 0.273403
0.8, 0.261572, 0.25, 0.75, 0.267512
0.8, 0.260476, 0.25, 0.75, 0.26204
0.8, 0.265765, 0.25, 0.75, 0.266324
0.8, 0.26774, 0.25, 0.75, 0.268876
0.8, 0.265631, 0.25, 0.75, 0.261001
0.8, 0.274205, 0.25, 0.75, 0.272457
0.8, 0.268313, 0.25, 0.75, 0.267183
0.8, 0.268266, 0.25, 0.75, 0.261879
0.8, 0.270027, 0.25, 0.75, 0.265565
0.8, 0.275345, 0.26, 0.74, 0.277978
0.8, 0.284172, 0.26, 0.74, 0.282064
0.8, 0.284226, 0.26, 0.74, 0.275964
0.8, 0.277875, 0.26, 0.74, 0.276896
0.8, 0.281697, 0.26, 0.74, 0.280912
0.8, 0.286196, 0.26, 0.74, 0.285149
0.8, 0.274855, 0.26, 0.74, 0.27558
0.8, 0.277288, 0.26, 0.74, 0.279682
0.8, 0.278172, 0.26, 0.74, 0.275708
0.8, 0.27947, 0.26, 0.74, 0.275883
0.8, 0.275298, 0.26, 0.74, 0.278959
0.8, 0.28503, 0.26, 0.74, 0.283241
0.8, 0.274269, 0.26, 0.74, 0.274966
0.8, 0.278763, 0.26, 0.74, 0.279946
0.8, 0.290038, 0.26, 0.74, 0.28651
0.8, 0.28544, 0.26, 0.74, 0.288854
0.8, 0.28001, 0.26, 0.74, 0.279661
0.8, 0.282075, 0.26, 0.74, 0.28444
0.8, 0.27783, 0.26, 0.74, 0.279849
0.8, 0.270848, 0.26, 0.74, 0.272626
0.8, 0.276662, 0.26, 0.74, 0.279354
0.8, 0.276424, 0.26, 0.74, 0.275064
0.8, 0.274377, 0.26, 0.74, 0.274308
0.8, 0.27255, 0.26, 0.74, 0.275519
0.8, 0.273851, 0.26, 0.74, 0.275722
0.8, 0.297464, 0.27, 0.73, 0.295741
0.8, 0.294185, 0.27, 0.73, 0.291053
0.8, 0.292652, 0.27, 0.73, 0.288376
0.8, 0.290872, 0.27, 0.73, 0.294689
0.8, 0.290717, 0.27, 0.73, 0.293467
0.8, 0.296087, 0.27, 0.73, 0.296767
0.8, 0.293185, 0.27, 0.73, 0.298104
0.8, 0.294066, 0.27, 0.73, 0.295005
0.8, 0.292272, 0.27, 0.73, 0.292134
0.8, 0.29176, 0.27, 0.73, 0.29111
0.8, 0.294208, 0.27, 0.73, 0.298497
0.8, 0.293524, 0.27, 0.73, 0.295014
0.8, 0.295738, 0.27, 0.73, 0.297412
0.8, 0.292523, 0.27, 0.73, 0.296578
0.8, 0.286486, 0.27, 0.73, 0.290945
0.8, 0.303931, 0.27, 0.73, 0.29747
0.8, 0.287425, 0.27, 0.73, 0.291845
0.8, 0.290879, 0.27, 0.73, 0.285714
0.8, 0.288668, 0.27, 0.73, 0.291792
0.8, 0.288475, 0.27, 0.73, 0.294094
0.8, 0.283012, 0.27, 0.73, 0.287586
0.8, 0.293387, 0.27, 0.73, 0.290704
0.8, 0.299236, 0.27, 0.73, 0.297481
0.8, 0.300891, 0.27, 0.73, 0.296039
0.8, 0.281152, 0.27, 0.73, 0.285893
0.8, 0.296269, 0.28, 0.72, 0.300279
0.8, 0.308001, 0.28, 0.72, 0.305058
0.8, 0.311281, 0.28, 0.72, 0.308199
0.8, 0.295179, 0.28, 0.72, 0.300872
0.8, 0.303537, 0.28, 0.72, 0.29979
0.8, 0.298078, 0.28, 0.72, 0.299872
0.8, 0.306729, 0.28, 0.72, 0.303834
0.8, 0.301654, 0.28, 0.72, 0.301856
0.8, 0.314245, 0.28, 0.72, 0.309685
0.8, 0.307242, 0.28, 0.72, 0.306576
0.8, 0.304474, 0.28, 0.72, 0.30569
0.8, 0.298667, 0.28, 0.72, 0.303312
0.8, 0.301324, 0.28, 0.72, 0.304249
0.8, 0.3131, 0.28, 0.72, 0.310378
0.8, 0.300072, 0.28, 0.72, 0.297667
0.8, 0.297488, 0.28, 0.72, 0.301348
0.8, 0.307535, 0.28, 0.72, 0.303439
0.8, 0.299121, 0.28, 0.72, 0.303806
0.8, 0.316291, 0.28, 0.72, 0.306824
0.8, 0.298189, 0.28, 0.72, 0.301273
0.8, 0.305063, 0.28, 0.72, 0.300587
0.8, 0.309865, 0.28, 0.72, 0.304773
0.8, 0.308195, 0.28, 0.72, 0.305228
0.8, 0.298528, 0.28, 0.72, 0.301862
0.8, 0.305298, 0.28, 0.72, 0.302165
0.8, 0.321015, 0.29, 0.71, 0.316956
0.8, 0.327672, 0.29, 0.71, 0.324306
0.8, 0.312003, 0.29, 0.71, 0.310703
0.8, 0.311789, 0.29, 0.71, 0.311889
0.8, 0.323535, 0.29, 0.71, 0.32419
0.8, 0.331038, 0.29, 0.71, 0.318237
0.8, 0.321588, 0.29, 0.71, 0.315727
0.8, 0.320138, 0.29, 0.71, 0.318545
0.8, 0.315597, 0.29, 0.71, 0.31626
0.8, 0.31561, 0.29, 0.71, 0.315954
0.8, 0.325559, 0.29, 0.71, 0.323932
0.8, 0.319391, 0.29, 0.71, 0.317164
0.8, 0.317661, 0.29, 0.71, 0.318696
0.8, 0.324923, 0.29, 0.71, 0.321551
0.8, 0.318147, 0.29, 0.71, 0.316872
0.8, 0.320193, 0.29, 0.71, 0.316417
0.8, 0.312281, 0.29, 0.71, 0.312804
0.8, 0.32508, 0.29, 0.71, 0.318779
0.8, 0.312445, 0.29, 0.71, 0.315711
0.8, 0.316176, 0.29, 0.71, 0.31473
0.8, 0.305538, 0.29, 0.71, 0.313022
0.8, 0.325634, 0.29, 0.71, 0.322244
0.8, 0.310073, 0.29, 0.71, 0.308694
0.8, 0.308725, 0.29, 0.71, 0.30788
0.8, 0.307252, 0.29, 0.71, 0.310801
0.8, 0.334237, 0.3, 0.7, 0.330278
0.8, 0.331526, 0.3, 0.7, 0.329501
0.8, 0.328925, 0.3, 0.7, 0.328673
0.8, 0.33148, 0.3, 0.7, 0.323788
0.8, 0.332925, 0.3, 0.7, 0.332066
0.8, 0.335859, 0.3, 0.7, 0.331927
0.8, 0.336255, 0.3, 0.7, 0.331784
0.8, 0.332811, 0.3, 0.7, 0.335361
0.8, 0.322178, 0.3, 0.7, 0.323404
0.8, 0.329183, 0.3, 0.7, 0.33019
0.8, 0.329547, 0.3, 0.7, 0.324802
0.8, 0.331401, 0.3, 0.7, 0.333959
0.8, 0.325905, 0.3, 0.7, 0.331343
0.8, 0.334736, 0.3, 0.7, 0.331515
0.8, 0.335561, 0.3, 0.7, 0.334581
0.8, 0.33844, 0.3, 0.7, 0.333256
0.8, 0.332887, 0.3, 0.7, 0.332319
0.8, 0.328021, 0.3, 0.7, 0.323457
0.8, 0.329568, 0.3, 0.7, 0.331988
0.8, 0.331174, 0.3, 0.7, 0.328303
0.8, 0.329471, 0.3, 0.7, 0.326529
0.8, 0.332351, 0.3, 0.7, 0.335026
0.8, 0.329244, 0.3, 0.7, 0.331452
0.8, 0.331806, 0.3, 0.7, 0.332625
0.8, 0.325182, 0.3, 0.7, 0.328875
0.85, 0.153938, 0.15, 0.85, 0.15191
0.85, 0.147356, 0.15, 0.85, 0.146263
0.85, 0.152395, 0.15, 0.85, 0.155913
0.85, 0.150134, 0.15, 0.85, 0.152175
0.85, 0.152801, 0.15, 0.85, 0.151859
0.85, 0.162151, 0.15, 0.85, 0.159584
0.85, 0.153673, 0.15, 0.85, 0.152881
0.85, 0.154646, 0.15, 0.85, 0.156476
0.85, 0.151217, 0.15, 0.85, 0.149561
0.85, 0.155125, 0.15, 0.85, 0.154267
0.85, 0.149951, 0.15, 0.85, 0.153263
0.85, 0.153005, 0.15, 0.85, 0.156051
0.85, 0.151679, 0.15, 0.85, 0.153669
0.85, 0.150647, 0.15, 0.85, 0.149139
0.85, 0.151473, 0.15, 0.85, 0.153098
0.85, 0.151333, 0.15, 0.85, 0.151222
0.85, 0.157184, 0.15, 0.85, 0.153797
0.85, 0.154168, 0.15, 0.85, 0.152655
0.85, 0.152072, 0.15, 0.85, 0.153055
0.85, 0.149977, 0.15, 0.85, 0.152051
0.85, 0.151483, 0.15, 0.85, 0.151745
0.85, 0.148329, 0.15, 0.85, 0.150184
0.85, 0.151931, 0.15, 0.85, 0.152262
0.85, 0.151804, 0.15, 0.85, 0.151769
0.85, 0.150195, 0.15, 0.85, 0.145903
0.85, 0.169906, 0.16, 0.84, 0.16786
0.85, 0.167352, 0.16, 0.84, 0.164196
0.85, 0.16333, 0.16, 0.84, 0.161447
0.85, 0.161416, 0.16, 0.84, 0.163338
0.85, 0.163046, 0.16, 0.84, 0.162573
0.85, 0.161518, 0.16, 0.84, 0.165259
0.85, 0.166958, 0.16, 0.84, 0.164438
0.85, 0.173282, 0.16, 0.84, 0.16986
0.85, 0.1691, 0.16, 0.84, 0.164783
0.85, 0.158177, 0.16, 0.84, 0.158002
0.85, 0.163596, 0.16, 0.84, 0.162308
0.85, 0.158368, 0.16, 0.84, 0.158343
0.85, 0.166682, 0.16, 0.84, 0.164768
0.85, 0.166036, 0.16, 0.84, 0.165489
0.85, 0.167107, 0.16, 0.84, 0.16714
0.85, 0.161277, 0.16, 0.84, 0.163737
0.85, 0.163988, 0.16, 0.84, 0.167457
0.85, 0.163248, 0.16, 0.84, 0.166231
0.85, 0.165886, 0.16, 0.84, 0.167093
0.85, 0.164992, 0.16, 0.84, 0.167582
0.85, 0.163399, 0.16, 0.84, 0.16452
0.85, 0.165306, 0.16, 0.84, 0.165387
0.85, 0.16815, 0.16, 0.84, 0.169929
0.85, 0.170242, 0.16, 0.84, 0.167963
0.85, 0.166322, 0.16, 0.84, 0.164234
0.85, 0.177997, 0.17, 0.83, 0.179174
0.85, 0.171869, 0.17, 0.83, 0.171536
0.85, 0.177602, 0.17, 0.83, 0.176942
0.85, 0.175659, 0.17, 0.83, 0.176734
0.85, 0.182538, 0.17, 0.83, 0.178267
0.85, 0.175542, 0.17, 0.83, 0.174458
0.85, 0.176684, 0.17, 0.83, 0.176056
0.85, 0.174439, 0.17, 0.83, 0.173572
0.85, 0.172473, 0.17, 0.83, 0.173365
0.85, 0.183642, 0.17, 0.83, 0.179137
0.85, 0.175173, 0.17, 0.83, 0.173712
0.85, 0.177214, 0.17, 0.83, 0.176764
0.85, 0.175414, 0.17, 0.83, 0.176449
0.85, 0.172021, 0.17, 0.83, 0.173748
0.85, 0.184669, 0.17, 0.83, 0.180285
0.85, 0.182933, 0.17, 0.83, 0.183281
0.85, 0.172925, 0.17, 0.83, 0.170289
0.85, 0.17293, 0.17, 0.83, 0.177003
0.85, 0.172071, 0.17, 0.83, 0.171583
0.85, 0.175439, 0.17, 0.83, 0.17567
0.85, 0.169497, 0.17, 0.83, 0.174428
0.85, 0.171449, 0.17, 0.83, 0.17026
0.85, 0.174467, 0.17, 0.83, 0.171722
0.85, 0.180214, 0.17, 0.83, 0.17998
0.85, 0.174249, 0.17, 0.83, 0.172033
0.85, 0.179729, 0.18, 0.82, 0.181935
0.85, 0.190557, 0.18, 0.82, 0.186128
0.85, 0.184148, 0.18, 0.82, 0.180574
0.85, 0.190028, 0.18, 0.82, 0.190843
0.85, 0.195219, 0.18, 0.82, 0.191361
0.85, 0.190828, 0.18, 0.82, 0.186601
0.85, 0.188867, 0.18, 0.82, 0.19044
0.85, 0.18429, 0.18, 0.82, 0.18449
0.85, 0.190343, 0.18, 0.82, 0.186642
0.85, 0.183016, 0.18, 0.82, 0.185888
0.85, 0.184891, 0.18, 0.82, 0.187004
0.85, 0.187993, 0.18, 0.82, 0.188622
0.85, 0.176038, 0.18, 0.82, 0.181514
0.85, 0.181856, 0.18, 0.82, 0.1856
0.85, 0.182361, 0.18, 0.82, 0.186389
0.85, 0.188248, 0.18, 0.82, 0.187275
0.85, 0.189631, 0.18, 0.82, 0.187698
0.85, 0.188761, 0.18, 0.82, 0.189952
0.85, 0.191456, 0.18, 0.82, 0.188893
0.85, 0.179456, 0.18, 0.82, 0.178699
0.85, 0.184591, 0.18, 0.82, 0.184268
0.85, 0.179694, 0.18, 0.82, 0.181021
0.85, 0.186051, 0.18, 0.82, 0.183637
0.85, 0.183663, 0.18, 0.82, 0.185056
0.85, 0.188691, 0.18, 0.82, 0.187611
0.85, 0.206004, 0.19, 0.81, 0.208588
0.85, 0.189941, 0.19, 0.81, 0.192768
0.85, 0.188704, 0.19, 0.81, 0.190504
0.85, 0.201393, 0.19, 0.81, 0.20147
0.85, 0.198886, 0.19, 0.81, 0.19591
0.85, 0.189252, 0.19, 0.81, 0.19464
0.85, 0.203485, 0.19, 0.81, 0.200505
0.85, 0.200438, 0.19, 0.81, 0.203288
0.85, 0.198109, 0.19, 0.81, 0.197835
0.85, 0.202318, 0.19, 0.81, 0.201843
0.85, 0.192175, 0.19, 0.81, 0.189971
0.85, 0.200876, 0.19, 0.81, 0.203227
0.85, 0.201938, 0.19, 0.81, 0.200769
0.85, 0.201128, 0.19, 0.81, 0.203791
0.85, 0.198366, 0.19, 0.81, 0.199365
0.85, 0.197619, 0.19, 0.81, 0.200315
0.85, 0.19372, 0.19, 0.81, 0.192688
0.85, 0.198598, 0.19, 0.81, 0.197589
0.85, 0.201935, 0.19, 0.81, 0.202121
0.85, 0.199552, 0.19, 0.81, 0.196866
0.85, 0.203938, 0.19, 0.81, 0.199881
0.85, 0.20037, 0.19, 0.81, 0.20063
0.85, 0.193052, 0.19, 0.81, 0.194786
0.85, 0.202518, 0.19, 0.81, 0.201615
0.85, 0.201514, 0.19, 0.81, 0.200838
0.85, 0.214032, 0.2, 0.8, 0.210953
0.85, 0.206526, 0.2, 0.8, 0.208428
0.85, 0.207453, 0.2, 0.8, 0.21187
0.85, 0.213627, 0.2, 0.8, 0.213633
0.85, 0.208081, 0.2, 0.8, 0.212002
0.85, 0.216209, 0.2, 0.8, 0.214133
0.85, 0.216035, 0.2, 0.8, 0.215756
0.85, 0.209963, 0.2, 0.8, 0.206607
0.85, 0.21284, 0.2, 0.8, 0.212994
0.85, 0.210452, 0.2, 0.8, 0.213876
0.85, 0.209121, 0.2, 0.8, 0.208193
0.85, 0.213602, 0.2, 0.8, 0.209318
0.85, 0.202842, 0.2, 0.8, 0.208644
0.85, 0.209192, 0.2, 0.8, 0.209383
0.85, 0.206649, 0.2, 0.8, 0.208181
0.85, 0.210486, 0.2, 0.8, 0.209104
0.85, 0.213775, 0.2, 0.8, 0.212952
0.85, 0.205338, 0.2, 0.8, 0.204456
0.85, 0.209987, 0.2, 0.8, 0.206051
0.85, 0.207731, 0.2, 0.8, 0.209315
0.85, 0.21178, 0.2, 0.8, 0.212164
0.85, 0.212278, 0.2, 0.8, 0.216518
0.85, 0.204677, 0.2, 0.8, 0.203016
0.85, 0.21124, 0.2, 0.8, 0.211608
0.85, 0.207066, 0.2, 0.8, 0.212871
0.85, 0.228212, 0.21, 0.79, 0.225093
0.85, 0.216838, 0.21, 0.79, 0.2182
0.85, 0.21877, 0.21, 0.79, 0.22229
0.85, 0.220565, 0.21, 0.79, 0.220091
0.85, 0.220158, 0.21, 0.79, 0.221801
0.85, 0.225733, 0.21, 0.79, 0.224407
0.85, 0.221365, 0.21, 0.79, 0.223709
0.85, 0.229338, 0.21, 0.79, 0.227752
0.85, 0.222085, 0.21, 0.79, 0.218896
0.85, 0.220769, 0.21, 0.79, 0.221143
0.85, 0.229955, 0.21, 0.79, 0.223546
0.85, 0.224143, 0.21, 0.79, 0.224062
0.85, 0.217118, 0.21, 0.79, 0.220897
0.85, 0.226681, 0.21, 0.79, 0.224721
0.85, 0.217744, 0.21, 0.79, 0.219427
0.85, 0.221822, 0.21, 0.79, 0.21866
0.85, 0.220405, 0.21, 0.79, 0.222801
0.85, 0.227887, 0.21, 0.79, 0.227566
0.85, 0.221319, 0.21, 0.79, 0.220446
0.85, 0.222334, 0.21, 0.79, 0.2213
0.85, 0.220018, 0.21, 0.79, 0.219683
0.85, 0.221883, 0.21, 0.79, 0.222131
0.85, 0.226092, 0.21, 0.79, 0.224862
0.85, 0.226731, 0.21, 0.79, 0.22763
0.85, 0.224843, 0.21, 0.79, 0.224661
0.85, 0.238254, 0.22, 0.78, 0.236214
0.85, 0.239755, 0.22, 0.78, 0.242555
0.85, 0.232822, 0.22, 0.78, 0.230596
0.85, 0.236857, 0.22, 0.78, 0.239463
0.85, 0.233807, 0.22, 0.78, 0.237349
0.85, 0.232231, 0.22, 0.78, 0.230807
0.85, 0.232368, 0.22, 0.78, 0.234973
0.85, 0.232154, 0.22, 0.78, 0.23593
0.85, 0.239155, 0.22, 0.78, 0.23915
0.85, 0.238207, 0.22, 0.78, 0.235461
0.85, 0.225459, 0.22, 0.78, 0.23098
0.85, 0.233673, 0.22, 0.78, 0.232075
0.85, 0.233154, 0.22, 0.78, 0.233039
0.85, 0.239651, 0.22, 0.78, 0.236206
0.85, 0.227983, 0.22, 0.78, 0.225077
0.85, 0.228878, 0.22, 0.78, 0.226062
0.85, 0.229651, 0.22, 0.78, 0.230148
0.85, 0.23032, 0.22, 0.78, 0.234614
0.85, 0.231746, 0.22, 0.78, 0.231349
0.85, 0.234683, 0.22, 0.78, 0.230714
0.85, 0.236202, 0.22, 0.78, 0.23871
0.85, 0.22453, 0.22, 0.78, 0.227709
0.85, 0.233586, 0.22, 0.78, 0.228576
0.85, 0.233114, 0.22, 0.78, 0.229321
0.85, 0.22987, 0.22, 0.78, 0.23354
0.85, 0.245966, 0.23, 0.77, 0.244823
0.85, 0.244099, 0.23, 0.77, 0.244385
0.85, 0.249917, 0.23, 0.77, 0.246142
0.85, 0.248279, 0.23, 0.77, 0.247173
0.85, 0.245231, 0.23, 0.77, 0.249467
0.85, 0.23818, 0.23, 0.77, 0.240092
0.85, 0.236302, 0.23, 0.77, 0.237042
0.85, 0.247622, 0.23, 0.77, 0.247221
0.85, 0.244492, 0.23, 0.77, 0.243583
0.85, 0.235508, 0.23, 0.77, 0.241355
0.85, 0.245532, 0.23, 0.77, 0.247884
0.85, 0.242024, 0.23, 0.77, 0.241634
0.85, 0.241458, 0.23, 0.77, 0.246253
0.85, 0.245973, 0.23, 0.77, 0.245985
0.85, 0.240877, 0.23, 0.77, 0.24573
0.85, 0.247651, 0.23, 0.77, 0.245343
0.85, 0.243714, 0.23, 0.77, 0.243864
0.85, 0.241803, 0.23, 0.77, 0.242608
0.85, 0.242096, 0.23, 0.77, 0.238441
0.85, 0.247511, 0.23, 0.77, 0.244793
0.85, 0.240906, 0.23, 0.77, 0.240215
0.85, 0.245132, 0.23, 0.77, 0.245447
0.85, 0.245065, 0.23, 0.77, 0.245254
0.85, 0.240558, 0.23, 0.77, 0.241903
0.85, 0.250587, 0.23, 0.77, 0.248468
0.85, 0.258332, 0.24, 0.76, 0.251966
0.85, 0.256757, 0.24, 0.76, 0.260546
0.85, 0.260411, 0.24, 0.76, 0.256565
0.85, 0.260871, 0.24, 0.76, 0.255919
0.85, 0.250646, 0.24, 0.76, 0.253524
0.85, 0.26035, 0.24, 0.76, 0.261078
0.85, 0.254961, 0.24, 0.76, 0.257106
0.85, 0.253892, 0.24, 0.76, 0.257017
0.85, 0.265348, 0.24, 0.76, 0.262942
0.85, 0.262291, 0.24, 0.76, 0.259231
0.85, 0.263959, 0.24, 0.76, 0.257822
0.85, 0.259439, 0.24, 0.76, 0.259851
0.85, 0.260542, 0.24, 0.76, 0.260188
0.85, 0.263391, 0.24, 0.76, 0.259404
0.85, 0.256232, 0.24, 0.76, 0.256596
0.85, 0.259995, 0.24, 0.76, 0.25678
0.85, 0.255139, 0.24, 0.76, 0.263545
0.85, 0.255501, 0.24, 0.76, 0.256789
0.85, 0.255549, 0.24, 0.76, 0.255326
0.85, 0.249785, 0.24, 0.76, 0.251627
0.85, 0.260258, 0.24, 0.76, 0.259407
0.85, 0.247642, 0.24, 0.76, 0.246448
0.85, 0.255436, 0.24, 0.76, 0.258271
0.85, 0.263791, 0.24, 0.76, 0.261614
0.85, 0.261522, 0.24, 0.76, 0.259926
0.85, 0.263244, 0.25, 0.75, 0.266056
0.85, 0.285498, 0.25, 0.75, 0.276584
0.85, 0.268371, 0.25, 0.75, 0.269513
0.85, 0.267555, 0.25, 0.75, 0.264398
0.85, 0.275401, 0.25, 0.75, 0.272057
0.85, 0.267181, 0.25, 0.75, 0.268076
0.85, 0.269505, 0.25, 0.75, 0.270531
0.85, 0.26415, 0.25, 0.75, 0.269728
0.85, 0.276839, 0.25, 0.75, 0.27577
0.85, 0.266203, 0.25, 0.75, 0.268686
0.85, 0.272933, 0.25, 0.75, 0.270458
0.85, 0.270102, 0.25, 0.75, 0.271187
0.85, 0.261658, 0.25, 0.75, 0.264698
0.85, 0.273482, 0.25, 0.75, 0.272994
0.85, 0.269842, 0.25, 0.75, 0.268551
0.85, 0.277479, 0.25, 0.75, 0.274204
0.85, 0.278206, 0.25, 0.75, 0.267561
0.85, 0.270979, 0.25, 0.75, 0.267842
0.85, 0.273345, 0.25, 0.75, 0.270575
0.85, 0.267376, 0.25, 0.75, 0.270487
0.85, 0.273547, 0.25, 0.75, 0.274063
0.85, 0.270782, 0.25, 0.75, 0.265403
0.85, 0.27142, 0.25, 0.75, 0.271366
0.85, 0.272274, 0.25, 0.75, 0.271098
0.85, 0.269858, 0.25, 0.75, 0.263839
0.85, 0.274289, 0.26, 0.74, 0.280231
0.85, 0.277685, 0.26, 0.74, 0.281557
0.85, 0.284942, 0.26, 0.74, 0.280022
0.85, 0.274946, 0.26, 0.74, 0.275644
0.85, 0.285927, 0.26, 0.74, 0.282627
0.85, 0.276024, 0.26, 0.74, 0.278894
0.85, 0.288362, 0.26, 0.74, 0.289449
0.85, 0.276402, 0.26, 0.74, 0.278918
0.85, 0.282676, 0.26, 0.74, 0.280798
0.85, 0.282512, 0.26, 0.74, 0.283546
0.85, 0.274254, 0.26, 0.74, 0.277884
0.85, 0.287811, 0.26, 0.74, 0.282782
0.85, 0.280647, 0.26, 0.74, 0.280955
0.85, 0.287154, 0.26, 0.74, 0.278426
0.85, 0.281221, 0.26, 0.74, 0.28337
0.85, 0.287855, 0.26, 0.74, 0.280689
0.85, 0.280277, 0.26, 0.74, 0.281683
0.85, 0.285365, 0.26, 0.74, 0.281137
0.85, 0.27179, 0.26, 0.74, 0.276575
0.85, 0.284812, 0.26, 0.74, 0.282688
0.85, 0.288216, 0.26, 0.74, 0.284717
0.85, 0.278964, 0.26, 0.74, 0.277398
0.85, 0.280403, 0.26, 0.74, 0.284871
0.85, 0.276047, 0.26, 0.74, 0.278823
0.85, 0.278861, 0.26, 0.74, 0.279624
0.85, 0.294087, 0.27, 0.73, 0.288173
0.85, 0.293727, 0.27, 0.73, 0.295894
0.85, 0.290985, 0.27, 0.73, 0.287988
0.85, 0.291581, 0.27, 0.73, 0.290412
0.85, 0.301999, 0.27, 0.73, 0.294965
0.85, 0.299531, 0.27, 0.73, 0.301604
0.85, 0.285589, 0.27, 0.73, 0.289892
0.85, 0.286795, 0.27, 0.73, 0.28806
0.85, 0.290871, 0.27, 0.73, 0.295174
0.85, 0.295619, 0.27, 0.73, 0.295676
0.85, 0.288594, 0.27, 0.73, 0.288671
0.85, 0.288786, 0.27, 0.73, 0.2928
0.85, 0.297916, 0.27, 0.73, 0.295717
0.85, 0.29629, 0.27, 0.73, 0.295633
0.85, 0.291713, 0.27, 0.73, 0.293713
0.85, 0.29558, 0.27, 0.73, 0.295309
0.85, 0.291298, 0.27, 0.73, 0.291541
0.85, 0.299597, 0.27, 0.73, 0.297484
0.85, 0.299345, 0.27, 0.73, 0.294971
0.85, 0.294568, 0.27, 0.73, 0.291756
0.85, 0.29, 0.27, 0.73, 0.289866
0.85, 0.288369, 0.27, 0.73, 0.287655
0.85, 0.291933, 0.27, 0.73, 0.291204
0.85, 0.298995, 0.27, 0.73, 0.294712
0.85, 0.294653, 0.27, 0.73, 0.298518
0.85, 0.304015, 0.28, 0.72, 0.305593
0.85, 0.302049, 0.28, 0.72, 0.303978
0.85, 0.303639, 0.28, 0.72, 0.304179
0.85, 0.301329, 0.28, 0.72, 0.300465
0.85, 0.314894, 0.28, 0.72, 0.314534
0.85, 0.304789, 0.28, 0.72, 0.30456
0.85, 0.313225, 0.28, 0.72, 0.309016
0.85, 0.310798, 0.28, 0.72, 0.306571
0.85, 0.315036, 0.28, 0.72, 0.311046
0.85, 0.308144, 0.28, 0.72, 0.311649
0.85, 0.30056, 0.28, 0.72, 0.303972
0.85, 0.303874, 0.28, 0.72, 0.304445
0.85, 0.294466, 0.28, 0.72, 0.300264
0.85, 0.302077, 0.28, 0.72, 0.306457
0.85, 0.30226, 0.28, 0.72, 0.306308
0.85, 0.304839, 0.28, 0.72, 0.310291
0.85, 0.315019, 0.28, 0.72, 0.313846
0.85, 0.313413, 0.28, 0.72, 0.309097
0.85, 0.311634, 0.28, 0.72, 0.312243
0.85, 0.308953, 0.28, 0.72, 0.302248
0.85, 0.297489, 0.28, 0.72, 0.303586
0.85, 0.311074, 0.28, 0.72, 0.308206
0.85, 0.305954, 0.28, 0.72, 0.306201
0.85, 0.310034, 0.28, 0.72, 0.307993
0.85, 0.305054, 0.28, 0.72, 0.309009
0.85, 0.315408, 0.29, 0.71, 0.317081
0.85, 0.32634, 0.29, 0.71, 0.323708
0.85, 0.310799, 0.29, 0.71, 0.311944
0.85, 0.312399, 0.29, 0.71, 0.313951
0.85, 0.32878, 0.29, 0.71, 0.326409
0.85, 0.311981, 0.29, 0.71, 0.310394
0.85, 0.321267, 0.29, 0.71, 0.312603
0.85, 0.318064, 0.29, 0.71, 0.319588
0.85, 0.328043, 0.29, 0.71, 0.322271
0.85, 0.311384, 0.29, 0.71, 0.309142
0.85, 0.322763, 0.29, 0.71, 0.317603
0.85, 0.322935, 0.29, 0.71, 0.325431
0.85, 0.325724, 0.29, 0.71, 0.324174
0.85, 0.311903, 0.29, 0.71, 0.31176
0.85, 0.329759, 0.29, 0.71, 0.321717
0.85, 0.316911, 0.29, 0.71, 0.315859
0.85, 0.314141, 0.29, 0.71, 0.313592
0.85, 0.320061, 0.29, 0.71, 0.31985
0.85, 0.331649, 0.29, 0.71, 0.325837
0.85, 0.326187, 0.29, 0.71, 0.318859
0.85, 0.316873, 0.29, 0.71, 0.319951
0.85, 0.317274, 0.29, 0.71, 0.317216
0.85, 0.316586, 0.29, 0.71, 0.320172
0.85, 0.323958, 0.29, 0.71, 0.32207
0.85, 0.331921, 0.29, 0.71, 0.325826
0.85, 0.327762, 0.3, 0.7, 0.326782
0.85, 0.338953, 0.3, 0.7, 0.336017
0.85, 0.340292, 0.3, 0.7, 0.337139
0.85, 0.337652, 0.3, 0.7, 0.33611
0.85, 0.331319, 0.3, 0.7, 0.330596
0.85, 0.347339, 0.3, 0.7, 0.341493
0.85, 0.331026, 0.3, 0.7, 0.333542
0.85, 0.333745, 0.3, 0.7, 0.334791
0.85, 0.328587, 0.3, 0.7, 0.331495
0.85, 0.334769, 0.3, 0.7, 0.33104
0.85, 0.331369, 0.3, 0.7, 0.333792
0.85, 0.327429, 0.3, 0.7, 0.324826
0.85, 0.32823, 0.3, 0.7, 0.334521
0.85, 0.340191, 0.3, 0.7, 0.332937
0.85, 0.34023, 0.3, 0.7, 0.334341
0.85, 0.336245, 0.3, 0.7, 0.331421
0.85, 0.341732, 0.3, 0.7, 0.336976
0.85, 0.341795, 0.3, 0.7, 0.335569
0.85, 0.335869, 0.3, 0.7, 0.333428
0.85, 0.342263, 0.3, 0.7, 0.339916
0.85, 0.331563, 0.3, 0.7, 0.331407
0.85, 0.323723, 0.3, 0.7, 0.328172
0.85, 0.325804, 0.3, 0.7, 0.330434
0.85, 0.340297, 0.3, 0.7, 0.336541
0.85, 0.329793, 0.3, 0.7, 0.326772
0.9, 0.151878, 0.15, 0.85, 0.152401
0.9, 0.153668, 0.15, 0.85, 0.152832
0.9, 0.153137, 0.15, 0.85, 0.153883
0.9, 0.154178, 0.15, 0.85, 0.15337
0.9, 0.151183, 0.15, 0.85, 0.153497
0.9, 0.157139, 0.15, 0.85, 0.156544
0.9, 0.159107, 0.15, 0.85, 0.159822
0.9, 0.15602, 0.15, 0.85, 0.159402
0.9, 0.155235, 0.15, 0.85, 0.15757
0.9, 0.157435, 0.15, 0.85, 0.159664
0.9, 0.160545, 0.15, 0.85, 0.159896
0.9, 0.161118, 0.15, 0.85, 0.157201
0.9, 0.154502, 0.15, 0.85, 0.156791
0.9, 0.154759, 0.15, 0.85, 0.153702
0.9, 0.155448, 0.15, 0.85, 0.153739
0.9, 0.157306, 0.15, 0.85, 0.159098
0.9, 0.160335, 0.15, 0.85, 0.157123
0.9, 0.156216, 0.15, 0.85, 0.158226
0.9, 0.152266, 0.15, 0.85, 0.154906
0.9, 0.156897, 0.15, 0.85, 0.158163
0.9, 0.158893, 0.15, 0.85, 0.158174
0.9, 0.15251, 0.15, 0.85, 0.150837
0.9, 0.15241, 0.15, 0.85, 0.152673
0.9, 0.154507, 0.15, 0.85, 0.156207
0.9, 0.160362, 0.15, 0.85, 0.159191
0.9, 0.172228, 0.16, 0.84, 0.169773
0.9, 0.173917, 0.16, 0.84, 0.16645
0.9, 0.165492, 0.16, 0.84, 0.164384
0.9, 0.169982, 0.16, 0.84, 0.170704
0.9, 0.166998, 0.16, 0.84, 0.167756
0.9, 0.163883, 0.16, 0.84, 0.164878
0.9, 0.166027, 0.16, 0.84, 0.166991
0.9, 0.169419, 0.16, 0.84, 0.16833
0.9, 0.171548, 0.16, 0.84, 0.17074
0.9, 0.170012, 0.16, 0.84, 0.169798
0.9, 0.163497, 0.16, 0.84, 0.16368
0.9, 0.163832, 0.16, 0.84, 0.16265
0.9, 0.166393, 0.16, 0.84, 0.166888
0.9, 0.168087, 0.16, 0.84, 0.166424
0.9, 0.162971, 0.16, 0.84, 0.161785
0.9, 0.159121, 0.16, 0.84, 0.161644
0.9, 0.165332, 0.16, 0.84, 0.166244
0.9, 0.167215, 0.16, 0.84, 0.167186
0.9, 0.158909, 0.16, 0.84, 0.158559
0.9, 0.163785, 0.16, 0.84, 0.165533
0.9, 0.17109, 0.16, 0.84, 0.166024
0.9, 0.165826, 0.16, 0.84, 0.162239
0.9, 0.165379, 0.16, 0.84, 0.165025
0.9, 0.162142, 0.16, 0.84, 0.162491
0.9, 0.1652, 0.16, 0.84, 0.162512
0.9, 0.177738, 0.17, 0.83, 0.176633
0.9, 0.175283, 0.17, 0.83, 0.175452
0.9, 0.173526, 0.17, 0.83, 0.181119
0.9, 0.17237, 0.17, 0.83, 0.174162
0.9, 0.179745, 0.17, 0.83, 0.180437
0.9, 0.178717, 0.17, 0.83, 0.175526
0.9, 0.17858, 0.17, 0.83, 0.177361
0.9, 0.179578, 0.17, 0.83, 0.180478
0.9, 0.178898, 0.17, 0.83, 0.1817
0.9, 0.178669, 0.17, 0.83, 0.181997
0.9, 0.175139, 0.17, 0.83, 0.177032
0.9, 0.181867, 0.17, 0.83, 0.178515
0.9, 0.170814, 0.17, 0.83, 0.173941
0.9, 0.178774, 0.17, 0.83, 0.178435
0.9, 0.185522, 0.17, 0.83, 0.184821
0.9, 0.184048, 0.17, 0.83, 0.176619
0.9, 0.174622, 0.17, 0.83, 0.176091
0.9, 0.180474, 0.17, 0.83, 0.177453
0.9, 0.184009, 0.17, 0.83, 0.17623
0.9, 0.180121, 0.17, 0.83, 0.181352
0.9, 0.182468, 0.17, 0.83, 0.181583
0.9, 0.171472, 0.17, 0.83, 0.175153
0.9, 0.180569, 0.17, 0.83, 0.181247
0.9, 0.174497, 0.17, 0.83, 0.175675
0.9, 0.176898, 0.17, 0.83, 0.173632
0.9, 0.190936, 0.18, 0.82, 0.193185
0.9, 0.178354, 0.18, 0.82, 0.186464
0.9, 0.188526, 0.18, 0.82, 0.190958
0.9, 0.19729, 0.18, 0.82, 0.193054
0.9, 0.188657, 0.18, 0.82, 0.191675
0.9, 0.191358, 0.18, 0.82, 0.189082
0.9, 0.189887, 0.18, 0.82, 0.190256
0.9, 0.191145, 0.18, 0.82, 0.191041
0.9, 0.184034, 0.18, 0.82, 0.185229
0.9, 0.191248, 0.18, 0.82, 0.19085
0.9, 0.183613, 0.18, 0.82, 0.184561
0.9, 0.193155, 0.18, 0.82, 0.194659
0.9, 0.187798, 0.18, 0.82, 0.18534
0.9, 0.191327, 0.18, 0.82, 0.191597
0.9, 0.184036, 0.18, 0.82, 0.183507
0.9, 0.186709, 0.18, 0.82, 0.185491
0.9, 0.192096, 0.18, 0.82, 0.191884
0.9, 0.191287, 0.18, 0.82, 0.190335
0.9, 0.188808, 0.18, 0.82, 0.189404
0.9, 0.180725, 0.18, 0.82, 0.188135
0.9, 0.191155, 0.18, 0.82, 0.189534
0.9, 0.191537, 0.18, 0.82, 0.196076
0.9, 0.192782, 0.18, 0.82, 0.192563
0.9, 0.189526, 0.18, 0.82, 0.193341
0.9, 0.199976, 0.18, 0.82, 0.196465
0.9, 0.198324, 0.19, 0.81, 0.199773
0.9, 0.208753, 0.19, 0.81, 0.206822
0.9, 0.199537, 0.19, 0.81, 0.202832
0.9, 0.198462, 0.19, 0.81, 0.200463
0.9, 0.198766, 0.19, 0.81, 0.198073
0.9, 0.197027, 0.19, 0.81, 0.199099
0.9, 0.210875, 0.19, 0.81, 0.205878
0.9, 0.209292, 0.19, 0.81, 0.201563
0.9, 0.202461, 0.19, 0.81, 0.20165
0.9, 0.193884, 0.19, 0.81, 0.19915
0.9, 0.200758, 0.19, 0.81, 0.200327
0.9, 0.204372, 0.19, 0.81, 0.20506
0.9, 0.204943, 0.19, 0.81, 0.201193
0.9, 0.201697, 0.19, 0.81, 0.198543
0.9, 0.192333, 0.19, 0.81, 0.19821
0.9, 0.199165, 0.19, 0.81, 0.198202
0.9, 0.1982, 0.19, 0.81, 0.200194
0.9, 0.200355, 0.19, 0.81, 0.202366
0.9, 0.197832, 0.19, 0.81, 0.20079
0.9, 0.200235, 0.19, 0.81, 0.204639
0.9, 0.198158, 0.19, 0.81, 0.201053
0.9, 0.194552, 0.19, 0.81, 0.198042
0.9, 0.19965, 0.19, 0.81, 0.203422
0.9, 0.20632, 0.19, 0.81, 0.205306
0.9, 0.204016, 0.19, 0.81, 0.204906
0.9, 0.212123, 0.2, 0.8, 0.21323
0.9, 0.207302, 0.2, 0.8, 0.209288
0.9, 0.209383, 0.2, 0.8, 0.208279
0.9, 0.215489, 0.2, 0.8, 0.209954
0.9, 0.218243, 0.2, 0.8, 0.21692
0.9, 0.212383, 0.2, 0.8, 0.210277
0.9, 0.203609, 0.2, 0.8, 0.207803
0.9, 0.208936, 0.2, 0.8, 0.20972
0.9, 0.218319, 0.2, 0.8, 0.217583
0.9, 0.214923, 0.2, 0.8, 0.215021
0.9, 0.214629, 0.2, 0.8, 0.213075
0.9, 0.215121, 0.2, 0.8, 0.212106
0.9, 0.209286, 0.2, 0.8, 0.208992
0.9, 0.216203, 0.2, 0.8, 0.211857
0.9, 0.209964, 0.2, 0.8, 0.212348
0.9, 0.213311, 0.2, 0.8, 0.212899
0.9, 0.222618, 0.2, 0.8, 0.218867
0.9, 0.220314, 0.2, 0.8, 0.215912
0.9, 0.20722, 0.2, 0.8, 0.208671
0.9, 0.214349, 0.2, 0.8, 0.215492
0.9, 0.215814, 0.2, 0.8, 0.214293
0.9, 0.212325, 0.2, 0.8, 0.212949
0.9, 0.220336, 0.2, 0.8, 0.218949
0.9, 0.207215, 0.2, 0.8, 0.206865
0.9, 0.205953, 0.2, 0.8, 0.206512
0.9, 0.221428, 0.21, 0.79, 0.220524
0.9, 0.226211, 0.21, 0.79, 0.221595
0.9, 0.228067, 0.21, 0.79, 0.226945
0.9, 0.22232, 0.21, 0.79, 0.222858
0.9, 0.224262, 0.21, 0.79, 0.222021
0.9, 0.228977, 0.21, 0.79, 0.226108
0.9, 0.225625, 0.21, 0.79, 0.225197
0.9, 0.218525, 0.21, 0.79, 0.223019
0.9, 0.21662, 0.21, 0.79, 0.215838
0.9, 0.218206, 0.21, 0.79, 0.224387
0.9, 0.221804, 0.21, 0.79, 0.224172
0.9, 0.231802, 0.21, 0.79, 0.228912
0.9, 0.221032, 0.21, 0.79, 0.221419
0.9, 0.221849, 0.21, 0.79, 0.225347
0.9, 0.224878, 0.21, 0.79, 0.225808
0.9, 0.216077, 0.21, 0.79, 0.220035
0.9, 0.220784, 0.21, 0.79, 0.226006
0.9, 0.21611, 0.21, 0.79, 0.220025
0.9, 0.224536, 0.21, 0.79, 0.22848
0.9, 0.221943, 0.21, 0.79, 0.223361
0.9, 0.217592, 0.21, 0.79, 0.219745
0.9, 0.218634, 0.21, 0.79, 0.226776
0.9, 0.231697, 0.21, 0.79, 0.228831
0.9, 0.223907, 0.21, 0.79, 0.230769
0.9, 0.223602, 0.21, 0.79, 0.227777
0.9, 0.230975, 0.22, 0.78, 0.232561
0.9, 0.236436, 0.22, 0.78, 0.235945
0.9, 0.235699, 0.22, 0.78, 0.235807
0.9, 0.243582, 0.22, 0.78, 0.242708
0.9, 0.230984, 0.22, 0.78, 0.228888
0.9, 0.228069, 0.22, 0.78, 0.230307
0.9, 0.235683, 0.22, 0.78, 0.237689
0.9, 0.245766, 0.22, 0.78, 0.240053
0.9, 0.240087, 0.22, 0.78, 0.24326
0.9, 0.231542, 0.22, 0.78, 0.232053
0.9, 0.240629, 0.22, 0.78, 0.238944
0.9, 0.240355, 0.22, 0.78, 0.236755
0.9, 0.234687, 0.22, 0.78, 0.23768
0.9, 0.237337, 0.22, 0.78, 0.235141
0.9, 0.237893, 0.22, 0.78, 0.234631
0.9, 0.237256, 0.22, 0.78, 0.236099
0.9, 0.236492, 0.22, 0.78, 0.235915
0.9, 0.233555, 0.22, 0.78, 0.232422
0.9, 0.228576, 0.22, 0.78, 0.230213
0.9, 0.239908, 0.22, 0.78, 0.237496
0.9, 0.232673, 0.22, 0.78, 0.236683
0.9, 0.242725, 0.22, 0.78, 0.240033
0.9, 0.236533, 0.22, 0.78, 0.236151
0.9, 0.231386, 0.22, 0.78, 0.236071
0.9, 0.240609, 0.22, 0.78, 0.238488
0.9, 0.252065, 0.23, 0.77, 0.251448
0.9, 0.254768, 0.23, 0.77, 0.247623
0.9, 0.247321, 0.23, 0.77, 0.246919
0.9, 0.244579, 0.23, 0.77, 0.247695
0.9, 0.255172, 0.23, 0.77, 0.253583
0.9, 0.251311, 0.23, 0.77, 0.248337
0.9, 0.254798, 0.23, 0.77, 0.251926
0.9, 0.239103, 0.23, 0.77, 0.240914
0.9, 0.245728, 0.23, 0.77, 0.247716
0.9, 0.239742, 0.23, 0.77, 0.241119
0.9, 0.246404, 0.23, 0.77, 0.247273
0.9, 0.255134, 0.23, 0.77, 0.246052
0.9, 0.240296, 0.23, 0.77, 0.243203
0.9, 0.246716, 0.23, 0.77, 0.242042
0.9, 0.246827, 0.23, 0.77, 0.24729
0.9, 0.250013, 0.23, 0.77, 0.251064
0.9, 0.24722, 0.23, 0.77, 0.247243
0.9, 0.257661, 0.23, 0.77, 0.251005
0.9, 0.251164, 0.23, 0.77, 0.249409
0.9, 0.247738, 0.23, 0.77, 0.246221
0.9, 0.249942, 0.23, 0.77, 0.248326
0.9, 0.250473, 0.23, 0.77, 0.246304
0.9, 0.248926, 0.23, 0.77, 0.250167
0.9, 0.242649, 0.23, 0.77, 0.245533
0.9, 0.255269, 0.23, 0.77, 0.250902
0.9, 0.259898, 0.24, 0.76, 0.257987
0.9, 0.265901, 0.24, 0.76, 0.261968
0.9, 0.261323, 0.24, 0.76, 0.262167
0.9, 0.264221, 0.24, 0.76, 0.260516
0.9, 0.268342, 0.24, 0.76, 0.262571
0.9, 0.269244, 0.24, 0.76, 0.265229
0.9, 0.251449, 0.24, 0.76, 0.248642
0.9, 0.26321, 0.24, 0.76, 0.262574
0.9, 0.262023, 0.24, 0.76, 0.261748
0.9, 0.255693, 0.24, 0.76, 0.256839
0.9, 0.255125, 0.24, 0.76, 0.254734
0.9, 0.260444, 0.24, 0.76, 0.255512
0.9, 0.256754, 0.24, 0.76, 0.256131
0.9, 0.261353, 0.24, 0.76, 0.259153
0.9, 0.264538, 0.24, 0.76, 0.262705
0.9, 0.254242, 0.24, 0.76, 0.256602
0.9, 0.258832, 0.24, 0.76, 0.261135
0.9, 0.263612, 0.24, 0.76, 0.260458
0.9, 0.265056, 0.24, 0.76, 0.260972
0.9, 0.265564, 0.24, 0.76, 0.25998
0.9, 0.251224, 0.24, 0.76, 0.256528
0.9, 0.263192, 0.24, 0.76, 0.259341
0.9, 0.263408, 0.24, 0.76, 0.258364
0.9, 0.260037, 0.24, 0.76, 0.259335
0.9, 0.254886, 0.24, 0.76, 0.256905
0.9, 0.271694, 0.25, 0.75, 0.274026
0.9, 0.278072, 0.25, 0.75, 0.272813
0.9, 0.27383, 0.25, 0.75, 0.271157
0.9, 0.271991, 0.25, 0.75, 0.273547
0.9, 0.282638, 0.25, 0.75, 0.277356
0.9, 0.277374, 0.25, 0.75, 0.273444
0.9, 0.275397, 0.25, 0.75, 0.272067
0.9, 0.27159, 0.25, 0.75, 0.268888
0.9, 0.270987, 0.25, 0.75, 0.272637
0.9, 0.26733, 0.25, 0.75, 0.270572
0.9, 0.274213, 0.25, 0.75, 0.271853
0.9, 0.265941, 0.25, 0.75, 0.266309
0.9, 0.266175, 0.25, 0.75, 0.267196
0.9, 0.27148, 0.25, 0.75, 0.270772
0.9, 0.268927, 0.25, 0.75, 0.268957
0.9, 0.273122, 0.25, 0.75, 0.273283
0.9, 0.275442, 0.25, 0.75, 0.273908
0.9, 0.269044, 0.25, 0.75, 0.266793
0.9, 0.27456, 0.25, 0.75, 0.273173
0.9, 0.270796, 0.25, 0.75, 0.270789
0.9, 0.296692, 0.25, 0.75, 0.283466
0.9, 0.26534, 0.25, 0.75, 0.268306
0.9, 0.277215, 0.25, 0.75, 0.273866
0.9, 0.275242, 0.25, 0.75, 0.275265
0.9, 0.269953, 0.25, 0.75, 0.268404
0.9, 0.280772, 0.26, 0.74, 0.281214
0.9, 0.289388, 0.26, 0.74, 0.284615
0.9, 0.284747, 0.26, 0.74, 0.283998
0.9, 0.286702, 0.26, 0.74, 0.283726
0.9, 0.292741, 0.26, 0.74, 0.291589
0.9, 0.291718, 0.26, 0.74, 0.284519
0.9, 0.27785, 0.26, 0.74, 0.276383
0.9, 0.282698, 0.26, 0.74, 0.284797
0.9, 0.27994, 0.26, 0.74, 0.285213
0.9, 0.28644, 0.26, 0.74, 0.282155
0.9, 0.290989, 0.26, 0.74, 0.290098
0.9, 0.286541, 0.26, 0.74, 0.28681
0.9, 0.283363, 0.26, 0.74, 0.281567
0.9, 0.28779, 0.26, 0.74, 0.282124
0.9, 0.276449, 0.26, 0.74, 0.280124
0.9, 0.280137, 0.26, 0.74, 0.280357
0.9, 0.289966, 0.26, 0.74, 0.283187
0.9, 0.293682, 0.26, 0.74, 0.290719
0.9, 0.28023, 0.26, 0.74, 0.28486
0.9, 0.290245, 0.26, 0.74, 0.287297
0.9, 0.28094, 0.26, 0.74, 0.28422
0.9, 0.287223, 0.26, 0.74, 0.284553
0.9, 0.28176, 0.26, 0.74, 0.281103
0.9, 0.28411, 0.26, 0.74, 0.282946
0.9, 0.278621, 0.26, 0.74, 0.282631
0.9, 0.290739, 0.27, 0.73, 0.288761
0.9, 0.306101, 0.27, 0.73, 0.297384
0.9, 0.29751, 0.27, 0.73, 0.297354
0.9, 0.292884, 0.27, 0.73, 0.297586
0.9, 0.297995, 0.27, 0.73, 0.296764
0.9, 0.302953, 0.27, 0.73, 0.300454
0.9, 0.298323, 0.27, 0.73, 0.294688
0.9, 0.297456, 0.27, 0.73, 0.298332
0.9, 0.289267, 0.27, 0.73, 0.292563
0.9, 0.29376, 0.27, 0.73, 0.291795
0.9, 0.298304, 0.27, 0.73, 0.298101
0.9, 0.298198, 0.27, 0.73, 0.296066
0.9, 0.300034, 0.27, 0.73, 0.29546
0.9, 0.30617, 0.27, 0.73, 0.303935
0.9, 0.299426, 0.27, 0.73, 0.294791
0.9, 0.292849, 0.27, 0.73, 0.294592
0.9, 0.290898, 0.27, 0.73, 0.291782
0.9, 0.298686, 0.27, 0.73, 0.297265
0.9, 0.288233, 0.27, 0.73, 0.291509
0.9, 0.295996, 0.27, 0.73, 0.293318
0.9, 0.297981, 0.27, 0.73, 0.302817
0.9, 0.297283, 0.27, 0.73, 0.298963
0.9, 0.302219, 0.27, 0.73, 0.299512
0.9, 0.289898, 0.27, 0.73, 0.294694
0.9, 0.297165, 0.27, 0.73, 0.294385
0.9, 0.312787, 0.28, 0.72, 0.312802
0.9, 0.306534, 0.28, 0.72, 0.302754
0.9, 0.309214, 0.28, 0.72, 0.308691
0.9, 0.313735, 0.28, 0.72, 0.309195
0.9, 0.318549, 0.28, 0.72, 0.31607
0.9, 0.31337, 0.28, 0.72, 0.31039
0.9, 0.313192, 0.28, 0.72, 0.312384
0.9, 0.314339, 0.28, 0.72, 0.31495
0.9, 0.309, 0.28, 0.72, 0.30812
0.9, 0.308575, 0.28, 0.72, 0.30708
0.9, 0.30486, 0.28, 0.72, 0.306516
0.9, 0.308937, 0.28, 0.72, 0.31188
0.9, 0.318726, 0.28, 0.72, 0.315234
0.9, 0.313514, 0.28, 0.72, 0.310019
0.9, 0.307951, 0.28, 0.72, 0.30708
0.9, 0.30821, 0.28, 0.72, 0.308216
0.9, 0.322464, 0.28, 0.72, 0.314511
0.9, 0.310819, 0.28, 0.72, 0.309634
0.9, 0.306478, 0.28, 0.72, 0.3107
0.9, 0.318303, 0.28, 0.72, 0.310994
0.9, 0.31287, 0.28, 0.72, 0.31137
0.9, 0.304734, 0.28, 0.72, 0.309143
0.9, 0.303052, 0.28, 0.72, 0.30206
0.9, 0.307024, 0.28, 0.72, 0.310248
0.9, 0.309642, 0.28, 0.72, 0.308734
0.9, 0.323129, 0.29, 0.71, 0.317547
0.9, 0.329786, 0.29, 0.71, 0.32293
0.9, 0.323791, 0.29, 0.71, 0.32151
0.9, 0.320175, 0.29, 0.71, 0.324735
0.9, 0.317058, 0.29, 0.71, 0.318118
0.9, 0.327084, 0.29, 0.71, 0.33072
0.9, 0.327618, 0.29, 0.71, 0.323979
0.9, 0.318368, 0.29, 0.71, 0.316983
0.9, 0.325642, 0.29, 0.71, 0.323628
0.9, 0.320561, 0.29, 0.71, 0.318499
0.9, 0.319639, 0.29, 0.71, 0.323625
0.9, 0.319941, 0.29, 0.71, 0.3191
0.9, 0.323851, 0.29, 0.71, 0.322566
0.9, 0.325185, 0.29, 0.71, 0.32277
0.9, 0.322899, 0.29, 0.71, 0.324738
0.9, 0.327303, 0.29, 0.71, 0.32272
0.9, 0.322055, 0.29, 0.71, 0.32035
0.9, 0.312488, 0.29, 0.71, 0.316169
0.9, 0.323167, 0.29, 0.71, 0.316542
0.9, 0.315621, 0.29, 0.71, 0.318483
0.9, 0.321592, 0.29, 0.71, 0.326555
0.9, 0.329257, 0.29, 0.71, 0.329628
0.9, 0.33806, 0.29, 0.71, 0.329118
0.9, 0.33093, 0.29, 0.71, 0.326259
0.9, 0.333668, 0.29, 0.71, 0.325051
0.9, 0.338643, 0.3, 0.7, 0.333352
0.9, 0.336247, 0.3, 0.7, 0.334011
0.9, 0.334672, 0.3, 0.7, 0.33458
0.9, 0.340628, 0.3, 0.7, 0.337547
0.9, 0.340293, 0.3, 0.7, 0.339269
0.9, 0.333262, 0.3, 0.7, 0.329932
0.9, 0.333114, 0.3, 0.7, 0.336703
0.9, 0.337302, 0.3, 0.7, 0.337465
0.9, 0.335105, 0.3, 0.7, 0.333027
0.9, 0.319026, 0.3, 0.7, 0.322555
0.9, 0.337173, 0.3, 0.7, 0.33157
0.9, 0.335837, 0.3, 0.7, 0.334115
0.9, 0.329122, 0.3, 0.7, 0.332769
0.9, 0.342697, 0.3, 0.7, 0.339889
0.9, 0.333832, 0.3, 0.7, 0.336933
0.9, 0.344224, 0.3, 0.7, 0.339159
0.9, 0.335543, 0.3, 0.7, 0.331808
0.9, 0.328518, 0.3, 0.7, 0.327066
0.9, 0.350855, 0.3, 0.7, 0.342653
0.9, 0.335923, 0.3, 0.7, 0.340307
0.9, 0.352909, 0.3, 0.7, 0.345485
0.9, 0.329564, 0.3, 0.7, 0.330697
0.9, 0.340921, 0.3, 0.7, 0.332725
0.9, 0.329218, 0.3, 0.7, 0.331516
0.9, 0.332246, 0.3, 0.7, 0.330892
0.95, 0.160139, 0.15, 0.85, 0.156309
0.95, 0.1572, 0.15, 0.85, 0.15653
0.95, 0.161698, 0.15, 0.85, 0.157291
0.95, 0.160127, 0.15, 0.85, 0.160085
0.95, 0.153094, 0.15, 0.85, 0.15783
0.95, 0.157847, 0.15, 0.85, 0.156658
0.95, 0.158473, 0.15, 0.85, 0.15612
0.95, 0.153399, 0.15, 0.85, 0.156023
0.95, 0.160994, 0.15, 0.85, 0.160863
0.95, 0.158274, 0.15, 0.85, 0.155324
0.95, 0.149349, 0.15, 0.85, 0.149817
0.95, 0.156015, 0.15, 0.85, 0.157903
0.95, 0.166601, 0.15, 0.85, 0.161327
0.95, 0.160048, 0.15, 0.85, 0.157486
0.95, 0.155765, 0.15, 0.85, 0.157262
0.95, 0.159787, 0.15, 0.85, 0.161292
0.95, 0.163006, 0.15, 0.85, 0.160283
0.95, 0.157677, 0.15, 0.85, 0.16119
0.95, 0.165481, 0.15, 0.85, 0.16025
0.95, 0.153412, 0.15, 0.85, 0.156129
0.95, 0.154265, 0.15, 0.85, 0.157237
0.95, 0.162358, 0.15, 0.85, 0.15815
0.95, 0.158592, 0.15, 0.85, 0.158078
0.95, 0.154849, 0.15, 0.85, 0.158696
0.95, 0.156731, 0.15, 0.85, 0.1601
0.95, 0.170347, 0.16, 0.84, 0.171244
0.95, 0.172381, 0.16, 0.84, 0.173162
0.95, 0.167109, 0.16, 0.84, 0.170269
0.95, 0.169541, 0.16, 0.84, 0.168371
0.95, 0.170596, 0.16, 0.84, 0.168843
0.95, 0.168681, 0.16, 0.84, 0.170904
0.95, 0.166665, 0.16, 0.84, 0.16578
0.95, 0.166705, 0.16, 0.84, 0.169636
0.95, 0.173299, 0.16, 0.84, 0.172612
0.95, 0.171026, 0.16, 0.84, 0.172699
0.95, 0.172355, 0.16, 0.84, 0.172431
0.95, 0.163163, 0.16, 0.84, 0.165476
0.95, 0.164685, 0.16, 0.84, 0.165788
0.95, 0.165766, 0.16, 0.84, 0.165584
0.95, 0.167533, 0.16, 0.84, 0.169527
0.95, 0.167609, 0.16, 0.84, 0.16998
0.95, 0.169478, 0.16, 0.84, 0.17035
0.95, 0.165475, 0.16, 0.84, 0.168511
0.95, 0.16392, 0.16, 0.84, 0.164849
0.95, 0.167457, 0.16, 0.84, 0.168043
0.95, 0.170423, 0.16, 0.84, 0.172704
0.95, 0.169938, 0.16, 0.84, 0.170263
0.95, 0.170214, 0.16, 0.84, 0.16728
0.95, 0.165593, 0.16, 0.84, 0.168095
0.95, 0.165592, 0.16, 0.84, 0.165276
0.95, 0.185759, 0.17, 0.83, 0.184804
0.95, 0.166997, 0.17, 0.83, 0.173167
0.95, 0.183241, 0.17, 0.83, 0.181872
0.95, 0.188263, 0.17, 0.83, 0.185782
0.95, 0.183912, 0.17, 0.83, 0.181499
0.95, 0.180387, 0.17, 0.83, 0.181074
0.95, 0.172646, 0.17, 0.83, 0.179168
0.95, 0.179587, 0.17, 0.83, 0.180485
0.95, 0.184071, 0.17, 0.83, 0.184001
0.95, 0.177748, 0.17, 0.83, 0.181906
0.95, 0.194643, 0.17, 0.83, 0.189341
0.95, 0.18258, 0.17, 0.83, 0.180944
0.95, 0.16897, 0.17, 0.83, 0.172438
0.95, 0.176239, 0.17, 0.83, 0.17543
0.95, 0.180022, 0.17, 0.83, 0.18087
0.95, 0.178283, 0.17, 0.83, 0.180409
0.95, 0.182813, 0.17, 0.83, 0.183543
0.95, 0.177693, 0.17, 0.83, 0.177704
0.95, 0.182409, 0.17, 0.83, 0.183168
0.95, 0.175414, 0.17, 0.83, 0.178194
0.95, 0.176491, 0.17, 0.83, 0.179763
0.95, 0.185505, 0.17, 0.83, 0.18198
0.95, 0.180141, 0.17, 0.83, 0.181823
0.95, 0.179343, 0.17, 0.83, 0.177851
0.95, 0.17979, 0.17, 0.83, 0.182547
0.95, 0.191769, 0.18, 0.82, 0.194221
0.95, 0.192971, 0.18, 0.82, 0.191
0.95, 0.200583, 0.18, 0.82, 0.199212
0.95, 0.193819, 0.18, 0.82, 0.191973
0.95, 0.191599, 0.18, 0.82, 0.191634
0.95, 0.19003, 0.18, 0.82, 0.193596
0.95, 0.193597, 0.18, 0.82, 0.190219
0.95, 0.189131, 0.18, 0.82, 0.191966
0.95, 0.199225, 0.18, 0.82, 0.196046
0.95, 0.189069, 0.18, 0.82, 0.190314
0.95, 0.196517, 0.18, 0.82, 0.193182
0.95, 0.193418, 0.18, 0.82, 0.193434
0.95, 0.190148, 0.18, 0.82, 0.19271
0.95, 0.186554, 0.18, 0.82, 0.188197
0.95, 0.196961, 0.18, 0.82, 0.196213
0.95, 0.193076, 0.18, 0.82, 0.195723
0.95, 0.185304, 0.18, 0.82, 0.187639
0.95, 0.190102, 0.18, 0.82, 0.191111
0.95, 0.185373, 0.18, 0.82, 0.189826
0.95, 0.194696, 0.18, 0.82, 0.194804
0.95, 0.193028, 0.18, 0.82, 0.1939
0.95, 0.200717, 0.18, 0.82, 0.196329
0.95, 0.200006, 0.18, 0.82, 0.195543
0.95, 0.190888, 0.18, 0.82, 0.197069
0.95, 0.185559, 0.18, 0.82, 0.187328
0.95, 0.198872, 0.19, 0.81, 0.202193
0.95, 0.203082, 0.19, 0.81, 0.199406
0.95, 0.199174, 0.19, 0.81, 0.200893
0.95, 0.202347, 0.19, 0.81, 0.198164
0.95, 0.200795, 0.19, 0.81, 0.198082
0.95, 0.202781, 0.19, 0.81, 0.201101
0.95, 0.199818, 0.19, 0.81, 0.200108
0.95, 0.205595, 0.19, 0.81, 0.201261
0.95, 0.213283, 0.19, 0.81, 0.210529
0.95, 0.202494, 0.19, 0.81, 0.199588
0.95, 0.203134, 0.19, 0.81, 0.202777
0.95, 0.201106, 0.19, 0.81, 0.200671
0.95, 0.20263, 0.19, 0.81, 0.202216
0.95, 0.209589, 0.19, 0.81, 0.206329
0.95, 0.207272, 0.19, 0.81, 0.20516
0.95, 0.202609, 0.19, 0.81, 0.207307
0.95, 0.207757, 0.19, 0.81, 0.205549
0.95, 0.196435, 0.19, 0.81, 0.200976
0.95, 0.204892, 0.19, 0.81, 0.203313
0.95, 0.204154, 0.19, 0.81, 0.208555
0.95, 0.202811, 0.19, 0.81, 0.203596
0.95, 0.2102, 0.19, 0.81, 0.206902
0.95, 0.196162, 0.19, 0.81, 0.194807
0.95, 0.210655, 0.19, 0.81, 0.20732
0.95, 0.205131, 0.19, 0.81, 0.204262
0.95, 0.212214, 0.2, 0.8, 0.215034
0.95, 0.211775, 0.2, 0.8, 0.214208
0.95, 0.214447, 0.2, 0.8, 0.215052
0.95, 0.212447, 0.2, 0.8, 0.213242
0.95, 0.220016, 0.2, 0.8, 0.216219
0.95, 0.219439, 0.2, 0.8, 0.217273
0.95, 0.21079, 0.2, 0.8, 0.213956
0.95, 0.216693, 0.2, 0.8, 0.214796
0.95, 0.20803, 0.2, 0.8, 0.210679
0.95, 0.214488, 0.2, 0.8, 0.215866
0.95, 0.21309, 0.2, 0.8, 0.216129
0.95, 0.214072, 0.2, 0.8, 0.212345
0.95, 0.211202, 0.2, 0.8, 0.211869
0.95, 0.215248, 0.2, 0.8, 0.21808
0.95, 0.215471, 0.2, 0.8, 0.215824
0.95, 0.218569, 0.2, 0.8, 0.212559
0.95, 0.215156, 0.2, 0.8, 0.216259
0.95, 0.216619, 0.2, 0.8, 0.215133
0.95, 0.214812, 0.2, 0.8, 0.213941
0.95, 0.21549, 0.2, 0.8, 0.215874
0.95, 0.213121, 0.2, 0.8, 0.212412
0.95, 0.214046, 0.2, 0.8, 0.213751
0.95, 0.214268, 0.2, 0.8, 0.215967
0.95, 0.212432, 0.2, 0.8, 0.209613
0.95, 0.208888, 0.2, 0.8, 0.213362
0.95, 0.220454, 0.21, 0.79, 0.22375
0.95, 0.224125, 0.21, 0.79, 0.226051
0.95, 0.22394, 0.21, 0.79, 0.225946
0.95, 0.222651, 0.21, 0.79, 0.226822
0.95, 0.220407, 0.21, 0.79, 0.228514
0.95, 0.223614, 0.21, 0.79, 0.226371
0.95, 0.23079, 0.21, 0.79, 0.22706
0.95, 0.22483, 0.21, 0.79, 0.227334
0.95, 0.228031, 0.21, 0.79, 0.228114
0.95, 0.232516, 0.21, 0.79, 0.228646
0.95, 0.229061, 0.21, 0.79, 0.230748
0.95, 0.22265, 0.21, 0.79, 0.219727
0.95, 0.224103, 0.21, 0.79, 0.222422
0.95, 0.237529, 0.21, 0.79, 0.234025
0.95, 0.231637, 0.21, 0.79, 0.231415
0.95, 0.233816, 0.21, 0.79, 0.226792
0.95, 0.220202, 0.21, 0.79, 0.224216
0.95, 0.229546, 0.21, 0.79, 0.230629
0.95, 0.227417, 0.21, 0.79, 0.229341
0.95, 0.214776, 0.21, 0.79, 0.21644
0.95, 0.228506, 0.21, 0.79, 0.225815
0.95, 0.224401, 0.21, 0.79, 0.227956
0.95, 0.221175, 0.21, 0.79, 0.222729
0.95, 0.224765, 0.21, 0.79, 0.223494
0.95, 0.231764, 0.21, 0.79, 0.22886
0.95, 0.226979, 0.22, 0.78, 0.235294
0.95, 0.237832, 0.22, 0.78, 0.238817
0.95, 0.244159, 0.22, 0.78, 0.243178
0.95, 0.243637, 0.22, 0.78, 0.242848
0.95, 0.232644, 0.22, 0.78, 0.236637
0.95, 0.234586, 0.22, 0.78, 0.235369
0.95, 0.23973, 0.22, 0.78, 0.242754
0.95, 0.241973, 0.22, 0.78, 0.238683
0.95, 0.236259, 0.22, 0.78, 0.237288
0.95, 0.245419, 0.22, 0.78, 0.240763
0.95, 0.237165, 0.22, 0.78, 0.238728
0.95, 0.232452, 0.22, 0.78, 0.23693
0.95, 0.236426, 0.22, 0.78, 0.240978
0.95, 0.233774, 0.22, 0.78, 0.23309
0.95, 0.230559, 0.22, 0.78, 0.236042
0.95, 0.23273, 0.22, 0.78, 0.232368
0.95, 0.241607, 0.22, 0.78, 0.241082
0.95, 0.239331, 0.22, 0.78, 0.2415
0.95, 0.241173, 0.22, 0.78, 0.241821
0.95, 0.242133, 0.22, 0.78, 0.240579
0.95, 0.238542, 0.22, 0.78, 0.237519
0.95, 0.237642, 0.22, 0.78, 0.238975
0.95, 0.229615, 0.22, 0.78, 0.237445
0.95, 0.240647, 0.22, 0.78, 0.240155
0.95, 0.24014, 0.22, 0.78, 0.23863
0.95, 0.254395, 0.23, 0.77, 0.258767
0.95, 0.249195, 0.23, 0.77, 0.250437
0.95, 0.243404, 0.23, 0.77, 0.249225
0.95, 0.255427, 0.23, 0.77, 0.255346
0.95, 0.244123, 0.23, 0.77, 0.250069
0.95, 0.247532, 0.23, 0.77, 0.248339
0.95, 0.252544, 0.23, 0.77, 0.253986
0.95, 0.244697, 0.23, 0.77, 0.248387
0.95, 0.244836, 0.23, 0.77, 0.246663
0.95, 0.245811, 0.23, 0.77, 0.247187
0.95, 0.257224, 0.23, 0.77, 0.259296
0.95, 0.257557, 0.23, 0.77, 0.254203
0.95, 0.24913, 0.23, 0.77, 0.253332
0.95, 0.265235, 0.23, 0.77, 0.260817
0.95, 0.250035, 0.23, 0.77, 0.251146
0.95, 0.244382, 0.23, 0.77, 0.246809
0.95, 0.250377, 0.23, 0.77, 0.249052
0.95, 0.259112, 0.23, 0.77, 0.257579
0.95, 0.248817, 0.23, 0.77, 0.249891
0.95, 0.248478, 0.23, 0.77, 0.251075
0.95, 0.239589, 0.23, 0.77, 0.244503
0.95, 0.25056, 0.23, 0.77, 0.248619
0.95, 0.252495, 0.23, 0.77, 0.251694
0.95, 0.25502, 0.23, 0.77, 0.254685
0.95, 0.250811, 0.23, 0.77, 0.248786
0.95, 0.261902, 0.24, 0.76, 0.262302
0.95, 0.264769, 0.24, 0.76, 0.264508
0.95, 0.264606, 0.24, 0.76, 0.268001
0.95, 0.268033, 0.24, 0.76, 0.26291
0.95, 0.257723, 0.24, 0.76, 0.260049
0.95, 0.253814, 0.24, 0.76, 0.258276
0.95, 0.264266, 0.24, 0.76, 0.263887
0.95, 0.264759, 0.24, 0.76, 0.26289
0.95, 0.2536, 0.24, 0.76, 0.258013
0.95, 0.265691, 0.24, 0.76, 0.264572
0.95, 0.259396, 0.24, 0.76, 0.261268
0.95, 0.26751, 0.24, 0.76, 0.262888
0.95, 0.2609, 0.24, 0.76, 0.259216
0.95, 0.268463, 0.24, 0.76, 0.261673
0.95, 0.273432, 0.24, 0.76, 0.268022
0.95, 0.26505, 0.24, 0.76, 0.265891
0.95, 0.265256, 0.24, 0.76, 0.260177
0.95, 0.266244, 0.24, 0.76, 0.262718
0.95, 0.258304, 0.24, 0.76, 0.261201
0.95, 0.273613, 0.24, 0.76, 0.270532
0.95, 0.263959, 0.24, 0.76, 0.26418
0.95, 0.259429, 0.24, 0.76, 0.261951
0.95, 0.260288, 0.24, 0.76, 0.259359
0.95, 0.262366, 0.24, 0.76, 0.258957
0.95, 0.262083, 0.24, 0.76, 0.26206
0.95, 0.270203, 0.25, 0.75, 0.274524
0.95, 0.273012, 0.25, 0.75, 0.269859
0.95, 0.280522, 0.25, 0.75, 0.270504
0.95, 0.272918, 0.25, 0.75, 0.274649
0.95, 0.278091, 0.25, 0.75, 0.276909
0.95, 0.275059, 0.25, 0.75, 0.276078
0.95, 0.278221, 0.25, 0.75, 0.273222
0.95, 0.276002, 0.25, 0.75, 0.270979
0.95, 0.26728, 0.25, 0.75, 0.272242
0.95, 0.276937, 0.25, 0.75, 0.279859
0.95, 0.287739, 0.25, 0.75, 0.283182
0.95, 0.279799, 0.25, 0.75, 0.283089
0.95, 0.278672, 0.25, 0.75, 0.278075
0.95, 0.275632, 0.25, 0.75, 0.272924
0.95, 0.277819, 0.25, 0.75, 0.277793
0.95, 0.269303, 0.25, 0.75, 0.272082
0.95, 0.274478, 0.25, 0.75, 0.274535
0.95, 0.273661, 0.25, 0.75, 0.272163
0.95, 0.273823, 0.25, 0.75, 0.279642
0.95, 0.271916, 0.25, 0.75, 0.271167
0.95, 0.277124, 0.25, 0.75, 0.271793
0.95, 0.272665, 0.25, 0.75, 0.273642
0.95, 0.274636, 0.25, 0.75, 0.275143
0.95, 0.280163, 0.25, 0.75, 0.276951
0.95, 0.26973, 0.25, 0.75, 0.272712
0.95, 0.288053, 0.26, 0.74, 0.28541
0.95, 0.294741, 0.26, 0.74, 0.285403
0.95, 0.292176, 0.26, 0.74, 0.288828
0.95, 0.286731, 0.26, 0.74, 0.29093
0.95, 0.295836, 0.26, 0.74, 0.289171
0.95, 0.286567, 0.26, 0.74, 0.28862
0.95, 0.290113, 0.26, 0.74, 0.289735
0.95, 0.288483, 0.26, 0.74, 0.28863
0.95, 0.280397, 0.26, 0.74, 0.287114
0.95, 0.283483, 0.26, 0.74, 0.279847
0.95, 0.287002, 0.26, 0.74, 0.285196
0.95, 0.284969, 0.26, 0.74, 0.281117
0.95, 0.296782, 0.26, 0.74, 0.296545
0.95, 0.290779, 0.26, 0.74, 0.292415
0.95, 0.286212, 0.26, 0.74, 0.289416
0.95, 0.279859, 0.26, 0.74, 0.283729
0.95, 0.293552, 0.26, 0.74, 0.293608
0.95, 0.29466, 0.26, 0.74, 0.289455
0.95, 0.277537, 0.26, 0.74, 0.282749
0.95, 0.287021, 0.26, 0.74, 0.287077
0.95, 0.292477, 0.26, 0.74, 0.289982
0.95, 0.278013, 0.26, 0.74, 0.286854
0.95, 0.284594, 0.26, 0.74, 0.287949
0.95, 0.288233, 0.26, 0.74, 0.28982
0.95, 0.280722, 0.26, 0.74, 0.286419
0.95, 0.30515, 0.27, 0.73, 0.306332
0.95, 0.301585, 0.27, 0.73, 0.302037
0.95, 0.306514, 0.27, 0.73, 0.300958
0.95, 0.301167, 0.27, 0.73, 0.300244
0.95, 0.301102, 0.27, 0.73, 0.301325
0.95, 0.293695, 0.27, 0.73, 0.293491
0.95, 0.290023, 0.27, 0.73, 0.294069
0.95, 0.299915, 0.27, 0.73, 0.297143
0.95, 0.301446, 0.27, 0.73, 0.29878
0.95, 0.294818, 0.27, 0.73, 0.297465
0.95, 0.307751, 0.27, 0.73, 0.306234
0.95, 0.307712, 0.27, 0.73, 0.303378
0.95, 0.30091, 0.27, 0.73, 0.298551
0.95, 0.298591, 0.27, 0.73, 0.298701
0.95, 0.300973, 0.27, 0.73, 0.303715
0.95, 0.307448, 0.27, 0.73, 0.307974
0.95, 0.303143, 0.27, 0.73, 0.300113
0.95, 0.297082, 0.27, 0.73, 0.299084
0.95, 0.302124, 0.27, 0.73, 0.299181
0.95, 0.30253, 0.27, 0.73, 0.30273
0.95, 0.299579, 0.27, 0.73, 0.302513
0.95, 0.306186, 0.27, 0.73, 0.30543
0.95, 0.298361, 0.27, 0.73, 0.299029
0.95, 0.306505, 0.27, 0.73, 0.302016
0.95, 0.304868, 0.27, 0.73, 0.301858
0.95, 0.307308, 0.28, 0.72, 0.306232
0.95, 0.318504, 0.28, 0.72, 0.312209
0.95, 0.314125, 0.28, 0.72, 0.314847
0.95, 0.312828, 0.28, 0.72, 0.315744
0.95, 0.313004, 0.28, 0.72, 0.309767
0.95, 0.326497, 0.28, 0.72, 0.313315
0.95, 0.306609, 0.28, 0.72, 0.308718
0.95, 0.313217, 0.28, 0.72, 0.310042
0.95, 0.308362, 0.28, 0.72, 0.309072
0.95, 0.314968, 0.28, 0.72, 0.315166
0.95, 0.318357, 0.28, 0.72, 0.309927
0.95, 0.313377, 0.28, 0.72, 0.315333
0.95, 0.310705, 0.28, 0.72, 0.30961
0.95, 0.30883, 0.28, 0.72, 0.308366
0.95, 0.304178, 0.28, 0.72, 0.306664
0.95, 0.318157, 0.28, 0.72, 0.319959
0.95, 0.310063, 0.28, 0.72, 0.318627
0.95, 0.321044, 0.28, 0.72, 0.318447
0.95, 0.315809, 0.28, 0.72, 0.314519
0.95, 0.308613, 0.28, 0.72, 0.309907
0.95, 0.310048, 0.28, 0.72, 0.309917
0.95, 0.320889, 0.28, 0.72, 0.314104
0.95, 0.309044, 0.28, 0.72, 0.30504
0.95, 0.317971, 0.28, 0.72, 0.316931
0.95, 0.3193, 0.28, 0.72, 0.318312
0.95, 0.335816, 0.29, 0.71, 0.328032
0.95, 0.332356, 0.29, 0.71, 0.324926
0.95, 0.322763, 0.29, 0.71, 0.321188
0.95, 0.324872, 0.29, 0.71, 0.325391
0.95, 0.324148, 0.29, 0.71, 0.326852
0.95, 0.319054, 0.29, 0.71, 0.323875
0.95, 0.332173, 0.29, 0.71, 0.328684
0.95, 0.327262, 0.29, 0.71, 0.329345
0.95, 0.329032, 0.29, 0.71, 0.323928
0.95, 0.324693, 0.29, 0.71, 0.330311
0.95, 0.326738, 0.29, 0.71, 0.32259
0.95, 0.316635, 0.29, 0.71, 0.320974
0.95, 0.324302, 0.29, 0.71, 0.322871
0.95, 0.323019, 0.29, 0.71, 0.323599
0.95, 0.331581, 0.29, 0.71, 0.325037
0.95, 0.324666, 0.29, 0.71, 0.324949
0.95, 0.325582, 0.29, 0.71, 0.324414
0.95, 0.330406, 0.29, 0.71, 0.330031
0.95, 0.333261, 0.29, 0.71, 0.328077
0.95, 0.323078, 0.29, 0.71, 0.321094
0.95, 0.331575, 0.29, 0.71, 0.324615
0.95, 0.314108, 0.29, 0.71, 0.317472
0.95, 0.325656, 0.29, 0.71, 0.324285
0.95, 0.321379, 0.29, 0.71, 0.323541
0.95, 0.320472, 0.29, 0.71, 0.319756
0.95, 0.340943, 0.3, 0.7, 0.343619
0.95, 0.344441, 0.3, 0.7, 0.340615
0.95, 0.334102, 0.3, 0.7, 0.334216
0.95, 0.337473, 0.3, 0.7, 0.334288
0.95, 0.332638, 0.3, 0.7, 0.33757
0.95, 0.351587, 0.3, 0.7, 0.342013
0.95, 0.341386, 0.3, 0.7, 0.343081
0.95, 0.324323, 0.3, 0.7, 0.332461
0.95, 0.332051, 0.3, 0.7, 0.331045
0.95, 0.334075, 0.3, 0.7, 0.338886
0.95, 0.341009, 0.3, 0.7, 0.339829
0.95, 0.340425, 0.3, 0.7, 0.340887
0.95, 0.353056, 0.3, 0.7, 0.343526
0.95, 0.339479, 0.3, 0.7, 0.341943
0.95, 0.344938, 0.3, 0.7, 0.337263
0.95, 0.34001, 0.3, 0.7, 0.340171
0.95, 0.345397, 0.3, 0.7, 0.338924
0.95, 0.33258, 0.3, 0.7, 0.333182
0.95, 0.335001, 0.3, 0.7, 0.330233
0.95, 0.339032, 0.3, 0.7, 0.333391
0.95, 0.341271, 0.3, 0.7, 0.337307
0.95, 0.332791, 0.3, 0.7, 0.342201
0.95, 0.343348, 0.3, 0.7, 0.337815
0.95, 0.345468, 0.3, 0.7, 0.344272
0.95, 0.335623, 0.3, 0.7, 0.336468
1, 0.16469, 0.15, 0.85, 0.165096
1, 0.158668, 0.15, 0.85, 0.161426
1, 0.160423, 0.15, 0.85, 0.159683
1, 0.160244, 0.15, 0.85, 0.160693
1, 0.167412, 0.15, 0.85, 0.164271
1, 0.159696, 0.15, 0.85, 0.163683
1, 0.163324, 0.15, 0.85, 0.164565
1, 0.155443, 0.15, 0.85, 0.156809
1, 0.16059, 0.15, 0.85, 0.159007
1, 0.15983, 0.15, 0.85, 0.159445
1, 0.160005, 0.15, 0.85, 0.159086
1, 0.153851, 0.15, 0.85, 0.154502
1, 0.158891, 0.15, 0.85, 0.158523
1, 0.158403, 0.15, 0.85, 0.162992
1, 0.160081, 0.15, 0.85, 0.160337
1, 0.161902, 0.15, 0.85, 0.160883
1, 0.154108, 0.15, 0.85, 0.154856
1, 0.154968, 0.15, 0.85, 0.156713
1, 0.159923, 0.15, 0.85, 0.157697
1, 0.159344, 0.15, 0.85, 0.161394
1, 0.158705, 0.15, 0.85, 0.158747
1, 0.156393, 0.15, 0.85, 0.154744
1, 0.151246, 0.15, 0.85, 0.152333
1, 0.15001, 0.15, 0.85, 0.15508
1, 0.157639, 0.15, 0.85, 0.157789
1, 0.171323, 0.16, 0.84, 0.173876
1, 0.168806, 0.16, 0.84, 0.170721
1, 0.169535, 0.16, 0.84, 0.168983
1, 0.171814, 0.16, 0.84, 0.170485
1, 0.170831, 0.16, 0.84, 0.173091
1, 0.169336, 0.16, 0.84, 0.169864
1, 0.175899, 0.16, 0.84, 0.172317
1, 0.167069, 0.16, 0.84, 0.168611
1, 0.169428, 0.16, 0.84, 0.172673
1, 0.171852, 0.16, 0.84, 0.173712
1, 0.163985, 0.16, 0.84, 0.169692
1, 0.174345, 0.16, 0.84, 0.174692
1, 0.172258, 0.16, 0.84, 0.171502
1, 0.172544, 0.16, 0.84, 0.171071
1, 0.175351, 0.16, 0.84, 0.173986
1, 0.170307, 0.16, 0.84, 0.17108
1, 0.170213, 0.16, 0.84, 0.169241
1, 0.171881, 0.16, 0.84, 0.172508
1, 0.170715, 0.16, 0.84, 0.171293
1, 0.16791, 0.16, 0.84, 0.170436
1, 0.16969, 0.16, 0.84, 0.170999
1, 0.177715, 0.16, 0.84, 0.174858
1, 0.168223, 0.16, 0.84, 0.166622
1, 0.172628, 0.16, 0.84, 0.173862
1, 0.166658, 0.16, 0.84, 0.16938
1, 0.182653, 0.17, 0.83, 0.181502
1, 0.184795, 0.17, 0.83, 0.18542
1, 0.181496, 0.17, 0.83, 0.185047
1, 0.175125, 0.17, 0.83, 0.181838
1, 0.180096, 0.17, 0.83, 0.181175
1, 0.186989, 0.17, 0.83, 0.188504
1, 0.182883, 0.17, 0.83, 0.184104
1, 0.183988, 0.17, 0.83, 0.184696
1, 0.182523, 0.17, 0.83, 0.181373
1, 0.179594, 0.17, 0.83, 0.177855
1, 0.186559, 0.17, 0.83, 0.186994
1, 0.183548, 0.17, 0.83, 0.183316
1, 0.177996, 0.17, 0.83, 0.182577
1, 0.173255, 0.17, 0.83, 0.179806
1, 0.176577, 0.17, 0.83, 0.181163
1, 0.177932, 0.17, 0.83, 0.183693
1, 0.180608, 0.17, 0.83, 0.180848
1, 0.184622, 0.17, 0.83, 0.183185
1, 0.187236, 0.17, 0.83, 0.189976
1, 0.178845, 0.17, 0.83, 0.180795
1, 0.185799, 0.17, 0.83, 0.184521
1, 0.182083, 0.17, 0.83, 0.180014
1, 0.191113, 0.17, 0.83, 0.186793
1, 0.180347, 0.17, 0.83, 0.17975
1, 0.181651, 0.17, 0.83, 0.182902
1, 0.193888, 0.18, 0.82, 0.195656
1, 0.189969, 0.18, 0.82, 0.192312
1, 0.197731, 0.18, 0.82, 0.199413
1, 0.199944, 0.18, 0.82, 0.194285
1, 0.19936, 0.18, 0.82, 0.199184
1, 0.194834, 0.18, 0.82, 0.194245
1, 0.198934, 0.18, 0.82, 0.198384
1, 0.195721, 0.18, 0.82, 0.197717
1, 0.197249, 0.18, 0.82, 0.196921
1, 0.192009, 0.18, 0.82, 0.194464
1, 0.202386, 0.18, 0.82, 0.200151
1, 0.193137, 0.18, 0.82, 0.19285
1, 0.188099, 0.18, 0.82, 0.19312
1, 0.192546, 0.18, 0.82, 0.191964
1, 0.194437, 0.18, 0.82, 0.197316
1, 0.198415, 0.18, 0.82, 0.195304
1, 0.194967, 0.18, 0.82, 0.19656
1, 0.197217, 0.18, 0.82, 0.195108
1, 0.203734, 0.18, 0.82, 0.202529
1, 0.198697, 0.18, 0.82, 0.199067
1, 0.194988, 0.18, 0.82, 0.190802
1, 0.187876, 0.18, 0.82, 0.191161
1, 0.192216, 0.18, 0.82, 0.192333
1, 0.197047, 0.18, 0.82, 0.193
1, 0.189532, 0.18, 0.82, 0.189331
1, 0.208074, 0.19, 0.81, 0.205447
1, 0.200298, 0.19, 0.81, 0.203386
1, 0.20943, 0.19, 0.81, 0.209007
1, 0.206163, 0.19, 0.81, 0.205802
1, 0.205278, 0.19, 0.81, 0.205224
1, 0.209086, 0.19, 0.81, 0.206545
1, 0.207355, 0.19, 0.81, 0.206036
1, 0.208114, 0.19, 0.81, 0.204676
1, 0.194551, 0.19, 0.81, 0.20158
1, 0.199101, 0.19, 0.81, 0.200624
1, 0.206991, 0.19, 0.81, 0.204369
1, 0.211337, 0.19, 0.81, 0.203974
1, 0.207632, 0.19, 0.81, 0.206725
1, 0.206752, 0.19, 0.81, 0.206759
1, 0.209155, 0.19, 0.81, 0.20726
1, 0.200283, 0.19, 0.81, 0.203863
1, 0.212613, 0.19, 0.81, 0.206897
1, 0.207213, 0.19, 0.81, 0.209227
1, 0.208603, 0.19, 0.81, 0.207081
1, 0.201681, 0.19, 0.81, 0.203277
1, 0.203655, 0.19, 0.81, 0.202191
1, 0.217762, 0.19, 0.81, 0.212634
1, 0.205982, 0.19, 0.81, 0.206169
1, 0.208035, 0.19, 0.81, 0.205034
1, 0.201292, 0.19, 0.81, 0.203241
1, 0.213988, 0.2, 0.8, 0.214618
1, 0.221697, 0.2, 0.8, 0.217664
1, 0.211467, 0.2, 0.8, 0.213108
1, 0.215156, 0.2, 0.8, 0.211588
1, 0.2199, 0.2, 0.8, 0.218667
1, 0.217448, 0.2, 0.8, 0.221033
1, 0.208605, 0.2, 0.8, 0.214885
1, 0.222625, 0.2, 0.8, 0.222416
1, 0.213576, 0.2, 0.8, 0.217806
1, 0.222871, 0.2, 0.8, 0.221882
1, 0.221567, 0.2, 0.8, 0.22089
1, 0.222029, 0.2, 0.8, 0.218537
1, 0.219491, 0.2, 0.8, 0.217582
1, 0.220972, 0.2, 0.8, 0.220319
1, 0.219293, 0.2, 0.8, 0.21886
1, 0.217001, 0.2, 0.8, 0.217459
1, 0.20853, 0.2, 0.8, 0.21174
1, 0.230288, 0.2, 0.8, 0.224462
1, 0.229206, 0.2, 0.8, 0.223328
1, 0.217407, 0.2, 0.8, 0.220089
1, 0.21458, 0.2, 0.8, 0.219101
1, 0.217664, 0.2, 0.8, 0.217774
1, 0.227655, 0.2, 0.8, 0.221478
1, 0.208111, 0.2, 0.8, 0.214399
1, 0.219692, 0.2, 0.8, 0.217476
1, 0.232483, 0.21, 0.79, 0.231522
1, 0.235857, 0.21, 0.79, 0.234566
1, 0.231229, 0.21, 0.79, 0.228425
1, 0.23989, 0.21, 0.79, 0.240013
1, 0.22757, 0.21, 0.79, 0.227799
1, 0.225501, 0.21, 0.79, 0.228336
1, 0.229783, 0.21, 0.79, 0.22731
1, 0.230259, 0.21, 0.79, 0.228874
1, 0.225444, 0.21, 0.79, 0.225583
1, 0.228283, 0.21, 0.79, 0.231003
1, 0.233322, 0.21, 0.79, 0.231066
1, 0.233539, 0.21, 0.79, 0.236243
1, 0.229515, 0.21, 0.79, 0.231262
1, 0.240376, 0.21, 0.79, 0.23575
1, 0.223743, 0.21, 0.79, 0.227483
1, 0.229602, 0.21, 0.79, 0.232859
1, 0.229547, 0.21, 0.79, 0.228855
1, 0.226811, 0.21, 0.79, 0.226464
1, 0.224971, 0.21, 0.79, 0.225016
1, 0.235465, 0.21, 0.79, 0.233379
1, 0.236245, 0.21, 0.79, 0.235595
1, 0.230612, 0.21, 0.79, 0.233741
1, 0.226104, 0.21, 0.79, 0.228191
1, 0.227591, 0.21, 0.79, 0.227004
1, 0.227424, 0.21, 0.79, 0.231945
1, 0.242478, 0.22, 0.78, 0.245286
1, 0.245132, 0.22, 0.78, 0.238776
1, 0.241407, 0.22, 0.78, 0.241351
1, 0.236813, 0.22, 0.78, 0.240339
1, 0.244476, 0.22, 0.78, 0.243596
1, 0.240369, 0.22, 0.78, 0.238043
1, 0.237853, 0.22, 0.78, 0.243549
1, 0.243093, 0.22, 0.78, 0.239072
1, 0.237984, 0.22, 0.78, 0.239816
1, 0.242696, 0.22, 0.78, 0.244504
1, 0.239294, 0.22, 0.78, 0.240513
1, 0.24493, 0.22, 0.78, 0.245407
1, 0.24391, 0.22, 0.78, 0.24328
1, 0.241175, 0.22, 0.78, 0.241274
1, 0.228245, 0.22, 0.78, 0.234829
1, 0.240414, 0.22, 0.78, 0.242451
1, 0.248019, 0.22, 0.78, 0.245751
1, 0.239297, 0.22, 0.78, 0.238119
1, 0.244083, 0.22, 0.78, 0.244288
1, 0.245116, 0.22, 0.78, 0.244126
1, 0.245965, 0.22, 0.78, 0.245496
1, 0.234002, 0.22, 0.78, 0.237087
1, 0.245472, 0.22, 0.78, 0.240706
1, 0.250449, 0.22, 0.78, 0.241972
1, 0.245071, 0.22, 0.78, 0.238273
1, 0.245618, 0.23, 0.77, 0.252023
1, 0.259539, 0.23, 0.77, 0.256659
1, 0.256782, 0.23, 0.77, 0.253258
1, 0.254354, 0.23, 0.77, 0.250573
1, 0.25627, 0.23, 0.77, 0.259863
1, 0.246722, 0.23, 0.77, 0.249106
1, 0.251185, 0.23, 0.77, 0.247635
1, 0.248793, 0.23, 0.77, 0.251965
1, 0.253955, 0.23, 0.77, 0.253592
1, 0.251238, 0.23, 0.77, 0.256948
1, 0.25633, 0.23, 0.77, 0.254242
1, 0.256329, 0.23, 0.77, 0.253561
1, 0.250163, 0.23, 0.77, 0.251088
1, 0.252144, 0.23, 0.77, 0.25306
1, 0.246681, 0.23, 0.77, 0.250468
1, 0.261182, 0.23, 0.77, 0.262865
1, 0.251115, 0.23, 0.77, 0.255671
1, 0.253902, 0.23, 0.77, 0.252815
1, 0.245953, 0.23, 0.77, 0.246983
1, 0.257876, 0.23, 0.77, 0.261694
1, 0.25436, 0.23, 0.77, 0.253569
1, 0.248521, 0.23, 0.77, 0.244725
1, 0.2497, 0.23, 0.77, 0.251538
1, 0.254088, 0.23, 0.77, 0.253443
1, 0.253844, 0.23, 0.77, 0.251806
1, 0.265729, 0.24, 0.76, 0.26566
1, 0.272651, 0.24, 0.76, 0.268542
1, 0.25927, 0.24, 0.76, 0.260406
1, 0.265406, 0.24, 0.76, 0.26695
1, 0.264683, 0.24, 0.76, 0.265435
1, 0.260652, 0.24, 0.76, 0.25933
1, 0.269601, 0.24, 0.76, 0.265508
1, 0.266795, 0.24, 0.76, 0.266277
1, 0.268392, 0.24, 0.76, 0.266423
1, 0.264939, 0.24, 0.76, 0.26516
1, 0.267319, 0.24, 0.76, 0.267466
1, 0.267394, 0.24, 0.76, 0.266067
1, 0.273658, 0.24, 0.76, 0.267509
1, 0.26622, 0.24, 0.76, 0.267875
1, 0.253475, 0.24, 0.76, 0.260052
1, 0.258209, 0.24, 0.76, 0.260795
1, 0.277098, 0.24, 0.76, 0.272515
1, 0.269899, 0.24, 0.76, 0.26643
1, 0.266425, 0.24, 0.76, 0.259574
1, 0.266737, 0.24, 0.76, 0.263916
1, 0.265647, 0.24, 0.76, 0.263883
1, 0.273636, 0.24, 0.76, 0.268905
1, 0.263355, 0.24, 0.76, 0.268529
1, 0.257598, 0.24, 0.76, 0.263568
1, 0.264153, 0.24, 0.76, 0.261428
1, 0.281708, 0.25, 0.75, 0.281532
1, 0.278675, 0.25, 0.75, 0.276462
1, 0.277975, 0.25, 0.75, 0.281554
1, 0.278406, 0.25, 0.75, 0.277992
1, 0.279665, 0.25, 0.75, 0.277873
1, 0.276747, 0.25, 0.75, 0.276892
1, 0.27538, 0.25, 0.75, 0.278404
1, 0.271388, 0.25, 0.75, 0.275165
1, 0.274086, 0.25, 0.75, 0.277467
1, 0.266517, 0.25, 0.75, 0.269779
1, 0.270417, 0.25, 0.75, 0.272833
1, 0.283165, 0.25, 0.75, 0.2816
1, 0.284203, 0.25, 0.75, 0.283061
1, 0.281674, 0.25, 0.75, 0.281856
1, 0.275504, 0.25, 0.75, 0.280126
1, 0.272883, 0.25, 0.75, 0.271654
1, 0.28154, 0.25, 0.75, 0.281613
1, 0.27075, 0.25, 0.75, 0.272889
1, 0.268551, 0.25, 0.75, 0.273795
1, 0.276332, 0.25, 0.75, 0.27508
1, 0.271263, 0.25, 0.75, 0.27434
1, 0.273178, 0.25, 0.75, 0.276008
1, 0.270052, 0.25, 0.75, 0.272417
1, 0.285582, 0.25, 0.75, 0.280172
1, 0.284469, 0.25, 0.75, 0.282474
1, 0.288, 0.26, 0.74, 0.283438
1, 0.302711, 0.26, 0.74, 0.296404
1, 0.287568, 0.26, 0.74, 0.287501
1, 0.291477, 0.26, 0.74, 0.293156
1, 0.284432, 0.26, 0.74, 0.289733
1, 0.28775, 0.26, 0.74, 0.289253
1, 0.291604, 0.26, 0.74, 0.288632
1, 0.288151, 0.26, 0.74, 0.284777
1, 0.289481, 0.26, 0.74, 0.295155
1, 0.29784, 0.26, 0.74, 0.294748
1, 0.28665, 0.26, 0.74, 0.285969
1, 0.305178, 0.26, 0.74, 0.300766
1, 0.286905, 0.26, 0.74, 0.289551
1, 0.290751, 0.26, 0.74, 0.28827
1, 0.293265, 0.26, 0.74, 0.291246
1, 0.2849, 0.26, 0.74, 0.284742
1, 0.290078, 0.26, 0.74, 0.289354
1, 0.283544, 0.26, 0.74, 0.287096
1, 0.296112, 0.26, 0.74, 0.292254
1, 0.291385, 0.26, 0.74, 0.284283
1, 0.290201, 0.26, 0.74, 0.291594
1, 0.286796, 0.26, 0.74, 0.287223
1, 0.289701, 0.26, 0.74, 0.291669
1, 0.294673, 0.26, 0.74, 0.28895
1, 0.289563, 0.26, 0.74, 0.289496
1, 0.286854, 0.27, 0.73, 0.295527
1, 0.302541, 0.27, 0.73, 0.298337
1, 0.297104, 0.27, 0.73, 0.299905
1, 0.303466, 0.27, 0.73, 0.305546
1, 0.290915, 0.27, 0.73, 0.300357
1, 0.317876, 0.27, 0.73, 0.314992
1, 0.300997, 0.27, 0.73, 0.299461
1, 0.303617, 0.27, 0.73, 0.303571
1, 0.295365, 0.27, 0.73, 0.295411
1, 0.301594, 0.27, 0.73, 0.303172
1, 0.3148, 0.27, 0.73, 0.308449
1, 0.309027, 0.27, 0.73, 0.309561
1, 0.292385, 0.27, 0.73, 0.296974
1, 0.294617, 0.27, 0.73, 0.292148
1, 0.308929, 0.27, 0.73, 0.312176
1, 0.301473, 0.27, 0.73, 0.301796
1, 0.302899, 0.27, 0.73, 0.300905
1, 0.289447, 0.27, 0.73, 0.29542
1, 0.294045, 0.27, 0.73, 0.294855
1, 0.29615, 0.27, 0.73, 0.298335
1, 0.294576, 0.27, 0.73, 0.296083
1, 0.300956, 0.27, 0.73, 0.302529
1, 0.301251, 0.27, 0.73, 0.299178
1, 0.296325, 0.27, 0.73, 0.298204
1, 0.306994, 0.27, 0.73, 0.30562
1, 0.306773, 0.28, 0.72, 0.315741
1, 0.314652, 0.28, 0.72, 0.315563
1, 0.317619, 0.28, 0.72, 0.316977
1, 0.315219, 0.28, 0.72, 0.314053
1, 0.319932, 0.28, 0.72, 0.316442
1, 0.321253, 0.28, 0.72, 0.317907
1, 0.313976, 0.28, 0.72, 0.313709
1, 0.317168, 0.28, 0.72, 0.314528
1, 0.312122, 0.28, 0.72, 0.314155
1, 0.315964, 0.28, 0.72, 0.316735
1, 0.309593, 0.28, 0.72, 0.31194
1, 0.319452, 0.28, 0.72, 0.313665
1, 0.310424, 0.28, 0.72, 0.310537
1, 0.317333, 0.28, 0.72, 0.319713
1, 0.315235, 0.28, 0.72, 0.314116
1, 0.326727, 0.28, 0.72, 0.323897
1, 0.318332, 0.28, 0.72, 0.313803
1, 0.306546, 0.28, 0.72, 0.311477
1, 0.315395, 0.28, 0.72, 0.311351
1, 0.307509, 0.28, 0.72, 0.311883
1, 0.324419, 0.28, 0.72, 0.317193
1, 0.313755, 0.28, 0.72, 0.309794
1, 0.32134, 0.28, 0.72, 0.315015
1, 0.316775, 0.28, 0.72, 0.31627
1, 0.319096, 0.28, 0.72, 0.319903
1, 0.341319, 0.29, 0.71, 0.329579
1, 0.330304, 0.29, 0.71, 0.328651
1, 0.335731, 0.29, 0.71, 0.335859
1, 0.322586, 0.29, 0.71, 0.325208
1, 0.332159, 0.29, 0.71, 0.329017
1, 0.328442, 0.29, 0.71, 0.32829
1, 0.327352, 0.29, 0.71, 0.330164
1, 0.328641, 0.29, 0.71, 0.327959
1, 0.313407, 0.29, 0.71, 0.322107
1, 0.31756, 0.29, 0.71, 0.325761
1, 0.327809, 0.29, 0.71, 0.325684
1, 0.328798, 0.29, 0.71, 0.323906
1, 0.324027, 0.29, 0.71, 0.323188
1, 0.325344, 0.29, 0.71, 0.326653
1, 0.327466, 0.29, 0.71, 0.328347
1, 0.33065, 0.29, 0.71, 0.326788
1, 0.323232, 0.29, 0.71, 0.326978
1, 0.321744, 0.29, 0.71, 0.324587
1, 0.322068, 0.29, 0.71, 0.32182
1, 0.327657, 0.29, 0.71, 0.324367
1, 0.324018, 0.29, 0.71, 0.325439
1, 0.329758, 0.29, 0.71, 0.33013
1, 0.328476, 0.29, 0.71, 0.328405
1, 0.325549, 0.29, 0.71, 0.322688
1, 0.323055, 0.29, 0.71, 0.324662
1, 0.344225, 0.3, 0.7, 0.341912
1, 0.34967, 0.3, 0.7, 0.344327
1, 0.337359, 0.3, 0.7, 0.337466
1, 0.340005, 0.3, 0.7, 0.338316
1, 0.327338, 0.3, 0.7, 0.333428
1, 0.343494, 0.3, 0.7, 0.338761
1, 0.341085, 0.3, 0.7, 0.337822
1, 0.335075, 0.3, 0.7, 0.339586
1, 0.343994, 0.3, 0.7, 0.341387
1, 0.336272, 0.3, 0.7, 0.332628
1, 0.337373, 0.3, 0.7, 0.340294
1, 0.330524, 0.3, 0.7, 0.333732
1, 0.346858, 0.3, 0.7, 0.348165
1, 0.347927, 0.3, 0.7, 0.341632
1, 0.346443, 0.3, 0.7, 0.344775
1, 0.337597, 0.3, 0.7, 0.338522
1, 0.340367, 0.3, 0.7, 0.344084
1, 0.344838, 0.3, 0.7, 0.345444
1, 0.344652, 0.3, 0.7, 0.341513
1, 0.344444, 0.3, 0.7, 0.339475
1, 0.350154, 0.3, 0.7, 0.349418
1, 0.343272, 0.3, 0.7, 0.343113
1, 0.345411, 0.3, 0.7, 0.341766
1, 0.346433, 0.3, 0.7, 0.340168
1, 0.344668, 0.3, 0.7, 0.341576
